Prime,Total,Type-1,Type-2,DivsChecked
1009,19,11,8,5615
1129,19,14,5,6459
1201,11,7,4,6977
1801,23,12,11,11467
2521,9,6,3,17305
2689,23,14,9,18691
3049,25,15,10,21743
3361,15,13,2,24489
3529,24,16,8,25949
3889,29,19,10,29157
4201,20,13,7,32059
4561,40,26,14,35369
4729,26,16,10,36925
5209,31,17,14,41461
5569,27,17,10,44913
5881,28,17,11,47975
6841,38,25,13,57455
7561,37,24,13,64765
7681,37,27,10,65929
8089,44,29,15,70131
8521,52,33,19,74599
8689,43,27,16,76369
8761,26,16,10,77133
8929,59,39,20,78897
9241,49,36,13,82233
9601,23,17,6,86003
9769,44,29,15,87797
10369,44,29,15,94219
150649,88,61,27,2131785
12049,45,30,15,112557
12289,36,18,18,115201
12601,27,17,10,118731
12721,40,27,13,120003
12889,50,32,18,121939
13441,49,35,14,128103
13729,35,23,12,131315
14281,39,27,12,137691
14401,26,13,13,138989
14449,49,31,18,139521
15121,51,35,16,147185
15241,51,35,16,148521
15289,58,35,23,149115
300721,131,83,48,4702317
150721,92,61,31,2133177
15649,52,37,15,153245
16249,46,31,15,160209
16921,40,27,13,168023
17761,66,41,25,177917
17929,75,50,25,179867
18169,65,44,21,182717
18481,41,26,15,186499
19009,61,41,20,192719
150889,118,82,36,2135775
19441,42,28,14,197893
450361,150,110,40,7448177
19489,57,40,17,198439
19609,46,30,16,199913
19681,52,29,23,200689
20161,46,31,15,206581
20521,23,14,9,210865
21001,58,39,19,216693
151201,107,66,41,2140977
300889,109,67,42,4705419
21121,44,27,17,218115
21169,37,19,18,218707
21529,42,29,13,223101
21841,26,15,11,226943
21961,46,29,17,228341
22129,65,40,25,230323
22369,55,40,15,233287
151561,74,49,25,2146695
23041,53,38,15,241501
23209,56,29,27,243563
23689,61,33,28,249553
24049,40,27,13,253991
24481,35,23,12,259341
151729,99,61,38,2149415
24889,56,36,20,264423
450529,140,101,39,7451375
25321,41,24,17,269805
301681,100,59,41,4719367
25561,70,47,23,272771
26041,42,27,15,278831
26161,47,28,19,280263
26209,55,37,18,280911
152041,126,80,46,2154569
26881,92,57,35,289295
27241,60,34,26,293847
27409,63,42,21,296061
750121,94,65,29,13286551
28081,60,36,24,304587
153001,83,53,30,2170193
28729,53,34,19,312869
28921,44,31,13,315201
303361,124,80,44,4749355
29401,41,27,14,321393
29569,68,46,22,323439
600289,162,92,70,10321663
29761,43,32,11,325993
153409,73,50,23,2176733
30241,51,35,16,332111
450601,144,96,48,7452449
900001,93,55,38,16327247
30529,65,43,22,335809
31081,44,31,13,342933
31249,47,31,16,345093
153841,76,60,16,2183647
32089,80,57,23,355857
1350001,100,73,27,25803989
303409,140,103,37,4750277
33049,57,43,14,368389
33289,56,38,18,371479
33601,59,34,25,375601
153889,122,81,41,2184481
1050169,231,156,75,19436961
33721,70,46,24,377121
33769,65,43,22,377781
33889,75,49,26,379299
33961,59,42,17,380241
154081,95,62,33,2187811
34129,107,68,39,382449
1500241,164,101,63,29061583
303529,179,124,55,4752263
451201,115,68,47,7463873
34729,67,44,23,390311
1200361,189,123,66,22601963
35281,43,26,17,397605
154681,90,56,34,2197305
35401,55,37,18,399125
35449,65,45,20,399767
1800121,171,128,43,35677265
35569,54,35,19,401381
35809,54,36,18,404501
154849,99,65,34,2200335
600601,101,70,31,10327987
36241,87,56,31,410187
304081,161,114,47,4762217
37321,66,46,20,424489
37489,49,34,15,426661
155521,83,50,33,2211091
38329,66,45,21,437853
39769,61,38,23,457031
750961,100,69,31,13303435
451249,141,91,50,7464941
39841,53,34,19,458075
155569,137,87,50,2211931
40009,71,52,19,460265
40609,73,51,22,468447
304609,200,131,69,4771701
40849,54,31,23,471601
155689,84,55,29,2213989
41161,79,47,32,475829
41281,66,44,22,477323
41521,71,47,24,480653
42169,53,34,19,489341
156241,88,62,26,2223059
1650601,146,96,50,32361165
42841,98,64,34,498621
600889,122,74,48,10333367
305209,133,92,41,4782461
42961,53,38,15,500121
451441,121,78,43,7468481
900169,126,85,41,16330451
43201,65,43,22,503395
156361,97,60,37,2224787
2400001,228,156,72,49288747
43801,62,40,22,511487
43969,50,30,20,513821
44041,93,58,35,514781
156601,97,66,31,2228807
44641,34,21,13,522917
1350049,181,121,60,25804895
305281,128,82,46,4783775
44809,82,62,20,525167
157081,84,56,28,2236831
45361,74,46,28,532773
45481,92,62,30,534305
2700121,188,131,57,56256031
46489,58,36,22,548169
451609,103,76,27,7471495
1950649,182,125,57,39049237
158209,130,94,36,2255039
47041,47,32,15,555773
1050961,157,101,56,19453641
47161,55,34,21,557477
600961,80,54,26,10334669
305449,122,78,44,4786763
47569,81,55,26,562985
158449,75,49,26,2258997
751321,129,87,42,13310431
47881,52,34,18,567397
48049,44,24,20,569661
2100001,163,106,57,42424727
158761,87,54,33,2264259
48409,56,38,18,574565
48889,52,38,14,581187
305761,108,64,44,4792377
49009,69,47,22,582853
451921,146,102,44,7477447
158881,134,91,43,2266083
1200889,155,97,58,22613147
49081,76,50,26,583933
49681,64,41,23,592185
159721,75,53,22,2279913
49921,51,28,23,595485
50929,95,64,31,609481
1800961,226,152,74,35696105
306049,127,90,37,4797351
51241,80,48,32,613803
601801,116,74,42,10351539
159769,69,45,24,2280693
51361,56,39,17,615591
51769,48,29,19,621189
52081,69,54,15,625529
452041,201,138,63,7479619
160441,78,48,30,2291693
900481,162,96,66,16336935
52201,86,59,27,627221
306121,158,108,50,4798521
52249,76,46,30,627839
160969,90,59,31,2300351
52369,59,34,25,629523
2550601,160,114,46,52773261
52609,88,62,26,632779
53089,56,40,16,639513
161281,52,37,15,2305403
53281,100,62,38,642263
1350889,191,134,57,25822993
307129,99,64,35,4816703
751921,156,104,52,13322563
53881,43,26,17,650623
453289,112,81,31,7503267
161569,92,62,30,2310081
54049,95,60,35,652947
54121,41,26,15,654081
1500409,131,86,45,29065213
161641,107,73,34,2311181
54601,88,52,36,660863
54721,88,60,28,662489
307609,126,80,46,4825313
55441,72,45,27,672703
2851081,174,116,58,59795507
162289,89,58,31,2321975
601969,97,58,39,10354455
1051009,146,102,44,19454505
55609,70,44,26,674887
56401,74,53,21,686123
162649,117,68,49,2327803
453601,105,70,35,7509333
56569,116,82,34,688441
56809,68,45,23,691923
307969,151,90,61,4831631
2250649,176,123,53,45858421
163129,128,87,41,2335849
57241,66,47,19,697939
57649,68,43,25,703695
58129,73,52,21,710495
1650769,178,115,63,32364837
163249,73,49,24,2337767
58321,59,44,15,713327
308569,103,71,32,4842587
58921,47,30,17,721779
453889,151,108,43,7514259
163321,97,64,33,2338853
900649,183,125,58,16340379
1201201,119,80,39,22620239
59809,73,43,30,734487
2400169,178,119,59,49292791
59929,43,26,17,736085
602401,149,100,49,10362955
164089,77,55,22,2351621
751969,94,56,38,13323457
60169,82,56,26,739595
308641,122,83,39,4843811
60601,64,42,22,745711
164809,116,76,40,2363411
60649,87,55,32,746473
1801489,163,101,62,35707511
61441,69,42,27,757683
453961,129,89,40,7515871
61609,73,52,21,760105
165001,110,69,41,2366725
1351249,166,102,64,25830541
61681,51,30,21,761083
308809,141,93,48,4846801
63361,54,32,22,785257
165601,96,60,36,2376481
63841,65,45,20,792185
604249,110,74,36,10398997
64849,60,44,16,806581
166609,96,65,31,2393089
64969,94,69,25,808249
309121,105,75,30,4852289
1500529,201,147,54,29067637
454609,82,56,26,7528163
1951321,177,121,56,39064881
65521,56,38,18,816423
166849,104,66,38,2396979
65809,87,57,30,820547
1051849,186,132,54,19472169
65881,79,50,29,821507
167329,94,55,39,2404977
66361,65,46,19,828521
309241,117,78,39,4854303
66529,38,28,10,830885
167449,84,57,27,2406837
752809,170,117,53,13340449
66721,76,54,22,833625
454969,66,49,17,7534841
66889,67,50,17,836019
901009,153,103,50,16348035
604801,111,76,35,10409905
167521,67,52,15,2407905
2100121,148,114,34,42427517
67369,37,27,10,843119
67489,74,49,25,844721
169009,63,44,19,2432527
68041,76,50,26,852821
309289,122,79,43,4855299
2700601,200,147,53,56267169
68161,69,48,21,854477
169129,81,50,31,2434615
68209,81,52,29,855233
455401,144,99,45,7543109
68329,82,57,25,856985
1201489,166,130,36,22625931
169369,112,72,40,2438595
68881,74,43,31,865013
1351921,164,105,59,25845027
605329,157,98,59,10419949
69001,60,44,16,866633
169681,94,66,28,2443737
70009,52,38,14,881365
309481,90,60,30,4858773
70249,58,36,22,884851
170641,68,48,20,2459515
1802641,180,121,59,35733551
70729,95,61,34,891925
455809,135,94,41,7550465
70849,68,48,20,893631
170689,88,59,29,2460301
752929,101,64,37,13342681
70921,105,69,36,894615
310081,94,60,34,4869705
1650889,131,92,39,32367375
170809,127,84,43,2462239
71089,90,62,28,897177
71569,50,31,19,904109
605641,77,52,25,10426141
1052041,125,87,38,19476201
170881,150,100,50,2463457
71761,87,59,28,906965
456241,133,92,41,7558649
901441,143,106,37,16356615
73369,109,65,44,930589
310129,107,73,34,4870539
2400841,126,91,35,49308313
171049,143,97,46,2466355
73609,74,41,33,934045
1500769,119,82,37,29072767
74209,72,42,30,942781
171481,94,61,33,2473405
74449,72,52,20,946327
310489,77,51,26,4876813
2551249,172,121,51,52788579
74761,98,66,32,950985
171529,96,68,28,2474079
456409,201,127,74,7561957
74929,104,71,33,953349
75289,81,51,30,958691
171889,89,49,40,2480165
310801,128,88,40,4882651
75721,66,46,20,965111
605809,166,116,50,10429303
1352521,142,98,44,25858099
172321,100,70,30,2487395
76129,76,52,24,971053
753001,167,115,52,13344187
76441,37,28,9,975801
172489,83,56,27,2490095
456649,184,126,58,7566343
76561,62,41,21,977469
1201729,148,105,43,22631013
310969,134,92,42,4885441
76801,57,39,18,980865
172561,92,62,30,2491349
77569,106,71,35,992383
77641,76,43,33,993423
173209,88,59,29,2502061
311329,154,99,55,4892167
78121,69,46,23,1000663
1951441,262,188,74,39067191
901489,99,66,33,16357635
458929,138,97,41,7609337
174049,119,85,34,2516075
78241,79,55,24,1002325
1803001,178,117,61,35741687
2851249,208,145,63,59799299
78649,97,65,32,1008341
1052881,158,106,52,19493551
312601,84,55,29,4914561
174169,90,54,36,2517815
79801,66,41,25,1025595
80329,65,44,21,1033137
174241,50,35,15,2519123
80761,93,64,29,1039663
459169,147,96,51,7613819
80809,46,26,20,1040393
312841,90,62,28,4919043
754489,170,111,59,13374079
1501081,135,95,40,29079799
174721,89,58,31,2527157
80929,93,70,23,1042157
606649,108,72,36,10446079
81001,114,80,34,1043273
2701969,196,127,69,56299293
175081,88,52,36,2533027
2100841,192,134,58,42443813
2251201,167,115,52,45871135
81649,105,67,38,1052973
313009,105,73,32,4921887
1352761,155,105,50,25863373
81769,74,46,28,1054611
176089,63,47,16,2549897
1651609,170,125,45,32382819
82009,66,42,24,1058345
459649,107,72,35,7622789
82609,92,68,24,1067137
176401,49,33,16,2555133
313321,125,76,49,4927899
83449,47,32,15,1079729
176521,113,73,40,2557025
83689,62,39,23,1083263
902281,169,112,57,16373781
1202041,148,113,35,22638165
84121,77,52,25,1089773
177409,102,63,39,2571747
459841,135,97,38,7626619
84961,96,62,34,1102409
2401561,243,171,72,49325101
85009,50,31,19,1103147
177601,111,76,35,2574789
755329,101,60,41,13390789
313849,113,81,32,4936997
607681,135,94,41,10466085
85201,80,53,27,1106023
178249,91,58,33,2585735
1053361,133,88,45,19504021
85369,76,52,24,1108445
86209,90,57,33,1121265
460609,184,133,51,7641259
178441,102,61,41,2588879
86689,80,54,26,1128341
314161,70,50,20,4943039
87049,42,27,15,1133837
178609,107,71,36,2591699
87481,38,25,13,1140261
1501369,159,119,40,29085781
178921,79,55,24,2596857
87649,81,50,31,1142731
608161,86,59,27,10475367
1803169,198,126,72,35745419
1353241,159,116,43,25873855
87721,72,51,21,1143793
461521,114,77,37,7658169
179041,81,53,28,2598789
314329,162,115,47,4945721
88321,49,35,14,1152895
88729,88,65,23,1159005
902449,155,98,57,16377129
179089,81,51,30,2599623
89041,98,66,32,1163811
755449,137,91,46,13393405
89209,106,67,39,1166361
179209,85,56,29,2601567
461689,182,120,62,7661367
315361,104,75,29,4964399
89329,93,64,29,1168161
1951489,219,150,69,39068259
608521,165,112,53,10482153
179281,105,72,33,2602827
90001,83,51,32,1178233
2551369,147,100,47,52791219
90841,76,53,23,1190875
1202329,160,114,46,22644045
180289,135,86,49,2619751
91009,91,66,25,1193491
315529,158,97,61,4967129
91081,70,43,27,1194661
181609,107,70,37,2641755
462361,153,94,59,7674089
1053529,168,113,55,19507195
91249,87,58,29,1197035
1651801,266,186,80,32386977
181729,81,50,31,2643619
91921,80,53,27,1207263
609289,160,105,55,10497483
92401,40,26,14,1214691
315961,115,80,35,4974855
182641,137,92,45,2658735
92569,54,34,20,1217111
462529,151,98,53,7677181
92761,73,46,27,1220051
1354081,129,80,49,25892149
756289,182,123,59,13410317
183289,116,83,33,2669641
93241,107,71,36,1227431
2101129,222,140,82,42450581
184081,86,57,29,2682839
93529,88,60,28,1231837
316201,124,84,40,4979307
93601,54,32,22,1232845
1501441,167,118,49,29087161
609361,116,73,43,10499079
184321,97,69,28,2686961
94201,82,41,41,1241987
2402089,277,187,90,49337083
462841,104,61,43,7683071
902521,105,72,33,16378935
2251369,236,153,83,45874753
94441,60,48,12,1245563
184489,147,101,46,2689865
316681,138,91,47,4988107
95089,78,56,22,1255487
184969,68,40,28,2697881
95881,99,59,40,1267529
2851921,143,103,40,59814937
2702449,247,165,82,56310189
95929,100,64,36,1268253
463849,70,46,24,7702007
185089,96,59,37,2699633
1202569,181,128,53,22648719
96289,94,60,34,1273643
610681,139,98,41,10524833
316801,102,65,37,4990081
756961,150,103,47,13423631
96601,82,56,26,1278635
185161,113,77,36,2700923
96769,62,40,22,1281053
1054201,174,115,59,19521607
185641,66,42,24,2709125
97441,68,47,21,1291375
464521,95,69,26,7715309
97561,62,34,28,1293081
317209,100,73,27,4997327
186481,82,48,34,2723121
1355089,180,109,71,25913217
97609,93,60,33,1293849
97729,72,51,21,1295677
903841,102,61,41,16406015
610801,110,80,30,10527221
186601,92,64,28,2724963
1804321,117,84,33,35770925
98641,87,52,35,1309595
186649,105,72,33,2725727
318889,147,96,51,5027759
464809,169,120,49,7720275
98809,82,53,29,1312245
1952449,158,111,47,39089489
99241,89,57,32,1318893
186841,94,65,29,2729105
1501921,135,84,51,29098369
1652569,130,93,37,32404911
99289,71,42,29,1319547
757201,131,91,40,13428455
187009,67,43,24,2731925
99409,82,57,25,1321425
319201,78,56,22,5033501
610849,143,100,43,10528193
99961,59,35,24,1330097
465529,107,78,29,7734047
187441,97,64,33,2739047
100129,83,48,35,1332663
100801,71,47,24,1342921
188281,95,63,32,2753149
1202881,88,67,21,22655799
319321,93,66,27,5035493
101089,90,53,37,1347241
189169,140,93,47,2768093
101161,70,49,21,1348323
465649,151,100,51,7736213
101641,66,45,21,1355773
189361,112,73,39,2771189
610969,205,143,62,10530113
1054321,120,87,33,19523905
1355281,157,101,56,25917135
101929,64,42,22,1360135
319489,79,49,30,5038379
189529,116,82,34,2773997
2251489,172,125,47,45877869
904201,128,95,33,16413599
102001,61,41,20,1361209
2551441,209,146,63,52792713
2402401,141,92,49,49344745
758041,156,110,46,13445573
102481,56,31,25,1368573
465721,126,88,38,7737533
189961,107,71,36,2781307
102769,91,66,25,1373103
319729,106,65,41,5042525
190129,74,47,27,2784095
102841,102,65,37,1374225
611641,141,101,40,10543481
103681,78,48,30,1387001
190369,112,77,35,2788205
1502041,229,151,78,29100727
104161,56,37,19,1394581
466201,153,98,55,7746803
104281,77,44,33,1396327
191689,68,46,22,2810223
320041,127,88,39,5048303
105361,95,63,32,1413119
2702809,199,139,60,56319449
192529,115,76,39,2824405
105529,105,63,42,1415609
466321,147,90,57,7748933
106129,76,52,24,1424869
2101681,170,118,52,42462893
192889,99,67,32,2830477
320209,149,101,48,5051259
106681,108,69,39,1433543
758521,125,70,55,13455131
612049,95,65,30,10551383
1203841,95,66,29,22675985
193201,77,54,23,2835895
1653409,201,132,69,32422563
106801,92,67,25,1435327
1355449,193,136,57,25920735
107209,93,68,25,1441681
194569,70,46,24,2858617
1054369,117,83,34,19525015
466369,133,90,43,7749719
107641,55,39,16,1448411
320329,82,55,27,5053395
1804489,179,133,46,35774429
195049,120,75,45,2866859
1952689,202,139,63,39094673
107881,60,40,20,1452111
904369,176,120,56,16416809
108529,92,63,29,1462151
195241,87,60,27,2870011
108649,89,59,30,1464037
320401,72,47,25,5054767
612481,97,65,32,10559945
466561,125,75,50,7753181
2852809,172,127,45,59835673
196081,108,71,37,2884113
109201,77,50,27,1472669
109321,95,64,31,1474403
1502209,154,105,49,29104345
196561,58,41,17,2892429
760321,128,83,45,13490941
110161,99,66,33,1487631
321169,116,74,42,5068411
196681,84,55,29,2894349
110569,94,68,26,1493853
466729,178,128,50,7756585
110881,70,46,24,1498805
2251729,208,142,66,45883287
197089,107,66,41,2901063
111049,55,31,24,1501283
612649,169,125,44,10563373
321721,84,52,32,5078469
111409,83,54,29,1506915
197521,56,37,19,2908407
2402761,275,190,85,49352303
1355881,210,150,60,25930101
1055881,157,105,52,19556971
1204561,142,103,39,22691373
111721,109,70,39,1511809
467209,148,102,46,7765799
197569,96,60,36,2909329
112249,70,45,25,1519957
321889,152,96,56,5081493
112921,65,46,19,1530447
197689,115,80,35,2911321
113089,77,52,25,1532997
760489,129,90,39,13494383
198241,105,71,34,2920585
467329,123,86,37,7768025
113761,113,82,31,1543529
612889,159,100,59,10567843
322009,90,65,25,5083659
114601,113,79,34,1556765
198409,106,68,38,2923461
1654921,160,103,57,32456161
114769,69,49,20,1559423
198529,94,71,23,2925417
115201,45,27,18,1566049
904681,201,138,63,16423397
1502929,183,128,55,29120149
467881,170,112,58,7778609
2552041,263,183,80,52807185
322249,103,67,36,5088083
198769,75,46,29,2929569
115249,84,59,25,1566775
2704129,216,135,81,56350029
614041,148,96,52,10590479
116041,77,47,30,1579151
2101849,174,116,58,42466541
199081,106,69,37,2934991
116089,85,52,33,1579913
1056049,166,121,45,19559983
1356721,214,142,72,25948761
116881,102,67,35,1592413
199921,103,72,31,2948985
468001,140,90,50,7780703
760561,158,111,47,13496071
322849,115,81,34,5098923
116929,131,90,41,1593181
200041,82,52,30,2950903
1953001,174,129,45,39102455
117721,87,58,29,1605549
1204681,168,108,60,22693851
614569,159,112,47,10600901
117889,90,60,30,1608291
1804609,170,120,50,35777381
200881,130,92,38,2965175
468049,166,94,72,7781501
118801,45,29,16,1622597
322921,61,36,25,5100183
200929,70,50,20,2965913
119569,103,72,31,1634647
119809,92,65,27,1638413
201049,98,68,30,2967981
2252161,153,103,50,45893079
904801,160,123,37,16425833
120121,58,38,20,1643477
324361,138,95,43,5126393
468241,133,84,49,7784999
201121,129,88,41,2969223
121081,55,35,20,1658483
614881,128,86,42,10606787
760729,194,133,61,13499215
121321,89,53,36,1662253
201769,124,88,36,2980077
2403361,151,100,51,49366517
1503049,222,157,65,29122447
121921,117,81,36,1671611
324529,154,106,48,5129105
201889,107,78,29,2982021
1056169,151,104,47,19562599
468841,127,86,41,7796321
122761,87,54,33,1684977
1357129,140,83,57,25957437
201961,86,56,30,2983563
122929,65,41,24,1687653
615721,137,85,52,10623287
1655089,237,163,74,32460277
202129,73,48,25,2986365
123001,119,79,40,1688811
325081,75,42,33,5139241
123169,104,69,35,1691335
468889,129,97,32,7797239
202441,129,88,41,2991473
2853001,275,178,97,59840605
123601,85,55,30,1698237
202729,135,89,46,2996329
905209,227,145,82,16433933
124489,90,60,30,1712415
325201,152,105,47,5141059
761161,164,115,49,13508053
616729,136,99,37,10642999
125329,71,47,24,1725539
203449,97,61,36,3008485
469009,129,83,46,7799603
1204729,145,99,46,22694841
126001,135,81,54,1736317
203569,118,77,41,3010565
126961,68,41,27,1751363
325249,133,89,44,5142025
203641,82,52,30,3011915
127681,71,44,27,1762865
2704969,212,141,71,56369313
469561,91,62,29,7810241
203809,149,92,57,3014615
1503721,156,107,49,29137247
616849,134,86,48,10645219
127849,102,67,35,1765511
1056241,211,138,73,19564015
1357561,120,88,32,25966851
325921,163,111,52,5154235
204481,106,79,27,3026013
128521,91,55,36,1776393
129049,121,83,38,1784539
205081,164,109,55,3036187
1953529,185,127,58,39113855
1805521,154,100,54,35797703
762001,124,92,32,13524813
469849,127,86,41,7815425
2252209,195,135,60,45893889
129361,61,40,21,1789693
205129,88,53,35,3037207
906481,128,83,45,16459869
326449,157,108,49,5163833
617401,119,72,47,10656357
129529,77,55,22,1792231
206641,60,43,17,3062685
130201,94,54,40,1802991
2102809,248,184,64,42488663
470089,106,63,43,7819925
2552449,208,151,57,52815897
207169,111,68,43,3071601
130369,111,75,36,1805589
326881,91,56,35,5171497
2405089,196,130,66,49406089
130489,133,93,40,1807415
207481,92,60,32,3077219
617521,129,84,45,10658361
130729,97,61,36,1811309
1205089,181,109,72,22702347
207769,93,58,35,3081859
470521,122,81,41,7828031
1655809,150,99,51,32475931
131041,54,32,22,1816349
327289,120,80,40,5178945
762049,118,79,39,13525739
208009,175,117,58,3085935
1357729,196,131,65,25970175
132001,73,50,23,1831475
1056721,128,92,36,19574363
1503961,206,142,64,29142315
208441,105,64,41,3093249
132049,85,51,34,1832273
470689,173,114,59,7831261
617689,185,129,56,10661805
906649,134,85,49,16463481
208489,146,92,54,3093999
132169,109,80,29,1834339
327721,90,62,28,5186763
132241,83,50,33,1835389
208609,127,84,43,3095967
132409,74,52,22,1838099
471241,52,35,17,7842127
209449,132,89,43,3110555
327889,82,57,25,5189697
132721,46,30,16,1843075
210169,84,57,27,3122593
617761,111,78,33,10663449
134089,135,91,44,1864917
762241,177,118,59,13529411
210361,139,100,39,3125823
134401,58,35,23,1869907
471769,130,80,50,7851877
328129,117,70,47,5194081
210961,52,33,19,3136203
135241,95,63,32,1883329
2705641,150,96,54,56385137
2253169,288,203,85,45915759
1357801,170,114,56,25971807
135409,97,61,36,1885945
211129,103,70,33,3139113
1206529,122,72,50,22733193
618361,114,87,27,10674869
1057249,162,103,59,19584923
1806001,171,122,49,35808383
472249,155,107,48,7861003
135601,88,57,31,1889003
907321,158,112,46,16477635
329281,111,69,42,5214957
1504609,197,128,69,29157021
211369,100,70,30,3143049
137089,113,68,45,1913017
211681,101,70,31,3148361
137209,102,71,31,1914869
1954369,131,79,52,39133175
762409,187,122,65,13532927
472369,161,114,47,7863163
329401,89,67,22,5216967
211801,127,77,50,3150281
138289,150,104,46,1932121
2405209,173,121,52,49408987
2853481,173,124,49,59851951
619921,97,66,31,10705367
138889,88,58,30,1941953
1656169,202,146,56,32483767
211969,94,60,34,3153203
139609,119,78,41,1953463
330241,144,100,44,5232079
212209,149,94,55,3157151
472921,116,76,40,7873693
139729,106,71,35,1955347
212881,105,72,33,3168711
139801,113,72,41,1956451
2105209,235,155,80,42542993
620929,109,68,41,10725043
907369,158,102,56,16478547
139969,69,43,26,1959225
330289,151,108,43,5232949
213361,106,73,33,3177063
473089,105,74,31,7876651
140281,93,54,39,1964403
762721,125,86,39,13539443
1357969,200,154,46,25975417
213481,110,83,27,3178915
140401,68,48,20,1966185
1057561,175,117,58,19591685
1504801,101,67,34,29161275
330409,136,90,46,5235367
1206769,206,133,73,22738461
213649,111,73,38,3181951
2552761,147,103,44,52823909
140449,48,34,14,1967029
621289,170,120,50,10732175
473761,128,89,39,7889561
141121,71,50,21,1977847
213721,132,82,50,3183073
141241,92,60,32,1979695
331081,92,55,37,5247411
214561,86,60,26,3197411
141481,94,59,35,1983653
2253409,172,113,59,45921615
214729,71,47,24,3200273
473929,103,70,33,7892705
141649,86,55,31,1986307
763921,125,86,39,13563429
621721,146,103,43,10740791
331249,119,77,42,5250483
215161,110,78,32,3207617
141961,92,63,29,1991473
1806361,205,150,55,35816015
142969,66,47,19,2007483
215329,106,74,32,3210441
474049,77,52,25,7895291
2705761,201,130,71,56387735
907561,111,72,39,16482519
143329,108,76,32,2013405
331489,128,88,40,5254645
216841,80,59,21,3236403
1358281,124,88,36,25982347
1656649,146,108,38,32494439
144169,72,48,24,2026855
621769,127,87,40,10741727
217081,106,66,40,3240387
144481,59,32,27,2031987
2405881,95,65,30,49424665
474289,141,86,55,7899245
1057681,169,95,74,19594079
331801,122,85,37,5260447
1207249,164,117,47,22748601
217561,98,75,23,3248689
145009,110,79,31,2040567
1504969,218,146,72,29164389
145441,87,53,34,2047491
764089,147,102,45,13566987
217681,83,54,29,3250783
622129,170,118,52,10748609
145681,128,84,44,2051283
331921,159,108,51,5262463
474769,137,90,47,7908411
217849,125,89,36,3253583
146161,99,62,37,2059191
218401,108,72,36,3263093
146449,121,86,35,2063745
908041,161,108,53,16492405
332161,105,70,35,5266877
218521,71,50,21,3265079
146521,100,69,31,2065053
475441,85,57,28,7921515
622561,122,83,39,10757189
147289,99,58,41,2077433
218761,111,73,38,3268949
1358809,124,79,45,25993639
148201,66,44,22,2092231
332641,74,50,24,5275679
1955521,219,142,77,39158563
219361,102,68,34,3279363
764521,157,116,41,13575735
475729,95,66,29,7926909
149521,101,64,37,2113639
2105329,206,135,71,42545591
2253721,264,180,84,45928821
1059769,135,84,51,19637669
219409,79,50,29,3280077
2853601,137,81,56,59854651
149689,76,48,28,2116351
1207441,132,95,37,22752771
622729,124,81,43,10760549
333769,141,89,52,5296023
219529,119,86,33,3282491
1506121,208,144,64,29189741
476401,122,82,40,7939361
220369,113,75,38,3296601
1806841,138,96,42,35827271
1656841,161,106,55,32498507
908881,115,80,35,16509293
334681,107,71,36,5312543
221209,124,82,42,3311035
2553289,230,170,60,52835957
764689,173,116,57,13578933
623281,97,67,30,10771511
477409,109,67,42,7958711
221281,85,57,28,3312277
335161,114,71,43,5321201
2706169,218,158,60,56397245
222289,123,88,35,3329353
1360081,195,136,59,26020953
2405929,168,111,57,49425691
222601,119,81,38,3334897
478129,129,88,41,7972109
1060201,137,97,40,19646953
335281,102,75,27,5323295
623401,120,84,36,10773917
223129,92,68,24,3343887
765241,88,59,29,13590205
223441,121,78,43,3349329
1208089,108,71,37,22766597
909241,126,80,46,16517063
478321,163,111,52,7975923
335449,71,45,26,5326169
223969,79,56,23,3358347
623641,172,106,66,10778255
1506649,119,75,44,29201309
224401,79,45,34,3365757
335689,111,71,40,5330621
478801,97,68,29,7985349
224449,116,77,39,3366535
2253841,248,174,74,45931323
224569,96,63,33,3368581
1360921,148,101,47,26039613
765409,139,96,43,13593637
336121,137,91,46,5338379
1955641,187,126,61,39160981
624241,95,67,28,10790129
479761,125,84,41,8003281
1060249,140,87,53,19647637
225241,80,51,29,3380063
1657441,197,139,58,32511629
909409,219,153,66,16520057
225289,53,41,12,3380807
336361,84,53,31,5342827
480169,135,89,46,8010853
225961,97,71,26,3392449
2105881,220,151,69,42558297
226129,100,63,37,3395413
336529,182,125,57,5345751
766369,126,89,37,13612833
227089,109,74,35,3412023
1208209,167,110,57,22769027
481009,141,85,56,8026823
1807129,130,79,51,35833769
624649,116,58,58,10797959
1507321,189,121,68,29216009
2406121,155,103,52,49430409
336961,74,51,23,5353563
228601,126,88,38,3437813
1361089,156,108,48,26042859
228841,129,82,47,3441923
1060441,227,151,76,19651891
481489,174,107,67,8035771
909889,170,111,59,16530119
2706481,209,158,51,56405075
766609,155,100,55,13617639
337201,179,126,53,5357819
229321,88,46,42,3450389
2854321,232,147,85,59871673
2553601,185,126,59,52843103
229681,62,42,20,3456419
481681,137,95,42,8039447
337369,148,95,53,5361071
1955809,191,138,53,39165373
229849,58,37,21,3459201
767089,135,93,42,13627153
1209121,118,72,46,22788533
230281,83,60,23,3466845
624961,115,74,41,10804479
481849,117,70,47,8042687
337681,91,61,30,5366781
230449,133,89,44,3469481
1657609,206,141,65,32515229
910561,160,110,50,16543835
231001,75,47,28,3479315
1507921,216,151,65,29228969
1061881,245,163,82,19681625
1361809,187,126,61,26058249
482281,138,87,51,8050825
337969,101,62,39,5371765
231169,90,55,35,3482039
625129,206,143,63,10807419
767761,134,89,45,13640781
231289,115,75,40,3484003
339049,92,62,30,5391527
482689,97,62,35,8058769
2254729,163,106,57,45951939
231529,96,66,30,3488179
1209889,197,123,74,22804535
625489,153,101,52,10814409
231841,103,69,34,3493759
339649,129,86,43,5402379
767881,114,84,30,13643103
2107849,209,144,65,42603045
2406289,224,154,70,49433763
483289,103,71,32,8070139
231961,86,69,17,3495665
910849,116,82,34,16549541
232129,145,96,49,3498629
340201,90,54,36,5412387
1807969,145,108,37,35852573
1062121,151,96,55,19686971
625969,128,100,28,10823787
1361929,173,117,56,26060793
232681,97,68,29,3508219
484129,125,92,33,8086099
1508929,151,107,44,29250981
340321,106,69,37,5414355
2706601,255,182,73,56408027
232801,137,95,42,3510181
768049,203,138,65,13646415
1956049,194,124,70,39170599
233641,93,56,37,3524749
484201,118,76,42,8087335
1210441,198,145,53,22816513
340369,128,82,46,5415645
626761,153,108,45,10839375
1658161,199,139,60,32527877
911089,92,61,31,16555043
233689,84,59,25,3525475
233881,126,80,46,3528883
341041,127,81,46,5427755
484369,158,114,44,8090215
234361,77,47,30,3537271
626809,143,97,46,10840521
769729,130,82,48,13680331
2554129,182,122,60,52855227
234529,111,77,34,3539941
341569,151,102,49,5437189
1363321,188,122,66,26091017
485041,173,116,57,8103043
234721,97,64,33,3543211
1062601,111,75,36,19697387
2854609,193,137,56,59878723
1509841,196,134,62,29270895
911689,130,95,35,16566893
235369,96,62,34,3554311
342049,120,80,40,5445883
626929,136,88,48,10842687
1210609,115,75,40,22819919
770281,174,120,54,13691563
485209,145,106,39,8106493
235489,124,82,42,3556423
2406721,213,144,69,49443945
342241,78,50,28,5449453
236209,101,71,30,3568999
1808041,183,117,66,35854055
2254849,179,127,52,45954465
485689,142,91,51,8115523
627169,87,52,35,10847331
236329,66,46,20,3571045
2108089,142,91,51,42608637
342841,87,55,32,5460339
770401,169,115,54,13693705
236881,108,67,41,3580727
1363489,163,109,54,26094587
486481,115,78,37,8130459
237409,121,80,41,3589765
1659169,202,141,61,32550001
912409,117,76,41,16581529
238009,107,73,34,3600157
1210801,200,136,64,22824077
627481,169,120,49,10853681
1063441,95,66,29,19714591
342889,125,77,48,5461119
2706841,145,104,41,56413187
1510321,188,126,62,29281591
486721,91,60,31,8135043
238081,85,61,24,3601329
770449,114,72,42,13694893
1956481,150,105,45,39180251
238681,73,48,25,3611905
627841,158,101,57,10860467
238729,91,58,33,3612799
487489,152,102,50,8149451
343081,129,91,38,5464597
238921,154,99,55,3615925
913441,173,108,65,16602943
770641,130,88,42,13698835
239521,126,83,43,3626249
343561,103,62,41,5473379
628681,115,80,35,10877297
1364161,174,117,57,26109017
1211281,192,129,63,22834199
239689,102,61,41,3629045
487561,150,97,53,8150939
239929,150,97,53,3633119
345601,71,52,19,5510359
1063561,146,100,46,19716907
240769,89,50,39,3647725
1510489,186,125,61,29284921
629281,107,74,33,10888969
1809481,213,160,53,35885905
2554561,173,129,44,52865289
2406769,183,119,64,49445073
241249,110,80,30,3656271
345769,158,106,52,5513179
1661641,189,135,54,32604541
241441,117,77,40,3659523
913921,145,101,44,16613173
488161,128,90,38,8162509
771289,146,98,48,13711693
2108401,227,139,88,42615897
241921,72,47,25,3667869
346201,149,103,46,5521211
2255089,118,91,27,45960051
629449,136,98,38,10892133
1212121,149,101,48,22852529
2855161,212,153,59,59891821
242449,72,45,27,3676933
488209,180,126,54,8163331
346369,123,93,30,5524355
243121,106,73,33,3688673
771481,166,99,67,13715497
346441,135,86,49,5525519
243769,114,77,37,3699775
629689,116,83,33,10896765
488329,114,63,51,8165635
1063609,183,116,67,19718017
243889,130,90,40,3701839
1956529,149,97,52,39181379
1510681,173,113,60,29289025
347041,126,87,39,5536487
1364329,207,132,75,26112813
914041,191,142,49,16615511
2707321,192,135,57,56424575
244129,93,62,31,3705945
488401,78,43,35,8167237
347209,98,67,31,5539679
771961,133,93,40,13725321
630169,114,71,43,10906223
244561,114,87,27,3713715
1212241,176,121,55,22854725
246121,127,73,54,3740745
347929,113,78,35,5552811
489001,149,99,50,8178307
246241,74,54,20,3742815
630529,109,72,37,10913403
348769,113,69,44,5568059
772081,170,110,60,13727433
246289,115,70,45,3743589
489241,117,76,41,8183185
2408281,223,150,73,49479839
1809529,156,101,55,35887303
247249,140,97,43,3760341
1662361,133,97,36,32620231
348889,116,77,39,5570099
1063729,169,123,46,19720657
914449,204,137,67,16623555
248089,105,68,37,3774749
1511329,209,130,79,29303173
630841,135,92,43,10919583
349729,149,107,42,5585191
1212649,188,132,56,22863191
489409,180,117,63,8186263
248161,83,60,23,3776057
772921,162,103,59,13744413
248641,105,61,44,3784505
349801,76,51,25,5586775
1365289,157,98,59,26133267
490249,123,76,47,8202097
631681,138,90,48,10936035
250441,118,85,33,3815699
2108521,264,176,88,42618237
350281,127,77,50,5595487
250489,131,90,41,3816665
774001,172,107,65,13766095
2255569,175,121,54,45971127
350809,172,119,53,5604989
490849,154,106,48,8213629
250681,119,76,43,3819877
915049,144,94,50,16636227
2554729,229,159,70,52868829
632041,103,68,35,10942987
252001,76,52,24,3843115
1957321,159,110,49,39198773
1213081,154,108,46,22872323
1063969,107,80,27,19725691
351121,96,60,36,5610939
2707489,194,141,53,56428601
490921,172,119,53,8214979
252169,110,61,49,3845949
774601,130,84,46,13778253
1511449,158,93,65,29305747
351289,60,36,24,5613881
252289,116,74,42,3848007
632209,143,94,49,10946275
492409,93,57,36,8243169
253369,81,44,37,3866943
352081,143,94,49,5628251
2856001,132,89,43,59910937
1664569,242,162,80,32669203
253681,114,75,39,3872245
2408569,183,122,61,49486529
1810561,132,88,44,35910391
915601,179,114,65,16647537
775441,205,141,64,13795479
352249,138,100,38,5631491
1365361,261,169,92,26135025
492601,123,75,48,8246853
632521,132,86,46,10952551
253801,131,91,40,3874423
1213129,102,71,31,22873391
352489,113,76,37,5635769
253969,81,60,21,3877201
1064281,121,84,37,19732543
492769,153,101,52,8250177
254041,133,94,39,3878515
353161,128,80,48,5647939
775681,116,68,48,13800159
632881,179,124,55,10959599
254209,107,74,33,3881539
353329,106,70,36,5650885
493201,118,78,40,8258209
915769,164,111,53,16651137
255049,102,76,26,3896151
1511689,133,90,43,29311507
353641,108,81,27,5656951
255361,88,55,33,3901545
633649,136,91,45,10974603
2108761,204,133,71,42623691
1213801,152,91,61,22887847
493249,119,80,39,8259199
255649,105,74,31,3906597
1065409,139,98,41,19755847
353929,104,69,35,5661815
776449,126,87,39,13815481
256369,100,64,36,3919091
2255761,196,125,71,45975381
1366009,154,110,44,26148807
1957729,181,120,61,39208277
354001,187,126,61,5663183
636241,118,85,33,11025507
493369,157,103,54,8261731
256489,139,91,48,3921191
1665841,190,120,70,32697469
2707609,189,131,58,56431091
256561,175,119,56,3922529
354169,143,96,47,5666243
915961,113,77,36,16654983
494041,127,83,44,8274315
257161,110,62,48,3933015
2410081,164,105,59,49521177
2554801,290,207,83,52870851
1067329,112,74,38,19796049
1811041,161,109,52,35920975
636409,154,105,49,11028711
355009,112,79,33,5681565
1512169,215,146,69,29321791
257401,95,62,33,3937335
1213921,143,90,53,22890055
776521,117,85,32,13816777
494281,156,102,54,8278773
258241,117,75,42,3951849
355321,110,74,36,5687599
258721,97,62,35,3960357
636721,216,148,68,11034801
355441,109,76,33,5689417
494761,112,78,34,8288121
259009,103,68,35,3965373
355609,116,79,37,5692531
1067761,176,124,52,19805075
259681,119,82,37,3977013
916129,109,72,37,16658325
637729,92,59,33,11054953
495289,123,86,37,8297991
260089,115,79,36,3984063
777001,112,69,43,13826761
356449,85,52,33,5707691
1214641,171,120,51,22905801
1366801,165,120,45,26166219
2856121,173,119,54,59913785
260569,103,66,37,3992551
357169,108,71,37,5720975
1512289,160,118,42,29324389
495769,132,84,48,8307269
260761,99,66,33,3995977
638689,127,95,32,11073401
358201,133,87,46,5739955
261241,136,94,42,4004297
1068481,169,114,55,19820129
1665889,132,86,46,32698531
2108929,148,100,48,42627405
496609,95,68,27,8323237
261529,65,41,24,4009427
358681,116,72,44,5748763
777169,206,149,57,13830139
1958041,160,112,48,39215741
916441,161,108,53,16664601
261601,130,86,44,4010609
639361,146,101,45,11086697
2708521,159,103,56,56452559
2410249,224,155,69,49525209
1215649,190,125,65,22927329
359041,77,47,30,5754997
497281,137,88,49,8336035
262369,99,61,38,4024097
2256361,213,139,74,45988961
1811209,205,136,69,35924437
263089,148,91,57,4036619
359209,112,71,41,5758105
1069441,104,67,37,19840205
639601,103,63,40,11091743
497449,134,91,43,8339377
263209,111,76,35,4038713
1512361,216,140,76,29325973
359641,117,76,41,5766005
263761,113,70,43,4048631
1367521,150,92,58,26181825
778201,185,120,65,13850881
498409,180,116,64,8357431
360049,178,122,56,5773469
263881,88,54,34,4050611
640249,149,103,46,11104115
916561,197,135,62,16667037
1215769,124,84,40,22929645
264289,86,53,33,4057989
360649,100,66,34,5784707
2554969,195,134,61,52874955
498961,103,71,32,8368097
1069609,169,118,51,19843781
264601,91,59,32,4063359
361321,77,53,24,5796747
640369,130,84,46,11106373
264769,146,99,47,4066251
499129,120,74,46,8371217
1666081,170,105,65,32702569
778681,111,77,34,13860757
264889,107,68,39,4068405
361561,107,62,45,5801211
1512961,194,132,62,29338939
264961,91,61,30,4069599
641089,104,75,29,11120663
362161,134,100,34,5812203
499321,127,87,40,8374793
917281,121,85,36,16682087
1070689,132,87,45,19866323
265129,160,116,44,4072409
2411641,236,148,88,49557741
1216009,201,129,72,22934907
362569,143,100,43,5819477
265561,85,59,26,4080021
2708689,149,106,43,56456477
2109769,174,116,58,42646615
1958569,198,133,65,39227357
499801,97,62,35,8384295
1367881,183,121,62,26189585
265729,107,72,35,4083129
641761,149,103,46,11133991
1811569,216,149,67,35932315
363841,89,69,20,5842991
779521,167,122,45,13877297
266281,169,120,49,4092849
499969,116,81,35,8387265
363889,110,71,39,5843897
2856961,177,119,58,59933575
266401,102,71,31,4094883
1071121,187,114,73,19875449
641881,145,93,52,11136235
266449,101,70,31,4095733
364921,146,94,52,5862543
917641,134,92,42,16689119
1216441,168,117,51,22944105
2256601,162,114,48,45994343
1514209,162,109,53,29366291
500809,118,66,52,8403183
266641,128,86,42,4098997
365089,177,119,58,5865633
267481,156,104,52,4113835
780049,117,69,48,13887977
641929,148,111,37,11137249
501001,142,100,42,8406885
365569,115,75,40,5874555
267649,154,98,56,4116715
1666729,142,102,40,32716597
1071529,194,133,61,19883831
267961,108,71,37,4122543
365689,102,55,47,5876577
501601,86,60,26,8418401
642049,158,110,48,11139259
268921,109,59,50,4139121
1216489,202,128,74,22945215
1368529,177,117,60,26203433
917809,156,113,43,16692837
2413849,165,105,60,49608375
365929,143,100,43,5881083
268969,108,72,36,4140009
501769,123,78,45,8421407
780649,126,84,42,13900065
1515049,194,125,69,29384393
269089,113,71,42,4141977
366409,129,84,45,5889967
642121,196,131,65,11140825
2555281,157,98,59,52882509
1071841,104,66,38,19890475
269641,89,62,27,4151729
2709169,228,156,72,56467463
501841,91,65,26,8422973
367201,93,61,32,5904535
1812409,108,61,47,35951309
269761,143,98,45,4153943
1959241,202,138,64,39242477
642769,168,95,73,11153809
367369,133,96,37,5907495
270001,77,53,24,4158113
2110921,210,138,72,42673063
1216681,156,108,48,22949103
502321,137,92,45,8432133
270601,85,60,25,4168717
918481,143,88,55,16706721
780721,160,113,47,13901421
368089,133,85,48,5920739
1072009,121,81,40,19893931
270841,132,85,47,4172893
502441,147,100,47,8434251
643129,120,78,42,11160779
368881,124,84,40,5935073
271489,86,57,29,4184237
1515721,131,85,46,29399443
1369201,173,116,57,26217681
1667401,176,117,59,32731649
271849,84,59,25,4190537
369961,135,93,42,5955023
504001,92,56,36,8464107
2257441,199,141,58,46013585
643729,94,63,31,11172627
272329,116,65,51,4199015
1216849,165,115,50,22952549
370441,147,102,45,5963781
780889,221,158,63,13904913
1072129,153,103,50,19896181
272449,89,63,26,4201151
504121,152,100,52,8466399
2414281,150,90,60,49618413
919081,192,132,60,16719147
370561,68,49,19,5966049
273001,110,69,41,4211015
643969,173,115,58,11177325
2857009,145,100,45,59934403
273289,132,87,45,4216001
504289,144,92,52,8469381
370609,143,95,48,5966823
274201,122,84,38,4232029
1516369,211,149,62,29413351
370801,141,94,47,5970411
1812721,202,143,59,35958277
644401,129,88,41,11185783
275521,93,59,34,4255291
781321,124,87,37,13913735
1072801,152,96,56,19910639
505129,121,77,44,8485587
2709361,186,126,60,56472291
1217329,128,82,46,22962683
371281,84,56,28,5979297
275641,118,83,35,4257235
1959721,157,101,56,39253199
919129,136,92,44,16720131
1369321,197,135,62,26220033
505201,125,82,43,8486991
275881,107,64,43,4261599
372121,75,48,27,5994603
644569,146,91,55,11189245
276049,114,87,27,4264629
2111041,155,100,55,42675493
2555569,221,155,66,52888587
372241,103,63,40,5996745
505369,131,87,44,8490135
1667689,182,116,66,32737583
276721,96,64,32,4276549
1072849,179,119,60,19911743
781369,143,88,55,13914677
645409,171,125,46,11205611
278041,87,61,26,4299615
372289,134,87,47,5997375
1217521,237,155,82,22966943
505969,139,86,53,8501523
1517161,181,123,58,29430691
278209,123,81,42,4302819
372409,88,57,31,6000039
2414689,203,133,70,49627593
919249,145,91,54,16722393
278329,110,79,31,4304837
645481,84,45,39,11207267
506689,134,91,43,8515313
372481,140,89,51,6001227
278881,97,62,35,4314685
1072969,201,134,67,19914143
782209,148,98,50,13931533
2257609,197,133,64,46017647
279001,135,90,45,4316833
373489,130,82,48,6019787
506809,114,79,35,8517545
645649,99,64,35,11210525
1369369,124,78,46,26221611
280009,94,64,30,4334415
1218121,163,108,55,22979873
373969,146,105,41,6028499
1813081,217,144,73,35966443
280249,128,81,47,4338729
507049,94,67,27,8522133
2709841,171,122,49,56483307
374089,114,73,41,6030737
1517209,147,99,48,29431645
280561,109,75,34,4344471
919969,234,166,68,16736939
1073209,163,110,53,19919033
647161,154,105,49,11240313
1959889,147,107,40,39257069
280681,136,94,42,4346487
782329,154,106,48,13934023
374641,119,79,40,6040721
507361,147,88,59,8528235
1668241,150,104,46,32750003
280729,133,84,49,4347393
374761,98,59,39,6042941
647641,111,75,36,11249867
280921,74,48,26,4350715
1219129,188,121,67,23001073
508489,111,71,40,8549603
2857369,224,146,78,59943067
2111089,257,163,94,42676531
374929,126,78,48,6046007
281761,124,79,45,4365497
1073521,144,92,52,19925773
2416009,253,178,75,49657943
282241,119,77,42,4374101
509329,132,93,39,8565863
920641,164,113,51,16751141
647809,134,94,40,11253089
375169,125,96,29,6050563
783721,155,95,60,13962013
1369561,182,134,48,26225871
282409,118,71,47,4376981
1517401,184,123,61,29435897
375481,119,88,31,6056185
282769,106,72,34,4383459
509569,135,87,48,8570339
2555809,142,95,47,52894071
648481,126,80,46,11266289
1219849,180,111,69,23016411
283369,106,62,44,4393895
375841,89,63,26,6062809
1073881,100,64,36,19933265
510049,99,68,31,8579581
283609,118,72,46,4398287
376009,128,89,39,6065891
1813561,133,94,39,35977477
784009,181,133,48,13967955
284041,117,80,37,4405817
648649,141,101,40,11269733
920761,156,101,55,16753613
2258041,235,165,70,46027403
376609,122,73,49,6076871
510241,135,84,51,8582983
284881,120,87,33,4420659
2710009,152,98,54,56487189
1668361,187,124,63,32752565
1074361,169,101,68,19943249
285049,143,103,40,4423863
377329,164,110,54,6089933
1517569,148,94,54,29439365
648841,148,102,46,11273345
1960009,178,127,51,39259883
510889,115,73,42,8595505
1220041,123,83,40,23020525
285121,99,66,33,4425117
377521,103,67,36,6093725
1370329,200,135,65,26242359
784081,142,99,43,13969527
285289,141,97,44,4427915
512521,137,79,58,8626643
378289,130,86,44,6107717
2416369,276,199,77,49666181
649321,136,93,43,11282849
285721,127,81,46,4435763
921001,115,82,33,16758245
1074481,161,112,49,19945979
286129,135,88,47,4442847
378361,101,65,36,6109007
512569,116,76,40,8627669
2112601,193,126,67,42711243
286609,104,75,29,4451379
649849,146,98,48,11293289
379009,121,83,38,6121165
1220689,204,140,64,23034409
286801,103,65,38,4454817
784249,111,69,42,13972593
512761,141,93,48,8631123
1517881,133,74,59,29446435
379369,146,95,51,6127807
287281,102,74,28,4463429
1074649,155,108,47,19949395
650281,123,83,40,11301681
287449,125,88,37,4466307
1813681,127,90,37,35979877
512929,142,89,53,8634579
379681,94,64,30,6133551
921169,171,119,52,16762043
288241,143,100,43,4480235
2857801,150,103,47,59953531
1669201,186,117,69,32771435
379849,129,88,41,6136569
1371001,208,134,74,26256507
513529,114,79,35,8646117
288481,100,72,28,4484489
650329,88,60,28,11302641
1221049,171,121,50,23042149
784561,179,132,47,13979043
2710681,182,126,56,56502957
2556121,187,122,65,52901763
380041,121,82,39,6140043
288649,93,61,32,4487507
1074889,164,104,60,19954267
513769,127,84,43,8650749
2259121,250,184,66,46051985
1960921,156,108,48,39279941
289129,126,81,45,4495985
380641,178,117,61,6151127
1518001,117,77,40,29448805
650449,153,110,43,11305251
2416681,231,162,69,49673699
289249,105,73,32,4498205
921601,106,73,33,16770961
380881,100,69,31,6155369
514081,136,86,50,8656647
289489,105,70,35,4502451
785569,141,92,49,13999399
381481,116,76,40,6166519
651169,124,84,40,11319201
1222561,149,102,47,23074033
290161,111,69,42,4514415
514201,73,46,27,8658899
1075201,222,140,82,19960807
290761,77,57,20,4524919
381529,96,63,33,6167485
2112961,239,157,82,42718701
291169,129,81,48,4532431
1371841,141,86,55,26274715
514249,157,111,46,8659931
651289,112,72,40,11321367
382729,116,76,40,6189595
291481,72,55,17,4537777
1519561,211,148,63,29483105
921841,208,137,71,16775791
1813729,192,133,59,35980645
786241,100,64,36,14012869
383041,123,78,45,6195343
1669249,167,107,60,32772521
291649,123,88,35,4540697
515041,135,90,45,8674937
1075489,186,119,67,19966831
1222729,146,103,43,23078011
651361,162,107,55,11322777
292441,162,101,61,4554757
384001,77,49,28,6212731
515089,123,82,41,8675855
292489,152,101,51,4555501
384049,104,68,36,6213559
2710969,137,104,33,56510241
651841,140,92,48,11332281
292849,151,108,43,4562113
2416849,248,170,78,49677533
787609,133,85,48,14040129
515761,92,62,30,8688717
384841,148,96,52,6228345
1075561,152,104,48,19968289
293329,75,58,17,4570549
922321,147,102,45,16785869
1961929,218,157,61,39302993
1519729,166,107,59,29486933
294001,106,67,39,4582579
384889,129,87,42,6229245
1223161,158,108,50,23087133
652369,176,114,62,11342609
515929,156,102,54,8691921
1372081,180,127,53,26279679
294169,128,88,40,4585681
2259289,213,136,77,46055987
385081,174,117,57,6232791
2558929,178,113,65,52966951
294289,136,83,53,4587631
2857849,228,159,69,59954575
516049,132,84,48,8694141
652849,153,103,50,11352311
1075729,192,138,54,19971857
385249,152,105,47,6235893
788041,113,75,38,14049279
294529,82,58,24,4592059
922489,133,90,43,16789331
295129,109,74,35,4602587
386401,69,51,18,6257303
1669441,151,109,42,32776519
516721,118,78,40,8707105
1814569,181,123,58,35999377
2113129,195,134,61,42723081
1223329,168,111,57,23090651
295201,73,38,35,4603733
652969,125,87,38,11354763
386521,107,68,39,6259319
1520401,113,82,31,29501669
296041,83,60,23,4618741
517129,184,126,58,8714845
1076329,123,86,37,19984595
386569,133,88,45,6260261
788089,162,106,56,14050095
297049,67,44,23,4636877
653209,176,123,53,11359341
517609,129,83,46,8724091
297481,89,63,26,4644479
2416969,173,112,61,49680569
386689,111,78,33,6262259
1372849,124,81,43,26296617
2711521,194,142,52,56522991
922681,143,102,41,16793213
297889,69,49,20,4651707
1223569,181,114,67,23095709
387529,157,97,60,6277859
653641,147,97,50,11367833
517729,159,110,49,8726467
298201,129,85,44,4657391
1076401,184,138,46,19986197
1962409,212,154,58,39313979
388081,69,43,26,6288311
298369,76,49,27,4660337
788209,186,119,67,14052597
518809,151,108,43,8747073
1520689,144,92,52,29507381
653881,234,160,74,11372771
299329,134,89,45,4677401
388369,65,42,23,6293441
299401,165,115,50,4678697
519121,109,69,40,8753271
389041,115,72,43,6305569
1670089,178,127,51,32790601
923449,194,129,65,16808843
1224169,141,93,48,23108567
1077721,164,97,67,20013389
2259601,152,109,43,46063313
299569,109,71,38,4681583
654529,115,75,40,11385475
389089,114,78,36,6306649
1814929,208,138,70,36007477
299881,106,63,43,4687607
788449,153,90,63,14057421
520129,136,95,41,8772219
1373521,203,144,59,26310855
389761,110,66,44,6319085
2113609,129,95,34,42733969
654889,107,71,36,11392465
2559481,140,106,34,52979797
520921,137,85,52,8787463
390289,122,78,44,6328853
1521241,185,126,59,29519981
2417521,252,175,77,49692917
1077841,184,132,52,20016239
788761,160,120,40,14063639
1224889,164,106,58,23123939
924361,102,71,31,16827635
390721,136,88,48,6336815
2858041,190,125,65,59959411
520969,136,98,38,8788363
655489,168,113,55,11404267
2712049,320,219,101,56534481
390889,91,59,32,6339871
789121,173,112,61,14070759
521161,119,83,36,8791951
655561,75,54,21,11405833
1963081,157,109,48,39329033
390961,118,75,43,6341179
1078009,132,83,49,20019689
521329,120,80,40,8795347
391441,107,69,38,6350089
1670281,327,221,106,32794933
1225009,136,97,39,23126551
789721,109,69,40,14082939
1521361,192,129,63,29522441
1373689,185,124,61,26314411
924529,186,126,60,16831167
656329,171,123,48,11420823
391801,133,82,51,6356701
521641,148,90,58,8801263
2113801,169,111,58,42738361
1815361,150,97,53,36016877
1078081,128,86,42,20021195
392281,177,118,59,6365595
789961,168,110,58,14087799
657049,105,67,38,11435309
521809,176,109,67,8804447
392569,110,74,36,6370751
2259769,267,189,78,46066949
2418721,185,139,46,49720721
1225729,215,146,69,23141851
521929,128,85,43,8806877
392809,146,93,53,6375437
924841,127,82,45,16837511
657841,121,87,34,11450635
790969,198,132,66,14108083
1078681,199,144,55,20033915
1521769,238,167,71,29531507
393121,72,46,26,6381215
522601,100,64,36,8819709
2712481,214,140,74,56545041
1373761,138,91,47,26316091
658681,172,108,64,11467297
393241,93,68,25,6383315
791569,120,85,35,14120285
2559769,247,180,67,52986295
523489,133,86,47,8836893
1670761,135,90,45,32806267
393649,132,90,42,6390821
1225849,135,98,37,23144233
1963201,183,118,65,39331391
1078849,165,122,43,20037455
2114449,169,118,51,42752801
659521,168,103,65,11483893
924961,101,70,31,16840133
523681,159,106,53,8840283
393961,132,73,59,6396761
792241,154,108,46,14133769
1522201,201,143,58,29540849
394129,100,68,32,6399839
1817041,167,112,55,36054429
524521,152,100,52,8856315
659569,110,61,49,11484907
2858209,235,148,87,59963101
394249,151,114,37,6401999
1079569,130,92,38,20052605
792481,228,157,71,14138707
2419489,254,175,79,49737845
1227241,210,148,62,23174157
525001,152,106,46,8865519
394489,112,74,38,6406193
659689,165,101,64,11487097
925369,119,80,39,16848047
1374601,189,122,67,26334213
394969,94,57,37,6415259
525361,143,93,50,8872611
793129,175,122,53,14152133
2259889,176,109,67,46069493
659761,156,108,48,11488663
1079929,232,163,69,20059931
395089,125,90,35,6417749
1522249,120,89,31,29542145
525529,88,60,28,8875707
2115121,177,126,51,42768239
2712529,207,133,74,56546355
1227769,114,80,34,23185255
1671121,125,78,47,32813915
396001,103,72,31,6434211
793489,141,99,42,14159057
660241,118,82,36,11498029
525961,175,115,60,8883849
925849,144,95,49,16858303
396601,156,105,51,6445463
1963249,179,114,65,39332465
1081369,132,84,48,20090141
397489,82,52,30,6461909
794089,161,106,55,14171207
526681,78,57,21,8898173
660409,140,94,46,11501341
1817281,167,98,69,36059977
1375609,171,120,51,26356035
397849,113,73,40,6468567
1228441,188,107,81,23199323
2560849,175,116,59,53011453
2419561,156,115,41,49740149
527209,119,77,42,8907797
1522369,242,159,83,29544539
400009,78,48,30,6508333
794161,136,94,42,14172593
660529,149,102,47,11503855
926689,162,108,54,16875419
1081441,118,85,33,20091791
527809,165,110,55,8919659
400681,86,56,30,6521041
2115481,110,76,34,42775967
660601,152,101,51,11505079
794641,133,78,55,14182799
400849,103,71,32,6523921
527881,117,75,42,8921255
1229209,169,125,44,23215799
1671289,130,83,47,32817413
401209,128,78,50,6530689
1082089,151,105,46,20105623
660769,118,76,42,11508775
529489,88,58,30,8951781
2713369,166,111,55,56566047
2858641,215,148,67,59973451
1523089,134,88,46,29560485
927049,202,135,67,16882795
795001,124,85,39,14189819
2260561,176,119,57,46085167
401689,140,97,43,6539393
1375921,137,79,58,26362965
530041,137,88,49,8962397
401809,150,104,46,6541571
661201,146,99,47,11517031
1963369,192,138,54,39335273
1230769,142,103,39,23249345
1082209,207,153,54,20107711
795601,97,58,39,14202107
1817449,169,110,59,36063601
402049,136,84,52,6546343
530209,83,60,23,8965565
2420569,263,172,91,49763461
662281,116,78,38,11538389
402361,130,92,38,6552037
927361,187,124,63,16889179
530329,158,120,38,8967689
2115961,183,125,58,42787901
795649,193,134,59,14202821
1523281,157,103,54,29564319
402529,112,75,37,6555127
1082761,185,129,56,20119585
662449,213,150,63,11541719
530401,113,62,51,8969423
403369,152,100,52,6570681
1231129,107,63,44,23256695
1671961,161,103,58,32832479
796009,139,96,43,14209977
1376449,213,152,61,26374047
403729,139,88,51,6577329
2561521,164,104,60,53026767
531169,114,66,48,8983847
663049,146,105,41,11553535
927529,130,93,37,16892913
404161,109,75,34,6585489
1082881,200,145,55,20121757
2715169,299,222,77,56607931
531841,127,87,40,8996809
796849,122,86,36,14226827
663601,97,61,36,11564467
405001,67,44,23,6600959
1525561,154,104,50,29614283
1232401,114,78,36,23284055
532009,112,81,31,9000337
405049,135,92,43,6601775
1963921,179,127,52,39348053
1818049,157,89,68,36076837
2260729,139,94,45,46088947
2421841,166,120,46,49792349
797161,133,83,50,14233493
2116129,195,137,58,42791529
663961,111,64,47,11571415
1083289,107,68,39,20130361
405241,111,79,32,6605431
532249,87,53,34,9004927
927649,185,126,59,16895007
406561,123,76,47,6629929
1376929,163,98,65,26384583
664441,139,90,49,11581091
797281,112,64,48,14235803
2859049,275,178,97,59983225
532561,151,99,52,9010897
1232809,206,146,60,23292645
1672129,212,142,70,32835995
406729,110,79,31,6633049
1525609,209,148,61,29615495
1083601,140,87,53,20137175
532849,122,81,41,9016243
407401,83,57,26,6645733
664561,144,98,46,11583443
797689,152,108,44,14243747
928561,179,127,52,16913883
407521,102,70,32,6647677
533089,163,117,46,9021099
665569,126,81,45,11603333
408241,120,74,46,6661303
1233121,184,125,59,23299275
2715409,166,112,54,56613259
1083721,155,90,65,20139521
798121,108,72,36,14252681
2116801,181,125,56,42806465
534241,157,101,56,9043113
408361,128,78,50,6663397
2422561,169,116,53,49809071
1525729,173,111,62,29618039
1818721,188,121,67,36092371
1377121,154,97,57,26389227
666649,183,113,70,11624481
2562289,235,161,74,53044707
534529,157,99,58,9048363
1964041,155,92,63,39350639
408769,101,60,41,6670815
798961,188,136,52,14269603
929161,143,104,39,16926627
1084609,170,110,60,20158523
409081,103,71,32,6676857
667081,149,98,51,11633269
534601,93,59,34,9050035
1233241,133,89,44,23302269
1672441,191,130,61,32843087
2260801,153,95,58,46090549
799369,180,127,53,14278095
409369,130,83,47,6682083
535609,183,119,64,9069349
667129,132,81,51,11634259
409441,139,97,42,6683217
1085809,130,90,40,20183427
1525969,169,109,60,29623001
929209,176,117,59,16927329
799801,149,96,53,14286501
536281,121,77,44,9082313
409609,132,86,46,6686683
2116921,191,130,61,42809417
667321,196,132,64,11637961
1233409,178,111,67,23305323
1377601,186,120,66,26399211
410281,135,91,44,6699151
536449,125,87,38,9085421
800209,119,82,37,14294983
2716249,187,123,64,56633099
2423521,109,70,39,49831439
410929,116,80,36,6711063
1087129,157,99,58,20210929
667801,154,105,49,11647351
2861041,189,135,54,60029775
1818769,203,142,61,36093343
536929,144,95,49,9094675
929881,110,69,41,16941313
411049,109,79,30,6713181
1526401,186,125,61,29632769
1964881,187,116,71,39369601
800521,105,57,48,14301355
1234969,171,105,66,23338715
1672609,136,83,53,32846657
537769,120,94,26,9110917
667921,95,61,34,11649631
411721,150,97,53,6725805
1087249,184,140,44,20213551
412561,138,93,45,6741351
538561,89,53,36,9126077
802729,143,98,45,14345807
668089,185,133,52,11652967
412609,176,103,73,6742245
2562841,240,160,80,53057583
1378129,149,106,43,26410193
2116969,233,161,72,42810383
930409,176,114,62,16952063
2261569,240,155,85,46108459
538801,103,65,38,9130741
414241,89,50,39,6772535
1235761,152,100,52,23355649
668761,146,89,57,11666485
1088089,183,114,69,20230993
803041,141,97,44,14352189
1526449,162,103,59,29633861
539401,89,61,28,9142327
415489,185,123,62,6795823
2423569,159,109,50,49832387
668929,177,118,59,11669605
415801,129,89,40,6801871
539449,98,65,33,9143185
804409,156,101,55,14379515
2716729,296,197,99,56644187
1819729,260,176,84,36114679
930841,198,134,64,16960745
1088161,144,98,46,20232895
415969,110,69,41,6804681
1235929,144,97,47,23359333
1673281,114,73,41,32861967
669481,121,79,42,11680595
539641,157,108,49,9146935
416089,161,121,40,6806967
804889,126,88,38,14389613
1378441,132,85,47,26417247
1965289,175,121,54,39378617
1526641,149,105,44,29638127
540121,173,121,52,9155929
416761,135,90,45,6819717
2118169,228,155,73,42837361
669649,151,99,52,11683841
1088641,141,96,45,20242933
417169,125,81,44,6827013
805081,149,102,47,14393255
540961,80,50,30,9172575
930889,211,149,62,16961873
1236481,125,83,42,23370973
670321,111,72,39,11697305
2861161,204,145,59,60032631
417649,124,75,49,6836051
541129,119,79,40,9175395
805249,137,94,43,14396813
418009,102,61,41,6842869
1088761,168,120,48,20245297
2423689,207,125,82,49835087
2262409,236,156,80,46127765
670489,113,70,43,11700459
1527121,236,172,64,29648675
541249,113,78,35,9177723
418321,90,67,23,6848621
2563009,176,118,58,53061085
1378561,225,151,74,26419545
1820281,141,91,50,36127267
931729,215,146,69,16979099
1236769,140,100,40,23377023
1673401,171,130,41,32864517
2716849,207,140,67,56647301
805729,131,87,44,14406467
418849,153,109,44,6858335
542761,180,123,57,9206959
670849,104,85,19,11707383
2118601,122,78,44,42847477
1089481,178,104,74,20260657
419161,98,68,30,6864143
543601,107,68,39,9222963
1965889,170,100,70,39392385
671161,134,86,48,11713941
806521,103,72,31,14422597
419281,141,105,36,6866585
543769,204,143,61,9226053
1527289,159,108,51,29652239
419329,87,54,33,6867365
1237441,225,147,78,23391375
931849,183,128,55,16981793
672169,133,82,51,11733615
1089841,120,85,35,20268169
806761,139,94,45,14427349
419449,118,80,38,6869573
543841,103,75,28,9227715
1378801,170,115,55,26424903
2423929,229,157,72,49840697
420001,149,94,55,6879781
672289,201,136,65,11736113
544009,113,85,28,9231111
806929,193,130,63,14430733
420361,117,78,39,6886437
1090681,130,85,45,20285665
1673569,214,149,65,32868177
1237849,236,156,80,23400123
931921,115,73,42,16983125
2118841,221,154,67,42852865
1820449,121,85,36,36130741
545161,136,94,42,9253383
1528321,181,117,64,29674683
673129,197,130,67,11752533
421009,164,100,64,6898681
2263081,247,173,74,46142669
2717089,178,116,62,56652581
807241,164,121,43,14437039
421801,102,67,35,6913395
545329,131,82,49,9256389
2861569,241,159,82,60042255
673201,107,71,36,11754291
1090849,169,111,58,20288995
422041,94,59,35,6917907
1966561,132,88,44,39407571
807409,139,92,47,14440597
545449,104,64,40,9258615
1238449,187,124,63,23412861
2563369,230,154,76,53069425
932521,181,120,61,16995659
1378969,174,127,47,26428347
422209,176,116,60,6921075
673801,175,120,55,11766003
545521,128,88,40,9260337
1529089,121,80,41,29691699
422689,101,70,31,6929967
808081,105,69,36,14454217
1091161,197,135,62,20296129
2424241,178,122,56,49848203
675481,164,110,54,11799417
422881,124,83,41,6933501
546001,106,70,36,9269475
2119609,223,146,77,42869983
1673809,196,132,64,32873211
1238521,233,160,73,23414391
423481,137,93,44,6944651
932761,164,113,51,17000555
808369,102,68,34,14459791
546289,133,98,35,9274911
1820641,132,79,53,36134755
675889,205,144,61,11806973
1091329,203,137,66,20299147
423649,151,102,49,6947759
546361,102,58,44,9276291
2717401,235,150,85,56659655
1529761,157,104,53,29706173
1379449,164,107,57,26439241
808441,132,95,37,14461117
424729,189,122,67,6967991
677041,120,82,38,11830197
1239001,153,102,51,23424395
546841,92,59,33,9285699
425329,118,83,35,6979085
2263249,145,92,53,46146953
1091521,134,93,41,20303533
933241,128,81,47,17010299
1969249,196,133,63,39468035
809041,152,95,57,14473479
678169,151,105,46,11852421
426841,155,108,47,7007231
546961,162,104,58,9287937
2119681,184,116,68,42871891
426889,105,76,29,7008207
2425081,229,167,62,49867275
678409,127,86,41,11857281
547369,123,79,44,9295397
809929,156,100,56,14491407
1674289,156,104,52,32883831
1530601,230,158,72,29724179
1092361,114,79,35,20320725
1239361,186,131,55,23431835
427081,143,99,44,7012053
2563849,259,198,61,53080525
933601,142,94,48,17017673
2862049,232,163,69,60053313
547681,89,64,25,9301639
1379641,204,133,71,26442793
427249,74,54,20,7015179
678721,111,75,36,11863515
1820809,148,103,45,36138631
810049,126,93,33,14493843
427681,128,86,42,7023069
547849,94,59,35,9304897
1092961,90,57,33,20333691
679249,181,108,73,11874103
427849,136,89,47,7026301
1239529,138,98,40,23435807
2717929,206,146,60,56672255
810769,140,106,34,14508533
548521,112,79,33,9317911
1531681,212,132,80,29748097
934441,152,97,55,17035423
428401,114,69,45,7036957
679561,110,71,39,11880115
2120329,204,138,66,42886395
549481,135,89,46,9336325
1093129,130,97,33,20337261
428569,120,81,39,7039765
810961,175,118,57,14512739
1969489,169,121,48,39473081
2425249,238,173,65,49870995
2263321,145,100,45,46148189
1379809,225,146,79,26446597
679681,95,63,32,11882491
1674649,208,133,75,32891529
429241,150,94,56,7052211
549649,110,77,33,9339553
1239961,193,127,66,23444903
811441,111,76,35,14522339
429361,123,74,49,7054485
935761,110,85,25,17062681
550369,186,121,65,9353593
1093201,151,95,56,20338617
680401,131,85,46,11896877
1532161,159,113,46,29758561
429409,149,103,46,7055283
1821121,150,107,43,36145903
550489,116,78,38,9355723
811561,127,83,44,14524319
429529,101,67,34,7057389
680569,204,129,75,11899751
1240009,157,116,41,23446001
1093681,132,91,41,20348745
430081,87,56,31,7067811
551569,160,114,46,9376609
2121121,225,152,73,42904785
2563969,218,148,70,53083303
2718241,180,108,72,56679641
936769,149,99,50,17083009
811729,181,125,56,14528141
680929,170,114,56,11906999
1380241,154,104,50,26456167
430921,99,68,31,7083849
552001,198,131,67,9384943
1532449,162,112,50,29764735
2863009,227,154,73,60076017
2425921,161,112,49,49886907
431449,173,109,64,7093443
1675321,226,145,81,32906559
812281,157,107,50,14539197
1242361,104,73,31,23496459
1093969,205,138,67,20354889
1969801,252,173,79,39480371
681361,143,104,39,11915705
552241,108,75,33,9389689
431881,101,65,36,7101627
936889,183,125,58,17085553
552841,103,65,38,9401481
431929,104,71,33,7102431
681409,139,97,42,11916767
812401,210,147,63,14541387
2263801,169,115,54,46159559
1821289,262,167,95,36149707
1094209,153,103,50,20359615
432121,156,101,55,7105991
553249,131,76,55,9409101
1533841,119,72,47,29795565
1242889,232,153,79,23507385
2121289,187,131,56,42908553
683041,153,94,59,11948737
1380289,135,85,50,26457073
432721,155,93,62,7117393
812641,140,87,53,14546313
553561,148,99,49,9415377
432961,112,80,32,7121851
937801,167,112,55,17104159
684121,109,77,32,11970295
1094689,156,108,48,20369629
2718409,176,120,56,56683925
813121,122,81,41,14556147
553681,144,103,41,9417633
433729,102,64,38,7136277
1675801,138,99,39,32917671
2426041,169,108,61,49889307
1243369,164,112,52,23517447
435481,146,97,49,7168885
684289,120,79,41,11973709
553849,125,79,46,9420801
1534969,175,118,57,29819777
813961,135,89,46,14573525
1969921,182,129,53,39482891
1094809,120,86,34,20372509
435649,139,96,43,7171973
2564521,185,127,58,53096569
937969,179,119,60,17107759
553921,111,74,37,9422163
684769,155,108,47,11983553
1381489,188,127,61,26483267
436081,183,126,57,7180361
2121529,238,165,73,42913977
814081,149,91,58,14575697
1821409,259,188,71,36152179
554089,160,97,63,9425313
1244041,158,102,56,23531919
436801,107,70,37,7193947
684889,176,125,51,11985773
1094881,206,143,63,20373841
2263969,199,134,65,46163225
2863849,208,139,69,60095729
437641,154,110,44,7209529
554569,131,101,30,9434631
814129,126,77,49,14576629
1535041,165,105,60,29821433
938569,122,78,44,17119937
684961,166,117,49,11987159
437809,83,54,29,7212619
555361,113,64,49,9449733
1676641,179,118,61,32935725
2426209,220,158,62,49893099
1095049,185,131,54,20377585
1244401,149,94,55,23539953
2718601,184,124,60,56688203
815809,127,83,44,14610703
438001,116,75,41,7216267
685609,147,107,40,12000053
556441,166,115,51,9470641
1381921,132,90,42,26492777
438169,141,90,51,7219277
939121,178,120,58,17131787
2121841,197,133,64,42921119
816169,163,101,62,14617837
556609,104,65,39,9473939
438601,109,63,46,7227399
1969969,148,92,56,39484235
1535689,129,88,41,29835857
685969,128,91,37,12007035
1095481,98,69,29,20386521
1245001,170,110,60,23552667
438769,106,71,35,7230363
1821481,213,153,60,36153793
557041,90,58,32,9482423
816649,163,114,49,14627611
686449,100,61,39,12016679
439009,117,75,42,7235347
557281,99,62,37,9487187
2565049,186,127,59,53109145
1095529,187,124,63,20387349
939649,177,122,55,17142433
439441,122,74,48,7242971
816769,191,136,55,14630067
687121,162,98,64,12029877
1677001,212,148,64,32943645
1381969,131,99,32,26493749
557449,119,84,35,9490205
1536049,206,138,68,29843657
439849,124,74,50,7250855
1245169,168,116,52,23556085
2426761,192,134,58,49906509
2264089,184,129,55,46165775
440281,106,71,35,7258971
687289,112,81,31,12033123
557761,124,79,45,9496201
2719081,185,116,69,56699555
816841,176,116,60,14631555
1096201,147,100,47,20401683
2122009,230,156,74,42924635
440329,143,89,54,7259853
940249,125,77,48,17155177
558121,136,82,54,9503209
2863921,270,181,89,60097313
687481,131,85,46,12037083
817321,182,134,48,14641391
441121,110,72,38,7274541
1245721,135,87,48,23567857
1970161,213,141,72,39488611
558289,164,115,49,9506125
1821649,241,157,84,36157285
1096489,181,123,58,20407455
1536649,157,108,49,29857127
441169,89,59,30,7275543
687961,97,65,32,12046869
1382089,187,136,51,26496179
818281,156,103,53,14660815
558721,87,65,22,9514783
441361,158,122,36,7279359
940801,95,62,33,17166151
1678009,193,128,65,32966175
688249,119,78,41,12052359
441841,117,72,45,7288205
1096561,182,124,58,20409393
1246081,129,91,38,23575531
558769,123,75,48,9515905
2427289,238,163,75,49918369
818689,147,103,44,14668915
2122369,199,141,58,42933089
442009,118,73,45,7291403
688969,132,85,47,12066407
559561,153,111,42,9530835
1536889,149,102,47,29861873
442201,177,119,58,7294877
2720089,202,142,60,56722867
819001,130,83,47,14675431
2565649,206,145,61,53122789
940921,119,77,42,17168465
2264161,134,94,40,46167239
1097209,130,93,37,20422677
560281,100,57,43,9545361
443041,111,77,34,7310863
689089,131,86,45,12068813
1246249,141,91,50,23579419
1383169,247,177,70,26519385
819289,109,77,32,14681387
443689,122,81,41,7322771
560641,94,63,31,9551847
1822321,156,106,50,36172603
1970641,122,86,36,39499621
689641,133,94,39,12079581
1099081,126,93,33,20462115
443881,148,94,54,7326359
561409,140,92,48,9566733
1678321,181,125,56,32973241
1537369,208,149,59,29872931
941329,141,89,52,17177107
820129,143,97,46,14698343
444529,138,89,49,7338545
2123881,188,124,64,42967171
1246561,149,107,42,23586163
689761,120,82,38,12082287
2427721,192,124,68,49928169
561961,147,97,50,9577291
444649,148,107,41,7341053
2864089,312,215,97,60101063
1099249,221,149,72,20465493
820201,181,119,62,14699615
689929,167,111,56,12085503
562129,135,90,45,9580891
445321,155,103,52,7353443
1383769,234,159,75,26532489
941641,135,87,48,17183659
446041,110,77,33,7367181
2720881,182,129,53,56741791
563809,121,79,42,9613117
1537489,246,177,69,29875619
1247089,152,97,55,23596981
820681,138,87,51,14709521
690841,165,118,47,12103803
1099729,129,86,43,20476011
446401,131,85,46,7373653
563929,167,111,56,9615391
1824001,146,98,48,36210143
2264329,251,179,72,46171117
446569,168,116,52,7376845
691489,193,136,57,12116545
820969,184,131,53,14715079
1970809,174,111,63,39503083
1679281,160,108,52,32994235
2124049,167,114,53,42971035
2566489,225,141,84,53142107
565441,180,121,59,9644665
941929,130,87,43,17189767
446881,122,76,46,7382743
1247401,147,89,58,23603959
1100089,174,112,62,20483349
691681,79,55,24,12120457
2427769,187,124,63,49929279
821209,115,71,44,14720191
1537561,184,117,67,29876999
447001,115,73,42,7385017
1384849,151,110,41,26555917
565489,115,77,38,9645841
447409,157,100,57,7392587
692161,171,121,50,12129649
565849,135,101,34,9652529
821641,177,127,50,14728641
1100569,199,141,58,20493477
447841,104,65,39,7400673
942169,284,189,95,17194237
1247569,168,116,52,23607331
566161,160,108,52,9658717
692281,136,91,45,12132425
448249,134,90,44,7408545
2721721,170,125,45,56761891
821809,145,88,57,14732405
1537729,211,144,67,29880487
2124361,179,116,63,42978235
566521,134,90,44,9665473
448561,128,83,45,7414497
1824169,156,96,60,36213951
1101409,194,121,73,20511071
1679329,151,104,47,32995261
692521,128,83,45,12137063
1385521,112,84,28,26570197
2864401,157,101,56,60108965
449569,154,98,56,7433311
943009,97,63,34,17211625
822049,212,149,63,14737073
567121,98,66,32,9677197
1247761,148,101,47,23611385
1971481,158,101,57,39518261
2264641,213,151,62,46178617
2427961,247,155,92,49933623
692689,170,118,52,12140519
449689,121,86,35,7435477
567529,120,72,48,9685093
1102201,152,100,52,20527827
822361,132,92,40,14743877
449929,128,94,34,7440087
1538569,181,117,64,29898927
693169,98,65,33,12150017
567841,109,70,39,9691369
943321,149,93,56,17218363
2566561,249,164,85,53143793
1248241,127,81,46,23621713
822721,132,98,34,14750753
1102249,144,102,42,20528847
567961,77,51,26,9693529
2126041,171,110,61,43016219
693529,208,142,66,12156941
1386361,144,103,41,26588413
943849,139,88,51,17229169
1679521,250,160,90,32999023
2722561,226,143,83,56781301
568201,129,81,48,9698039
822889,123,85,38,14754137
1971601,157,98,59,39520859
1824481,140,90,50,36220881
693961,88,64,24,12165447
1539049,181,130,51,29909521
1102441,165,104,61,20532705
1248529,162,111,51,23628001
569209,110,76,34,9717637
823201,122,76,46,14760893
2428441,147,104,43,49944975
944161,81,60,21,17235569
694201,108,76,32,12170145
569809,117,80,37,9729499
1102921,103,79,24,20543051
823489,175,109,66,14766353
695641,109,77,32,12199319
2264761,210,129,81,46181425
570049,152,110,42,9734005
1387129,226,154,72,26604913
1249201,193,128,65,23642161
2126329,179,144,35,43022867
944329,86,61,25,17239079
1972441,173,115,58,39539489
1539721,178,114,64,29924341
2864569,203,133,70,60113177
570529,101,70,31,9743115
695689,88,59,29,12200129
823729,100,62,38,14771255
1680121,188,131,57,33012797
1103041,196,114,82,20545229
944521,137,103,34,17242853
570649,151,96,55,9745773
1824601,161,113,48,36223605
2722729,160,106,54,56785231
695809,109,74,35,12202403
1249921,93,68,25,23657755
824401,130,94,36,14784673
2567041,204,139,65,53154941
571201,91,67,24,9756405
2428729,188,127,61,49951419
1103281,139,87,52,20550149
1540009,155,102,53,29930401
695881,183,137,46,12203699
944689,152,95,57,17246309
1387681,118,84,34,26616859
825001,119,85,34,14796971
571321,110,77,33,9758595
1972849,243,172,71,39548945
2127409,177,124,53,43047279
1250281,167,120,47,23665431
696361,106,71,35,12213301
571369,158,114,44,9759723
825049,136,92,44,14797943
1103449,143,94,49,20554025
945289,132,91,41,17258675
1680361,127,76,51,33018341
696481,112,68,44,12215539
572041,133,101,32,9772621
2264809,196,123,73,46182715
1540249,176,129,47,29935621
825241,199,140,59,14801993
572161,149,94,55,9774757
1104289,173,112,61,20571737
1824649,224,148,76,36224409
1250449,230,162,68,23668947
945961,147,85,62,17272697
696721,152,101,51,12220693
1387801,161,103,58,26619471
1973281,190,138,52,39558605
2722801,145,99,46,56786689
825889,111,76,35,14815061
2429809,303,220,83,49976405
572329,184,127,57,9778423
696889,154,104,50,12223975
2127721,189,127,62,43054719
1104769,204,138,66,20581635
946369,162,108,54,17280959
572881,147,90,57,9789089
2864689,134,90,44,60115709
826561,130,85,45,14828747
1540681,163,116,47,29944957
1250761,177,118,59,23675475
2567569,201,136,65,53167317
697201,178,117,61,12230131
573409,110,79,31,9799255
1680529,193,136,57,33021617
946681,143,99,44,17287487
826681,153,97,56,14831057
1104889,208,135,73,20584065
697729,137,96,41,12240487
1973689,189,111,78,39567689
574081,172,105,67,9812275
1387849,151,101,50,26620413
1250929,127,86,41,23679015
826729,148,102,46,14832035
1824841,209,147,62,36228873
575401,118,84,34,9837797
698329,118,79,39,12252589
1540849,185,128,57,29949127
946801,158,113,45,17290155
2265001,246,155,91,46186963
1105441,142,98,44,20595873
2127841,122,74,48,43057551
2430289,157,107,50,49987679
2722969,276,184,92,56790289
575689,111,83,28,9843483
826849,128,80,48,14834531
699001,129,88,41,12265495
946969,107,72,35,17293491
1251121,110,79,31,23683299
576529,199,152,47,9859507
1105609,164,104,60,20599581
1974121,158,109,49,39577847
699169,177,115,62,12268969
826921,149,97,52,14835733
1388041,202,136,66,26624655
1680961,150,95,55,33031639
576769,155,113,42,9863945
1541689,257,171,86,29967025
947641,211,154,57,17307093
699241,159,104,55,12270265
577081,150,102,48,9870433
827521,177,109,68,14847835
1106401,143,98,45,20616063
1251721,157,107,50,23695927
2128561,204,148,56,43073745
2568001,209,136,73,53177595
1825489,163,112,51,36243267
577249,177,104,73,9873649
700081,146,95,51,12287227
2864761,189,121,68,60117191
948049,137,87,50,17315829
827929,181,131,50,14856283
2431321,185,130,55,50011427
1974361,169,116,53,39583001
1542361,161,112,49,29981639
578041,154,101,53,9888889
1106449,141,93,48,20617053
700561,147,93,54,12296755
2723401,195,130,65,56800231
1388641,180,114,66,26637639
1251961,159,100,59,23700907
2265841,175,112,63,46205785
828361,106,81,25,14865323
578209,125,82,43,9892111
948721,101,70,31,17329507
700681,119,76,43,12298855
1681129,205,136,69,33035243
1106569,184,127,57,20619537
578881,151,104,47,9905119
828409,147,93,54,14866277
700849,170,119,51,12302275
950041,103,61,42,17357215
2128849,273,199,74,43079853
1543081,174,101,73,29998107
1252129,227,156,71,23704465
579721,152,101,51,9921581
1974961,166,116,50,39596447
828601,128,78,50,14870045
1107409,155,110,45,20637075
1826161,185,121,64,36258203
701089,170,109,61,12307151
1389481,165,116,49,26656029
579961,165,114,51,9926459
2431489,178,133,45,50015309
950161,148,106,42,17359411
829249,161,109,52,14883149
580561,119,87,32,9937649
701401,140,85,55,12313781
1252609,146,101,45,23714917
1108321,180,116,64,20656479
2723569,180,116,64,56804425
1543441,138,92,46,30005637
1681201,180,127,53,33036785
2568169,229,149,80,53181543
580969,135,95,40,9945577
830041,76,52,24,14899327
950329,201,134,67,17362711
701761,146,96,50,12320693
1975201,276,197,79,39601817
2129401,192,118,74,43093041
2267281,147,100,47,46238827
581809,119,78,41,9962041
2865241,218,155,63,60128381
1108489,254,176,78,20660073
830449,99,66,33,14907347
1252729,122,80,42,23717497
702529,125,87,38,12335877
1390369,201,137,64,26675247
950401,102,79,23,17364217
582409,125,74,51,9973645
1544209,227,151,76,30022237
1826281,170,122,48,36260771
831769,152,95,57,14934207
2432809,197,135,62,50046095
703081,150,97,53,12347109
582649,141,102,39,9978301
1108801,146,98,48,20666997
950569,150,104,46,17367733
1253401,195,147,48,23731813
582961,111,78,33,9984487
703249,125,79,46,12350223
831889,132,93,39,14936691
1976809,224,140,84,39638021
1682521,207,139,68,33065755
2723641,276,190,86,56806093
2129521,146,100,46,43095375
583249,209,154,55,9990149
1109161,128,84,44,20674245
1390489,153,112,41,26677533
951001,148,108,40,17376721
703441,157,104,53,12353783
1544449,163,104,59,30027727
832129,137,90,47,14941511
583801,73,42,31,10000911
1254241,160,108,52,23749669
704281,205,146,59,12370559
832729,129,85,44,14954345
1109761,146,85,61,20686893
952009,192,134,58,17397313
583969,110,72,38,10004073
2569681,133,100,33,53217111
2267521,194,136,58,46244869
2432929,201,150,51,50048705
1826329,183,117,66,36261917
1977361,126,85,41,39650661
704449,136,93,43,12374195
584809,117,73,44,10020403
832801,169,121,48,14955485
1544929,167,101,66,30038245
1255081,179,123,56,23767365
1111489,187,127,60,20722755
952681,128,94,34,17411493
1682809,179,123,56,33072403
1390729,211,141,70,26682957
704761,110,76,34,12380429
2129689,159,118,41,43099021
585601,97,59,38,10035669
2865529,262,199,63,60135035
832969,153,99,54,14958905
585841,109,71,38,10040307
2724121,214,130,84,56817605
704929,122,79,43,12383741
952921,176,114,62,17416401
1112689,163,117,46,20748441
1255129,212,139,73,23768541
833281,104,71,33,14965157
1977529,120,84,36,39654321
586009,138,95,43,10043841
1545121,162,105,57,30042217
705769,141,92,49,12400261
586609,104,64,40,10055361
953521,203,127,76,17428865
833449,166,104,62,14968679
2433001,189,126,63,50050475
1113961,105,77,28,20775199
1826521,193,127,66,36266339
1391041,158,109,49,26689779
706561,158,105,53,12416107
1255249,194,131,63,23771085
586849,135,90,45,10059937
2130241,137,87,50,43111941
2268001,185,119,66,46255945
1683049,121,86,35,33077683
834961,124,85,39,14999323
953929,142,102,40,17437067
706729,96,62,34,12419257
1545769,147,96,51,30056267
587281,174,122,52,10068373
2570401,117,75,42,53233539
1114681,142,92,50,20790367
1977721,206,131,75,39658587
835249,129,86,43,15005101
588121,142,93,49,10084721
706801,143,97,46,12420697
1255321,157,104,53,23772945
954409,102,71,31,17447331
2724481,240,162,78,56825813
1114801,122,88,34,20792755
588169,114,82,32,10085741
1392889,175,117,58,26729365
835321,195,140,55,15006343
708481,127,91,36,12454123
1546729,200,127,73,30077063
2433649,178,123,55,50064987
2865601,212,148,64,60136853
588361,108,63,45,10089449
2130529,187,125,62,43118121
955441,127,84,43,17468241
1826689,192,148,44,36270221
1255801,167,116,51,23783613
835489,180,112,68,15010061
709321,150,95,55,12471261
1684489,195,142,53,33109135
1978201,97,60,37,39669837
1114849,213,137,76,20793871
588529,153,112,41,10092635
836161,159,92,67,15023657
709921,86,61,25,12483081
956281,207,137,70,17485617
589681,67,47,20,10115309
2268289,185,121,64,46262487
1114969,181,124,57,20796319
1393681,170,116,54,26746897
1546969,207,143,64,30082385
1256161,206,139,67,23790909
710089,160,95,65,12486405
590041,102,62,40,10122157
836761,141,91,50,15035775
956881,99,63,36,17498225
2726089,197,137,60,56863267
590641,145,99,46,10134031
2570761,224,155,69,53242017
1979209,149,101,48,39692625
2130769,140,97,43,43123863
710641,115,76,39,12497497
1115641,163,114,49,20810505
837601,148,106,42,15052757
2434441,190,120,70,50083389
1256809,117,83,34,23804373
1827361,210,129,81,36285113
590809,160,112,48,10137139
1684561,235,174,61,33110977
956929,154,100,54,17499053
710929,162,120,42,12503125
1547449,211,148,63,30093515
838441,181,123,58,15069947
591649,157,111,46,10153217
1393921,110,72,38,26752063
1116889,212,146,66,20836479
711001,148,92,56,12504625
957289,181,128,53,17506697
592321,141,95,46,10166439
838609,139,86,53,15073427
1258441,198,132,66,23839245
1980169,146,93,53,39713473
2866441,208,140,68,60156281
711649,111,74,37,12517591
1117321,134,86,48,20845929
592369,132,93,39,10167387
2131081,186,124,62,43131099
1547641,170,114,56,30097239
2268841,163,105,58,46275203
839161,112,77,35,15084717
957601,156,101,55,17513453
2726809,260,181,79,56880133
592489,148,102,46,10169775
2434609,150,99,51,50087301
712321,87,61,26,12530791
1685209,188,127,61,33125529
1258681,148,102,46,23844375
1394089,157,100,57,26755555
1117489,180,122,58,20849385
840289,191,135,56,15107227
1828681,195,117,78,36314263
592561,138,99,39,10170987
957721,159,114,45,17515763
712489,141,86,55,12534107
1980409,163,119,44,39719169
2571409,169,106,63,53256753
593041,100,69,31,10180569
1548121,143,90,53,30108063
840841,132,80,52,15119055
1117729,226,148,78,20854335
712681,160,116,44,12538073
1259329,163,116,47,23858299
957769,165,113,52,17516481
593209,181,121,60,10183827
2131609,162,113,49,43142831
841369,114,82,32,15129439
713281,208,144,64,12549669
593401,151,100,51,10187559
1394401,187,129,58,26762161
1118041,120,84,36,20861013
957889,105,81,24,17518953
2434681,185,133,52,50088507
841801,175,122,53,15138499
1685881,157,114,43,33139915
1548409,126,84,42,30114405
1259689,212,151,61,23865745
713329,135,92,43,12550887
594241,157,113,44,10203715
2727841,156,109,47,56904481
1981081,244,179,65,39734505
2269009,228,146,82,46278599
1829041,181,138,43,36322255
594721,106,75,31,10213387
841849,157,109,48,15139543
1118569,148,96,52,20872065
714169,83,57,26,12567727
958609,179,114,65,17533647
2866609,167,107,60,60160757
594889,93,56,37,10216639
2132209,185,119,66,43156799
1260121,177,120,57,23875437
842041,232,153,79,15143155
714361,144,102,42,12571225
1548961,183,132,51,30126629
1397041,175,123,52,26819279
1119049,157,103,54,20882279
958729,227,160,67,17536131
595081,139,107,32,10220431
1981921,290,199,91,39753181
714529,196,128,68,12574579
842209,105,72,33,15146647
2572081,182,122,60,53272247
596569,135,92,43,10249105
1686049,210,135,75,33143557
2435161,116,74,42,50100801
1260169,180,121,59,23876409
959449,124,83,41,17551701
1119169,180,126,54,20884619
714841,131,85,46,12581305
596929,136,87,49,10256305
842521,108,67,41,15153215
2728321,144,100,44,56915575
1829209,215,150,65,36326287
1549081,151,96,55,30129119
597361,150,102,48,10264795
2132281,278,187,91,43158119
715681,159,112,47,12597675
959809,188,131,57,17558757
1397761,175,123,52,26834791
843361,179,117,62,15170145
2269129,174,131,43,46281179
1119241,215,152,63,20885927
1260361,190,125,65,23880671
1982401,144,98,46,39764485
597409,140,90,50,10265851
715801,129,73,56,12599925
843649,138,94,44,15176073
960121,187,131,56,17565039
597769,152,99,53,10272529
1549129,161,95,66,30130073
1120081,166,112,54,20903975
1686169,106,67,39,33146647
715849,152,94,58,12601099
2435281,207,137,70,50103363
1260841,175,119,56,23890823
843889,149,104,45,15180859
598369,168,122,46,10284445
2866921,203,134,69,60168095
960649,157,99,58,17575965
715969,143,93,50,12603469
1397881,146,100,46,26837247
1830481,175,114,61,36354469
2132761,207,139,68,43169105
599281,128,84,44,10302037
1120849,136,88,48,20920109
1982521,161,118,43,39767135
844201,110,84,26,15187501
2730001,142,96,46,56955235
2573209,181,125,56,53298285
716809,133,84,49,12620197
1549321,115,77,38,30134027
1261801,157,97,60,23911527
960961,122,80,42,17582553
844321,139,96,43,15189817
1121689,232,160,72,20937671
717529,176,125,51,12634603
2269849,194,135,59,46298037
1398049,154,92,62,26840823
1686409,205,137,68,33152191
844369,125,82,43,15190885
962161,133,91,42,17607195
1261969,177,121,56,23914821
2435689,197,140,57,50112393
1830889,201,136,65,36363823
1983361,210,144,66,39785837
718321,139,94,45,12650559
1122241,163,117,46,20949567
1549489,246,176,70,30138011
2132881,166,112,54,43171679
844489,184,113,71,15193027
719041,114,67,47,12664887
963481,130,91,39,17634653
1398121,224,158,66,26842551
1122529,131,92,39,20955653
1262881,203,134,69,23934093
2730121,161,102,59,56957791
845041,128,88,40,15204337
719569,164,117,47,12675265
963601,114,82,32,17636933
1831369,168,107,61,36374461
1549921,222,144,78,30147473
1983409,196,129,67,39787247
845209,156,109,47,15207679
2867281,232,146,86,60176465
720241,158,103,55,12688537
1687009,190,136,54,33165223
1123081,164,115,49,20967389
2573449,236,169,67,53303649
1398289,199,126,73,26846289
1264561,107,64,43,23970549
2436121,147,96,51,50122563
2133049,171,109,62,43175573
963841,147,95,52,17641637
845881,107,77,30,15221305
721561,93,67,26,12715177
2270641,198,133,65,46316331
1124041,133,92,41,20987475
1550161,224,157,67,30152813
1832329,157,115,42,36396531
721849,191,136,55,12720949
846721,136,91,45,15238707
964009,179,120,59,17645597
1265041,167,119,48,23980563
1983601,143,102,41,39791369
1398721,139,91,48,26855631
2730529,264,184,80,56967345
721921,196,131,65,12722221
1124209,150,92,58,20990901
846841,142,96,46,15240675
964609,153,108,45,17657643
1687729,191,127,64,33180753
2133121,184,127,57,43177415
722521,166,109,57,12734149
1551001,144,100,44,30171383
1266241,188,138,50,24005869
847009,132,84,48,15244269
2436529,227,150,77,50131947
1832881,170,123,47,36408333
1398769,118,76,42,26856723
1124449,151,109,42,20996001
965161,163,113,50,17669265
723361,175,117,58,12751213
1984201,265,173,92,39805117
847681,190,131,59,15257939
723409,166,117,49,12751915
2270689,184,122,62,46317591
1125121,209,140,69,21009759
1266409,142,95,47,24009829
2573881,259,176,83,53314071
965329,184,111,73,17672829
2867929,196,140,56,60191771
1551601,266,190,76,30184787
847729,107,67,40,15259067
1399129,180,118,62,26864343
723529,97,64,33,12754405
1833001,153,108,45,36411117
2133289,244,175,69,43180829
1687849,143,87,56,33183687
2731129,204,148,56,56981643
1126441,115,66,49,21038043
848761,147,104,43,15280055
966961,137,90,47,17706565
1266841,183,127,56,24019435
1984921,139,98,41,39821467
723601,130,83,47,12756103
2437009,145,102,43,50142869
1399441,154,105,49,26871195
849241,143,80,63,15290003
1553281,169,121,48,30221007
1126561,193,144,49,21040461
967129,113,82,31,17710003
724441,145,99,46,12772303
1835401,147,93,54,36465073
1267009,172,113,59,24022771
849601,88,58,30,15297167
724609,125,82,43,12775819
2133601,187,120,67,43188065
967201,107,71,36,17711647
1127281,92,64,28,21055815
1985041,224,152,72,39823831
1399609,139,95,44,26874699
1689601,138,91,47,33222383
850081,130,89,41,15307025
2271481,164,126,38,46335317
1553329,199,135,64,30222225
725041,133,90,43,12784647
2731681,243,160,83,56994165
1267681,152,93,59,24037037
968041,170,120,50,17728769
2574289,146,104,42,53323593
2437849,172,112,60,50161777
1127641,213,141,72,21063399
851041,139,92,47,15326641
1835569,223,145,78,36468779
725209,135,89,46,12787761
2868289,218,148,70,60200021
1400449,188,139,49,26892613
851209,137,84,53,15329839
725449,165,110,55,12792771
968521,159,102,57,17738893
1554169,222,167,55,30240687
1268929,168,106,62,24063635
1127809,161,110,51,21066873
1986121,172,114,58,39848515
2134609,149,102,47,43210771
725929,142,103,39,12802233
851449,119,77,42,15334573
1690081,232,158,74,33233213
968641,142,92,50,17741011
1835689,223,159,64,36471281
1400809,181,122,59,26900959
1128289,192,137,55,21077003
726289,130,85,45,12809587
851761,114,85,29,15341473
1269241,110,79,31,24070349
2438521,235,162,73,50178295
1554529,157,97,60,30248409
2732209,260,182,78,57006369
968689,169,123,46,17742283
2271721,209,137,72,46340807
726601,142,90,52,12815695
1986289,228,157,71,39851965
851881,215,145,70,15343429
1129489,180,126,54,21102287
2134801,203,137,66,43215199
1401409,186,125,61,26913735
1837249,213,143,70,36505907
727561,176,130,46,12834743
1269529,197,130,67,24076661
968809,135,89,46,17744737
852121,141,90,51,15348223
2574601,155,102,53,53330865
1690441,193,129,64,33241031
1130641,160,111,49,21126569
1554841,124,85,39,30254949
727729,133,88,45,12838283
852289,134,82,52,15351823
969049,110,80,30,17749725
1986601,174,117,57,39859615
1401481,164,103,61,26915223
1269601,171,114,57,24078377
2868961,207,151,56,60215819
728281,128,77,51,12849257
2438881,170,123,47,50186275
1130809,139,90,49,21130001
1838209,141,103,38,36527573
852769,147,97,50,15361561
2733361,167,118,49,57033643
969481,231,161,70,17758419
2135401,160,108,52,43229353
728809,124,84,40,12859697
1555129,140,108,32,30261639
852889,104,67,37,15364335
2272201,175,118,57,46351673
1270201,167,113,54,24090943
1130929,195,128,67,21132503
1402081,207,143,64,26928319
729649,211,152,59,12876715
969721,192,126,66,17763457
1690609,236,157,79,33244751
1986769,139,93,46,39863227
853969,131,84,47,15386011
1838761,132,89,43,36539917
730321,128,79,49,12890065
1131769,142,106,36,21150147
1555969,190,136,54,30279563
1270249,200,144,56,24091813
969889,251,170,81,17766739
854569,124,80,44,15398257
2439649,142,100,42,50203715
1402129,146,105,41,26929681
2574721,187,132,55,53333535
730969,164,113,51,12903037
2135641,181,130,51,43234469
1132009,204,141,63,21155127
855241,132,98,34,15412051
2733649,170,114,56,57040333
970201,146,103,43,17773921
731761,169,114,55,12918769
1986889,186,119,67,39865627
1270441,190,138,52,24095829
1839121,176,110,66,36547657
1556641,154,105,49,30294895
1692049,204,143,61,33276627
856081,161,101,60,15429151
1402249,125,81,44,26932051
732169,101,66,35,12926815
1132321,107,70,37,21161699
2869441,159,98,61,60227687
970561,180,124,56,17781019
2272321,174,120,54,46354289
856249,146,101,45,15432379
732601,93,60,33,12935935
1270609,201,130,71,24099579
2136289,108,66,42,43249721
2439889,116,86,30,50209813
1133689,172,116,56,21190679
971401,127,85,42,17798353
1987969,167,119,48,39889873
1839601,180,118,62,36558545
1402801,178,129,49,26944117
1556881,142,107,35,30299881
856969,123,87,36,15447187
732769,151,113,38,12938939
1271089,168,110,58,24109743
1134169,171,122,49,21200715
732841,147,94,53,12940625
2734201,203,136,67,57053695
971569,104,69,35,17801833
857161,236,151,85,15451291
1692721,198,140,58,33291243
2574889,178,116,62,53337627
1403641,226,148,78,26962509
733009,199,136,63,12943583
857809,123,88,35,15464171
1557481,158,108,50,30313359
1839769,187,130,57,36562421
972001,181,105,76,17810907
1134841,228,148,80,21214911
1989241,152,108,44,39918565
2136649,177,123,54,43257539
1271449,125,79,46,24117441
733321,73,54,19,12950159
2440201,190,134,56,50216731
857929,155,116,39,15466619
2272729,180,116,64,46363861
972409,157,112,45,17819105
1134961,136,82,54,21217443
1404649,118,75,43,26983895
733489,121,82,39,12953321
858001,98,60,38,15468383
1557649,180,121,59,30316919
2869729,178,134,44,60234159
1271929,258,183,75,24127671
1693129,187,126,61,33300845
1840441,154,93,61,36577517
733849,196,135,61,12960707
972721,89,62,27,17825693
1989961,146,105,41,39934873
2734321,220,145,75,57056587
1135009,120,83,37,21218547
858769,193,136,57,15483801
2137489,200,128,72,43276543
1405009,140,87,53,26991559
734329,151,107,44,12970289
1272049,126,78,48,24130629
858841,115,73,42,15485313
973081,219,151,68,17833487
1557889,143,95,48,30322019
1135129,196,138,58,21220851
2440489,181,130,51,50223157
2575129,198,141,57,53342805
735001,176,137,39,12983593
1840561,253,176,77,36579923
859321,102,69,33,15495453
1990081,163,104,59,39937579
973561,101,74,27,17843291
1405681,146,95,51,27006451
735169,180,123,57,12986833
2273041,185,120,65,46371397
1272289,172,116,56,24135599
1693441,158,117,41,33307643
1135201,127,82,45,21222651
859609,116,73,43,15501009
2137921,154,112,42,43286803
1558201,176,119,57,30329027
735529,156,106,50,12993955
973681,178,117,61,17845649
2734561,177,112,65,57061807
859681,95,63,32,15502437
1841401,167,108,59,36598823
1135969,174,120,54,21238837
1406161,146,97,49,27016945
1272961,185,132,53,24150001
736369,220,158,62,13010867
1990249,142,108,34,39941719
2440561,215,150,65,50224867
974089,149,101,48,17854121
2870401,137,88,49,60249903
859849,175,124,51,15505767
737041,162,114,48,13024369
1558321,195,139,56,30331451
1136041,146,101,45,21240355
1693729,190,127,63,33313901
1273561,150,101,49,24162877
860689,185,135,50,15523009
974401,146,102,44,17860727
1406281,223,141,82,27019309
2137969,207,134,73,43287943
737641,153,104,49,13036417
1841641,260,190,70,36604313
2575801,245,161,84,53358885
1136809,209,147,62,21256791
2273209,136,97,39,46374865
861001,154,102,52,15529525
737809,151,109,42,13039711
1990321,185,129,56,39942877
974761,161,103,58,17867969
1558561,142,103,39,30336767
2735329,163,112,51,57079613
1273609,155,107,48,24164159
1406521,171,113,58,27024247
861121,144,104,40,15532069
738721,111,75,36,13058137
1137481,198,145,53,21270731
2441041,162,113,49,50236069
976369,134,87,47,17901199
1842289,115,83,32,36618257
738889,165,103,62,13061275
861361,164,113,51,15536979
2139481,255,173,82,43322033
1694281,191,133,58,33326381
1273729,161,110,51,24166205
1137529,165,104,61,21272051
1558729,170,110,60,30340343
1990969,251,176,75,39957311
1406689,107,76,31,27027923
977209,111,70,41,17918735
739201,86,61,25,13067779
862009,120,81,39,15550161
2870641,186,125,61,60255673
1137889,120,73,47,21279413
739369,153,99,54,13071035
1842481,164,101,63,36622601
1274401,196,114,82,24180605
862129,150,101,49,15552501
977761,165,112,53,17930195
2735881,186,124,62,57092949
2273569,214,147,67,46383181
2441161,247,169,78,50238463
1559161,170,117,53,30349793
1407361,201,128,73,27042551
2576641,183,119,64,53377975
740041,120,87,33,13084501
862369,161,103,58,15557373
2140441,191,138,53,43343813
1138369,147,93,54,21289481
1991089,106,77,29,39959843
1694449,102,67,35,33330011
977881,178,121,57,17932487
1275121,145,90,55,24196433
740161,109,75,34,13086751
1842961,200,129,71,36633623
863521,134,94,40,15580935
1138729,153,106,47,21296975
1407841,136,79,57,27052957
740329,165,102,63,13090123
1559209,222,162,60,30350711
978049,200,144,56,17935745
1276129,209,145,64,24217895
1694809,188,125,63,33337949
741001,120,76,44,13103889
1991641,179,125,54,39972599
2441209,141,95,46,50239891
2274049,220,146,74,46394245
1139041,107,75,32,21303953
863641,140,91,49,15583227
2140609,171,116,55,43347815
2736049,166,111,55,57096555
1408009,134,90,44,27056623
1843129,246,185,61,36637145
741409,158,108,50,13111899
1559329,232,149,83,30353447
979969,97,62,35,17975945
1276969,140,89,51,24235547
1139329,164,111,53,21309959
2871289,169,115,54,60270931
741721,213,142,71,13118259
863689,142,100,42,15584103
1695289,192,131,61,33348393
2577241,214,142,72,53392001
1991761,244,170,74,39975299
1408201,179,118,61,27060489
742009,214,151,63,13123589
1140721,159,105,54,21339227
1277761,123,74,49,24252473
980401,202,153,49,17984693
1843321,167,113,54,36641371
1560049,141,99,42,30369091
2140681,149,99,50,43349249
864049,125,84,41,15591881
2274241,161,123,38,46398399
2441401,245,155,90,50244619
742681,132,82,50,13137349
1695481,162,113,49,33352779
1141009,146,107,39,21345145
2736169,247,173,74,57099387
1409041,185,125,60,27078849
743089,117,76,41,13145705
1278481,97,66,31,24268025
980449,158,100,58,17985605
864361,119,74,45,15598151
1991929,164,110,54,39979031
1560241,130,93,37,30373807
1843489,186,136,50,36645619
743401,129,91,38,13151801
1141081,203,141,62,21346549
1695961,168,108,60,33363411
2140849,216,155,61,43352987
1409209,189,131,58,27082683
1278601,159,107,52,24270563
2274409,168,121,47,46402221
865201,129,91,38,15615009
743689,122,75,47,13157387
980641,140,89,51,17989895
2442841,212,148,64,50277369
1141849,191,132,59,21363385
2577409,239,155,84,53395799
1560409,220,143,77,30376989
744409,160,109,51,13171895
2871409,205,149,56,60273577
1992481,154,100,54,39991785
1843801,175,115,60,36652573
1278769,278,195,83,24273893
865321,147,111,36,15617463
2736889,140,83,57,57115917
1696081,179,111,68,33365751
1410049,115,77,38,27100909
745201,135,90,45,13187759
1142569,162,95,67,21378199
981241,156,105,51,18002303
2141329,151,116,35,43363883
745249,171,124,47,13188569
1562089,229,144,85,30413977
2274841,221,150,71,46412409
865729,157,104,53,15625995
1279321,179,125,54,24286145
1142929,201,143,58,21385867
1844329,203,130,73,36664107
1410361,147,105,42,27108097
1992769,156,103,53,39998037
745369,147,97,50,13191017
2442889,227,150,77,50278395
1696249,194,130,64,33369579
981289,134,82,52,18003533
745609,163,118,45,13196027
1143529,139,95,44,21398543
866161,210,148,62,15634637
1279609,161,114,47,24292049
1563409,136,92,44,30442885
1411369,191,149,42,27129279
2737081,141,99,42,57120633
746041,133,84,49,13204487
2142001,201,130,71,43379789
981481,112,81,31,18007079
1844641,185,129,56,36671199
1696801,229,159,70,33381595
1143601,191,130,61,21399831
2578249,215,174,41,53415353
2275561,171,119,52,46428939
1992841,164,99,65,39999435
866329,115,73,42,15638063
746209,153,109,44,13208201
1280161,147,101,46,24303911
2871961,224,144,80,60286747
1564081,152,105,47,30457801
2443729,204,139,65,50298135
1412041,148,116,32,27143973
1144081,133,82,51,21410469
981961,170,117,53,18017327
747049,129,89,40,13225025
867001,162,102,60,15651785
1696969,178,124,54,33385687
1845601,151,105,46,36692853
1280281,178,138,40,24306533
747889,139,94,45,13241685
2142121,146,102,44,43382099
1993441,209,135,74,40013241
1144249,193,120,73,21413625
1413001,175,120,55,27164973
982321,168,126,42,18024641
1564369,132,93,39,30463993
2275681,205,135,70,46431615
2737849,163,117,46,57138723
748441,122,86,36,13253049
867409,142,93,49,15660149
1281961,177,114,63,24342395
1144441,160,98,62,21417615
1698001,236,168,68,33408265
748609,129,91,38,13256163
1845769,261,182,79,36696705
2443849,240,174,66,50300895
1413169,168,113,55,27168315
982489,170,114,56,18028073
868081,148,99,49,15673661
1993681,198,127,71,40018881
748729,139,88,51,13258635
2578489,191,120,71,53421071
1564921,150,111,39,30476149
2142169,172,119,53,43383419
1145281,153,93,60,21435515
1282009,112,76,36,24343379
748801,165,106,59,13259973
1699681,161,109,52,33445303
2276089,231,149,82,46440687
868249,163,97,66,15677255
2872081,148,96,52,60289795
982801,148,100,48,18034763
1845841,227,157,70,36698073
1413889,106,72,34,27184155
1146049,135,95,40,21451905
2738761,152,104,48,57160273
749401,118,75,43,13271931
1282201,200,131,69,24347525
1565041,124,85,39,30478495
1994521,171,108,63,40037713
2444089,249,168,81,50306271
749449,141,94,47,13272939
868561,138,91,47,15683923
1147441,170,111,59,21481355
2142529,147,99,48,43391381
1700161,124,84,40,33456259
983329,186,126,60,18045683
1414081,119,82,37,27188049
1282681,172,125,47,24357947
749641,148,91,57,13276677
1846321,168,94,74,36709131
1565209,181,120,61,30482551
2276401,179,109,70,46447791
1147561,229,161,68,21483815
868849,130,99,31,15689573
749809,179,124,55,13280115
1995121,198,138,60,40051825
983809,212,139,73,18055337
2578801,122,86,36,53428559
1701121,186,115,71,33477105
1414681,156,105,51,27201165
1282969,160,96,64,24364163
2739241,210,139,71,57171199
869521,124,92,32,15703181
1147969,136,86,50,21492161
2143201,206,139,67,43406495
2444401,168,123,45,50313819
1846441,140,99,41,36711765
983929,153,105,48,18057779
1565281,124,92,32,30483913
869689,184,142,42,15706769
1283521,147,96,51,24375843
1414849,179,134,45,27205071
1149409,165,112,53,21522643
1701289,227,155,72,33480831
2278249,170,108,62,46490305
2872921,222,152,70,60309529
984481,185,128,57,18069419
1995289,184,124,60,40055233
870241,115,75,40,15718073
1565929,145,99,46,30498397
1846609,170,103,67,36715533
1150081,133,91,42,21536697
986281,127,86,41,18106453
1283881,127,80,47,24383643
2143369,205,140,65,43410049
870601,202,145,57,15725257
1414921,158,124,34,27206781
2444569,239,157,82,50317617
2739409,238,162,76,57174709
1701361,123,79,44,33482769
987361,179,117,62,18129385
1150249,201,134,67,21540489
1995529,232,156,76,40060309
871249,103,71,32,15738481
1284889,140,97,43,24405435
2578969,156,103,53,53432663
1566049,150,117,33,30500953
2279041,222,143,79,46508035
1846849,234,151,83,36720555
1415569,176,122,54,27220363
988129,154,94,60,18144997
872041,133,75,58,15754897
1150489,217,153,64,21545397
1701841,157,118,39,33493815
2143969,144,90,54,43423761
988681,127,84,43,18156645
1286209,127,90,37,24433367
872089,158,109,49,15755749
1566121,228,161,67,30502447
1995841,163,99,64,40067935
1150921,176,121,55,21554481
1415929,117,85,32,27228163
2445241,258,180,78,50332737
1847281,259,187,72,36729819
2739769,237,163,74,57183385
2873641,150,102,48,60326077
988849,125,87,38,18159855
872281,139,93,46,15759529
2279281,206,134,72,46513639
1702009,157,110,47,33497505
1286569,144,96,48,24441219
1151089,141,103,38,21558169
989641,154,100,54,18176463
872761,209,146,63,15769589
1416601,116,70,46,27242825
1566289,177,112,65,30506323
2144041,125,82,43,43425483
1996129,232,164,68,40073607
1847689,217,140,77,36739449
1286881,194,134,60,24447855
1152649,128,87,41,21591397
873049,183,121,62,15775337
2579329,168,115,53,53440831
990361,113,77,36,18191391
1702369,166,119,47,33505197
2445409,217,153,64,50337381
1416769,227,151,76,27246167
1566769,141,91,50,30516681
2282281,186,117,69,46583727
873121,206,140,66,15776807
990529,118,84,34,18194799
1152841,189,130,59,21595117
2740249,197,142,55,57194869
1287841,124,77,47,24468357
1996681,202,144,58,40086501
2144209,213,151,62,43429257
1848169,151,112,39,36750241
873721,125,82,43,15788981
990889,119,77,42,18202219
1702801,155,101,54,33514725
1417369,168,105,63,27259407
1153441,125,78,47,21607875
1566889,145,97,48,30519141
1288009,202,145,57,24472005
874729,166,135,31,15809641
2873809,190,118,72,60329797
991201,118,78,40,18208957
2445601,170,120,50,50341671
1153609,228,159,69,21611039
2283409,211,153,58,46609197
876121,199,132,67,15838169
1848289,120,82,38,36752833
1702849,196,139,57,33515583
1996849,177,125,52,40090197
1418449,216,153,63,27282661
993001,122,78,44,18246475
1288249,172,115,57,24476889
2144641,171,127,44,43439793
1567729,182,128,54,30537589
2579809,221,160,61,53451721
2741281,268,183,85,57218773
1153681,123,83,40,21613379
876481,130,90,40,15845681
993049,172,121,51,18247615
1418881,197,129,68,27292231
1288849,175,106,69,24489805
1702969,229,160,69,33518463
877321,119,77,42,15862623
1848841,202,151,51,36765091
1153849,183,134,49,21616691
1998049,120,83,37,40117699
993169,131,94,37,18249829
2445769,208,150,58,50345247
1568449,148,99,49,30553229
2283649,135,91,44,46614375
878089,97,63,34,15878133
2144689,177,127,50,43440783
1288921,196,130,66,24491197
993241,139,94,45,18251401
1154449,159,102,57,21629571
1419961,220,146,74,27315517
1703041,194,130,64,33519981
878641,82,49,33,15889617
2741449,290,200,90,57222841
1849201,142,84,58,36773159
1569121,155,113,42,30568259
2874169,155,115,40,60338467
993841,165,108,57,18263839
1999561,181,113,68,40151199
1155001,151,96,55,21641109
1289401,115,72,43,24502177
878929,206,141,65,15895453
1420561,178,112,66,27328651
2284489,182,124,58,46633263
2580169,167,126,41,53460253
2446369,218,140,78,50358863
994249,135,85,50,18271959
2145361,164,105,59,43455475
1703809,174,112,62,33537057
1155169,140,98,42,21644703
879001,185,111,74,15896953
1569241,243,167,76,30570599
1849681,188,128,60,36783955
1291249,158,116,42,24541533
994561,168,110,58,18278601
1420729,206,145,61,27332689
2000209,224,151,73,40165841
879169,128,84,44,15900651
1155529,132,93,39,21652037
2741929,160,90,70,57234217
1704529,177,122,55,33553285
996361,137,90,47,18316139
1291369,176,117,59,24544311
879649,113,75,38,15910377
2285161,240,155,85,46649025
1569289,189,126,63,30571697
2145529,164,101,63,43459375
1849849,183,122,61,36788065
2447209,160,117,43,50378725
1421401,158,110,48,27346815
1155841,164,100,64,21658601
996409,133,92,41,18317123
880681,182,117,65,15931559
2000329,204,143,61,40168877
1292089,171,110,61,24559497
1705369,237,164,73,33571519
2874481,135,81,54,60345871
1155961,135,93,42,21661403
996529,160,113,47,18319343
1569649,161,108,53,30579593
881449,200,121,79,15946757
2580649,232,156,76,53471299
1421449,195,132,63,27347967
1850041,167,113,54,36792175
2285329,205,148,57,46652835
2145721,232,167,65,43463761
2742721,219,149,70,57252303
996601,148,98,50,18320969
1292281,138,92,46,24563697
1156009,202,148,54,21662373
882169,167,117,50,15961787
2447761,150,101,49,50391421
2001049,172,122,50,40185265
1706569,261,183,78,33598169
1421569,228,165,63,27350343
1569961,201,137,64,30586763
997081,212,139,73,18331347
882289,137,96,41,15964199
1156369,151,98,53,21669969
1293961,164,119,45,24599673
1850521,144,91,53,36802549
997201,129,95,34,18333717
882529,151,93,58,15969413
1707889,187,133,54,33627759
1422241,218,142,76,27365157
1156681,164,115,49,21676719
2146201,218,142,76,43474807
2285641,134,92,42,46660001
1570081,210,152,58,30589023
2001409,150,97,53,40193077
1294129,170,113,57,24603405
882961,184,116,68,15978227
997369,154,96,58,18337035
2742769,201,143,58,57254061
2448049,231,155,76,50397775
1850689,138,95,43,36806083
2580841,266,170,96,53476273
1156801,146,103,43,21679125
2874841,214,138,76,60354577
883969,145,107,38,15998857
1422409,218,146,72,27368829
997609,222,149,73,18341949
1708009,144,93,51,33630225
1294561,152,105,47,24612909
1571329,156,104,52,30616875
1156849,146,97,49,21679923
2001721,199,123,76,40200241
884881,230,155,75,16017161
2146489,174,116,58,43481107
998281,157,108,49,18356001
2285929,177,127,50,46666649
1851649,199,134,65,36828297
1422961,154,103,51,27380913
1294609,140,92,48,24613785
885529,151,106,45,16030721
1709689,239,172,67,33667197
1157209,103,69,34,21687735
999049,168,115,53,18371887
1571761,158,101,57,30626247
2448769,163,120,43,50414803
2742889,190,124,66,57256659
885721,126,86,40,16034465
2002009,167,108,59,40206577
999721,149,103,46,18385781
1423129,193,132,61,27384477
1157641,163,112,51,21696807
1294729,195,136,59,24616353
2146561,158,109,49,43482853
1853161,249,177,72,36861715
885889,113,79,34,16038011
1710409,195,133,62,33683019
2286169,199,130,69,46671657
1571929,189,141,48,30629967
2581441,169,109,60,53489783
999769,146,103,43,18386741
1158361,112,65,47,21712269
1295809,116,85,31,24639097
887401,121,84,37,16069051
1423321,106,79,27,27388527
2875489,175,116,59,60369497
2448961,217,150,67,50419231
999961,140,96,44,18390797
2002249,198,149,49,40211857
1853209,190,122,68,36862867
1158481,125,79,46,21714645
1710529,264,186,78,33685767
887569,140,96,44,16072465
2743129,165,109,56,57262257
1572841,201,140,61,30649489
2147161,174,110,64,43496531
1296409,146,97,49,24651969
1000609,204,137,67,18403965
1423921,163,116,47,27401535
2286481,198,128,70,46678779
888001,109,72,37,16080835
1158529,146,108,38,21715509
1000969,189,127,62,18411291
2002681,193,124,69,40221697
1853329,181,125,56,36865393
1710601,216,134,82,33687711
1573009,127,82,45,30653287
1296481,130,81,49,24653745
888409,176,116,60,16089469
2449441,210,136,74,50430067
1423969,171,111,60,27402537
1159201,112,78,34,21730059
1001401,128,88,40,18420735
2147329,194,133,61,43500089
888721,159,107,52,16095961
2582161,199,142,57,53506721
2743561,192,128,64,57272229
1296649,136,91,45,24657195
2286601,161,114,47,46681761
1001569,240,164,76,18424059
1159489,150,92,58,21735927
1574161,161,114,47,30678807
1711081,182,119,63,33698145
1854409,237,170,67,36889505
889081,199,135,64,16103191
2003761,157,109,48,40246219
1424809,150,99,51,27420475
2875681,173,125,48,60373787
1001809,185,124,61,18429201
1297129,211,143,68,24667419
1160041,179,130,49,21747447
889921,163,110,53,16120313
2449561,201,140,61,50432935
2147569,240,156,84,43505795
1575289,155,104,51,30703503
1711921,155,109,46,33717039
1425169,155,102,53,27428689
1002121,199,136,63,18435669
890761,173,114,59,16137761
1854889,118,84,34,36900077
1160161,121,81,40,21749973
2004529,172,108,64,40263381
2286649,213,140,73,46682913
1297249,212,158,54,24670029
2744449,257,180,77,57293163
1002241,139,96,43,18438033
891409,160,105,55,16150773
1425481,212,146,66,27435409
1575961,159,118,41,30718191
1160569,169,114,55,21758559
1712761,187,120,67,33735867
2582329,222,151,71,53510261
1298161,171,120,51,24689773
1002289,165,115,50,18438837
2147881,167,108,59,43512977
891601,206,139,67,16154967
1855729,213,142,71,36919469
2449609,266,182,84,50433811
2004601,161,112,49,40265013
1161001,176,119,57,21767811
892249,147,101,46,16168449
1002481,116,82,34,18443097
1425601,176,118,58,27437875
2286841,196,138,58,46687041
1576849,209,137,72,30737925
1298329,199,129,70,24693409
1712881,169,117,52,33738435
2876161,206,144,62,60385283
1161169,127,71,56,21771495
892609,186,136,50,16175569
1004089,176,119,57,18476659
2745121,145,102,43,57309399
1855849,165,105,60,36921593
2148049,209,133,76,43516571
1425649,153,103,50,27438759
2005249,180,117,63,40279841
1298641,179,114,65,24700189
893041,167,116,51,16184455
1577689,154,99,55,30756111
1004161,139,93,46,18478027
1161241,136,88,48,21772653
2449729,232,160,72,50436613
1712929,145,96,49,33739341
2287009,177,115,62,46690821
893281,139,83,56,16189495
1004761,165,110,55,18490327
1855921,186,139,47,36923603
2583169,187,123,64,53530025
1298809,193,129,64,24703615
1425769,151,100,51,27441423
1161841,221,146,75,21785441
1578361,224,146,78,30770781
893449,225,161,64,16192723
2005369,201,150,51,40282331
2148241,222,159,63,43520873
1005481,130,88,42,18505623
1713121,166,114,52,33743697
2746801,196,140,56,57348405
1162009,142,91,51,21788885
1299169,155,103,52,24711133
893881,156,86,70,16201723
1426489,135,94,41,27456933
2449801,200,145,55,50438449
1856089,144,92,52,36927191
1006441,155,101,54,18525075
2288161,188,131,57,46717949
1579321,150,101,49,30791937
2876329,170,120,50,60389477
1162081,196,140,56,21790535
893929,102,62,40,16202701
1713289,226,156,70,33747081
2005441,150,102,48,40284059
1299601,105,70,35,24720745
1006609,177,115,62,18528771
1427281,169,114,55,27474465
2149249,161,111,50,43544319
894721,125,85,40,16218831
1162729,162,104,58,21804245
1858081,119,73,46,36971789
1007161,88,57,31,18540525
1579561,193,124,69,30797073
1299841,150,99,51,24725653
2746921,186,129,57,57350907
2584009,182,114,68,53549795
895729,206,132,74,16239459
1713601,160,118,42,33754155
2450809,202,136,66,50461943
1427329,132,91,41,27475365
2288281,155,105,50,46720253
1163521,220,154,66,21821189
2006929,189,136,53,40317779
1008001,158,111,47,18557931
895801,160,107,53,16240983
2149681,172,118,54,43554123
1300609,157,105,52,24742071
1858201,165,111,54,36974681
1009201,159,105,54,18582723
1580041,182,130,52,30808167
1163689,243,156,87,21824483
1427521,202,134,68,27479379
896281,146,85,61,16251171
1713769,161,105,56,33757629
2877841,196,136,60,60425127
1300681,202,145,57,24743691
1009369,177,123,54,18586191
2007721,157,100,57,40335545
896449,161,110,51,16254351
1164409,125,89,36,21839961
2451289,100,60,40,50472691
2288449,219,160,59,46723991
2747089,251,183,68,57354993
1581169,220,151,69,30832307
1428169,193,124,69,27493455
2584369,261,186,75,53557895
2150689,207,141,66,43576929
1010809,168,115,53,18616155
897241,157,105,52,16270455
1301281,122,80,42,24756465
1165081,123,81,42,21854223
1858249,187,121,66,36975635
897649,121,73,48,16278855
1010881,114,77,37,18617607
2007769,206,129,77,40336745
1581721,158,109,49,30844607
1428529,176,124,52,27501017
1714441,152,98,54,33772839
1165201,111,79,32,21856743
1302121,194,126,68,24774495
2878849,163,108,55,60449031
2289841,137,101,36,46756357
898129,158,105,53,16288631
2452321,151,106,45,50496691
1011649,140,100,40,18633495
2151241,199,140,59,43589881
2747161,268,182,86,57356601
2585041,200,132,68,53573369
1165921,143,94,49,21872001
1429201,132,93,39,27515771
1581889,124,97,27,30848063
898921,169,113,56,16305017
1302841,117,71,46,24790195
1011889,169,116,53,18638853
2007961,212,156,56,40341161
899161,170,116,54,16310057
1166041,182,121,61,21874635
1858369,209,155,54,36977861
1714729,158,101,57,33779037
1303009,200,140,60,24793621
1012201,189,119,70,18645247
1429369,221,152,69,27519503
2289961,193,145,48,46758943
1582081,192,130,62,30852683
2152201,208,129,79,43611557
899761,126,86,40,16322433
2452921,201,139,62,50509841
2879521,189,117,72,60464565
1166089,147,107,40,21875523
1012321,164,107,57,18647791
2008441,218,155,63,40351867
1303129,207,149,58,24796189
2585521,196,128,68,53585093
2748601,187,128,59,57390367
1429801,175,118,57,27529367
1715449,211,138,73,33794981
1582729,194,141,53,30866827
1858921,186,126,60,36990741
1166929,118,71,47,21893341
1012369,192,131,61,18648673
1304209,115,84,31,24819731
2290369,181,119,62,46768123
2152369,178,124,54,43615469
1429849,125,87,38,27530399
1167289,188,128,60,21900829
2008729,171,102,69,40358263
1012489,172,127,45,18651283
2453089,191,134,57,50513747
1583089,187,117,70,30874651
1715569,220,147,73,33797459
2879641,206,143,63,60467475
1306489,209,139,70,24868011
1859041,232,164,68,36993039
2585641,191,131,60,53587197
1013041,182,114,68,18662881
1167889,199,133,66,21913379
2748769,153,104,49,57394009
1429969,191,131,60,27532835
1583521,127,83,44,30884311
2152921,184,133,51,43628171
1307161,200,138,62,24882821
2290969,170,117,53,46782379
2010241,190,125,65,40392433
1716241,190,128,62,33812197
1013329,133,84,49,18668803
1168969,199,135,64,21936855
2453329,212,143,69,50519915
1859281,150,112,38,36998655
1430041,132,88,44,27534299
1013401,138,94,44,18670093
1307209,193,140,53,24883721
1169281,133,82,51,21943197
1583689,143,88,55,30888097
2880049,211,157,54,60477033
1717081,165,118,47,33831121
2586721,150,102,48,53612705
2010289,216,142,74,40393627
1013569,210,142,68,18673629
2153089,158,108,50,43631801
2749441,233,152,81,57410087
1430521,106,72,34,27544849
1169401,120,83,37,21945585
2291041,120,78,42,46783843
1308049,210,137,73,24901643
1859881,139,90,49,37011879
1583761,140,89,51,30889543
1014721,130,92,38,18697783
2454841,179,127,52,50554631
1717129,215,152,63,33832075
1169449,141,90,51,21946365
1308841,152,103,49,24919009
1430641,104,71,33,27547447
2011081,159,107,52,40411433
1014889,157,96,61,18700963
1583929,164,111,53,30893347
2153209,219,136,83,43634051
2880529,151,102,49,60488199
2588329,283,192,91,53650407
1169809,150,99,51,21954255
1860289,233,159,74,37020987
2292361,160,105,55,46814103
1309249,283,205,78,24927753
1717321,172,116,56,33836443
1015009,166,108,58,18703717
2749609,200,140,60,57414053
1430881,144,97,47,27552439
1170649,168,115,53,21971733
2455681,288,201,87,50574297
1584409,180,120,60,30903633
2011129,203,145,58,40412621
1015081,178,129,49,18705319
1309849,199,133,66,24940605
1860721,200,128,72,37030611
1431361,164,104,60,27562899
2153449,134,90,44,43640081
1717489,167,100,67,33840559
1171801,134,92,42,21996931
1015561,122,86,36,18715393
2292529,212,156,56,46817835
2588401,189,135,54,53651925
1585201,135,97,38,30921081
2880649,179,125,54,60491397
1309921,189,123,66,24942231
1171921,114,76,38,21999109
2012161,244,161,83,40436147
2749849,302,215,87,57419207
1431649,191,126,65,27569435
1016089,146,96,50,18726199
1718929,140,84,56,33872449
1863241,193,133,60,37087033
2457001,206,153,53,50604911
1311241,203,138,65,24970275
2153929,210,158,52,43651157
1585249,159,110,49,30922215
1171969,202,139,63,22000207
1016401,98,66,32,18732791
1431721,114,71,43,27571079
2293321,219,156,63,46835805
2012641,140,96,44,40446617
2590249,195,131,64,53694501
1719001,246,176,70,33873781
1311769,182,128,54,24981519
1172329,192,126,66,22007443
1016569,197,143,54,18736193
1863481,149,101,48,37092571
2881561,143,104,39,60513011
1586041,161,112,49,30939559
1432489,173,120,53,27587315
2750161,241,162,79,57426773
2457121,238,166,72,50607449
1016689,172,118,54,18738539
2155129,154,105,49,43677587
1172929,173,116,57,22020073
1312921,132,99,33,25006367
1719841,206,146,60,33892255
2013001,173,116,57,40455119
1586089,177,120,57,30940429
2293729,104,72,32,46845765
1016929,118,90,28,18743565
1863649,230,162,68,37096663
1173001,169,114,55,22021843
1432729,156,102,54,27592463
1313041,187,129,58,25008809
2590729,215,156,59,53705397
1017361,140,85,55,18752577
2884081,340,228,112,60571573
1173481,125,77,48,22032145
1720321,152,95,57,33903169
2155609,145,99,46,43688915
1586209,129,80,49,30943405
2457361,155,101,54,50612957
1313449,158,104,54,25017673
1433041,118,76,42,27599207
2751361,172,113,59,57455105
2013169,190,128,62,40458605
1864801,190,124,66,37122721
1018201,193,135,58,18770235
2294209,146,97,49,46856223
1173841,191,135,56,22039673
1313761,149,102,47,25024699
1586881,145,97,48,30957969
1721449,121,88,33,33928445
1019209,98,69,29,18791343
1433329,173,118,55,27605747
2590921,184,122,62,53709999
1174441,129,93,36,22052397
2156809,203,132,71,43716353
2014009,204,133,71,40477487
1864921,205,119,86,37124827
1019281,158,107,51,18792801
2457529,272,187,85,50616701
2884681,218,141,77,60585697
1313881,162,101,61,25026943
1587121,160,110,50,30962919
1434241,124,81,43,27625589
1174489,184,120,64,22053255
1721521,184,120,64,33929663
2752201,163,106,57,57474637
2295001,218,146,72,46874493
1019449,221,158,63,18795951
1313929,185,121,64,25028161
1174681,104,63,41,22057647
2014609,145,97,48,40490855
2157121,182,124,58,43723865
1865161,176,116,60,37130581
1587961,112,80,32,30981751
1020049,193,124,69,18808369
1434841,161,107,54,27638569
2591401,207,149,58,53721453
1721689,227,168,59,33933275
1314601,180,117,63,25042625
2458369,104,72,32,50636219
1175521,120,88,32,22075111
1020961,169,122,47,18827229
2885089,163,105,58,60595551
2295169,243,164,79,46878561
1435009,117,77,40,27642061
1588729,222,153,69,30998389
2753809,184,134,50,57512611
1865329,256,182,74,37134085
2015161,166,115,51,40504073
1314769,143,88,55,25046183
1176121,205,147,58,22087909
1722529,180,127,53,33951645
1021129,191,127,64,18831729
2157481,233,159,74,43731857
2591521,161,103,58,53723811
1435249,165,110,55,27647423
1176361,185,133,52,22092931
1021441,104,71,33,18838041
1588801,178,115,63,31000063
1315441,153,97,56,25060633
2458681,142,93,49,50643971
2295721,170,114,56,46891017
1866001,129,87,42,37149287
1723369,275,200,75,33970431
2016361,224,152,72,40530843
2885569,223,148,75,60606579
1021561,154,107,47,18840267
1176529,176,110,66,22096327
2158081,109,77,32,43745255
1315729,158,106,52,25066471
1435561,167,114,53,27653981
2754049,165,115,50,57518263
1589281,130,92,38,31011127
1022449,152,95,57,18858647
1177009,190,124,66,22106333
1723801,193,120,73,33980283
2592241,142,100,42,53741101
1866649,151,98,53,37163559
1315801,138,96,42,25068217
2016529,225,162,63,40534253
1435921,160,106,54,27661997
2459209,138,96,42,50655959
2295841,188,129,59,46893465
1023289,142,100,42,18876113
1589569,157,109,48,31017421
1177129,191,125,66,22109231
2158129,165,118,47,43746311
1315969,133,95,38,25071487
2885689,201,136,65,60609993
1724209,132,98,34,33988743
1023409,161,113,48,18878921
1436089,234,165,69,27665621
1867009,194,125,69,37171455
2754361,128,81,47,57525625
1177201,95,63,32,22110923
1589641,142,89,53,31018867
2016841,182,124,58,40541453
1024249,133,95,38,18896157
1316401,142,103,39,25080793
2592361,221,154,67,53744089
2296009,188,130,58,46897803
2460649,196,123,73,50688943
1177681,204,149,55,22120523
1724641,175,115,60,33998967
2158801,214,155,59,43761839
1437409,110,82,28,27694229
1024321,120,84,36,18897705
1590241,159,105,54,31031593
1867321,138,100,38,37179435
1317409,217,158,59,25102709
1177801,162,99,63,22123205
2017009,158,106,52,40545335
2886361,188,118,70,60625339
1024921,146,101,45,18910443
1438609,211,134,77,27719925
1724689,181,126,55,34000029
2754481,179,123,56,57528397
1317961,174,109,65,25114495
1590481,155,110,45,31036987
2296081,208,145,63,46899243
1178041,155,99,56,22128101
2592409,195,131,64,53745019
2460721,218,144,74,50690491
2158921,250,186,64,43764251
1025161,215,139,76,18915051
1867609,181,123,58,37185459
1439089,183,119,64,27730419
2017369,163,102,61,40553519
1318249,158,95,63,25120543
1178521,203,132,71,22139159
1725481,210,143,67,34017423
1025641,152,105,47,18925471
1590961,192,116,76,31047397
2886409,207,141,66,60626707
1178641,157,117,40,22141295
1025929,128,89,39,18931255
1439209,222,154,68,27733299
1318489,164,115,49,25125763
2296729,200,140,60,46914213
1867849,150,94,56,37190241
2754649,199,136,63,57532381
2159329,282,191,91,43773259
2460889,248,170,78,50694619
2017681,181,127,54,40560479
2592769,213,142,71,53753251
1726201,93,64,29,34033661
1591921,164,115,49,31068719
1026481,123,75,48,18942637
1178689,182,119,63,22142321
1321681,128,89,39,25194589
1439881,128,94,34,27747927
1027321,119,82,37,18960577
1869169,105,66,39,37219861
1178809,129,88,41,22144835
1591969,163,105,58,31069679
1726489,200,147,53,34039961
2159809,221,149,72,43784449
2297521,175,114,61,46932279
1322161,164,106,58,25204889
2017801,222,143,79,40563683
2886529,226,162,64,60629377
1440889,190,136,54,27769581
1027489,126,78,48,18963829
2754721,231,159,72,57534055
2461489,196,126,70,50708413
1179649,119,76,43,22162673
2593249,255,168,87,53764237
1592329,279,197,82,31077551
1322281,152,88,64,25207529
1869529,185,131,54,37228171
1726561,219,138,81,34041719
1028329,135,89,46,18981047
1180369,163,108,55,22178087
1440961,158,107,51,27771213
2018041,159,102,57,40569377
2160001,131,95,36,43789309
2297761,215,143,72,46938309
1029001,150,101,49,18995233
1322329,146,103,43,25208555
1592761,165,113,52,31086951
1181209,179,108,71,22196171
2887081,209,152,57,60642427
1726729,141,92,49,34044935
2461729,187,123,64,50714065
1870129,185,124,61,37241911
1441729,173,123,50,27788047
2754889,176,122,54,57537691
1029289,160,108,52,19001029
2593609,205,143,62,53772835
1322449,266,181,85,25210865
2019361,136,93,43,40598567
1181329,218,161,57,22198601
1593481,244,169,75,31102857
2160841,164,100,64,43808083
1029361,154,92,62,19002547
2298409,135,89,46,46952615
1442641,120,76,44,27807745
1727161,225,155,70,34054721
1322521,180,114,66,25212659
1181881,165,122,43,22210301
1870369,198,142,56,37247001
1029841,160,109,51,19012843
2462041,177,118,59,50721391
1593841,204,134,70,31110645
2887201,206,149,57,60645577
2020321,155,113,42,40620541
1443961,180,111,69,27836377
1182889,209,137,72,22231415
2594209,217,154,63,53786959
1322689,121,82,39,25216067
2755201,143,100,43,57545335
1727329,142,101,41,34058453
1030201,116,84,32,19020325
2161849,184,120,64,43831219
2299249,204,148,56,46972181
1871641,151,100,51,37275417
1594849,200,131,69,31133013
1183561,121,85,36,22245521
1323001,190,130,60,25222875
1030369,197,129,68,19023823
1444081,146,104,42,27838733
2020489,132,97,35,40624003
1727569,200,142,58,34063931
2462329,151,100,51,50727787
1183729,142,102,40,22249361
1030681,161,114,47,19030105
1323169,109,67,42,25226391
1596121,178,128,50,31161019
2887441,238,161,77,60650971
2162449,138,94,44,43844861
2594881,169,112,57,53802409
1872049,156,99,57,37284183
1444249,164,110,54,27842597
2755369,214,140,74,57549073
2300209,252,177,75,46993981
1185241,124,83,41,22281711
1030801,173,110,63,19032895
1727881,111,81,30,34071083
2020561,172,122,50,40625623
1323529,180,120,60,25234179
1596169,148,102,46,31161925
1444489,211,130,81,27847721
1031521,182,123,59,19047677
1185361,135,93,42,22284189
2462401,227,156,71,50729353
1872529,212,133,79,37295391
2163289,232,176,56,43863919
1324201,228,154,74,25248759
1728409,160,107,53,34082467
1031809,129,91,38,19053683
2595049,251,150,101,53805907
1185601,196,125,71,22289093
2887921,166,103,63,60662029
2300281,170,98,72,46995535
1596961,143,100,43,31179487
2020729,156,110,46,40629883
1444801,165,112,53,27854495
2756161,154,107,47,57567423
1324369,205,140,65,25252227
1032049,213,142,71,19058735
1872721,149,105,44,37299711
1186249,123,77,46,22302369
1728889,232,155,77,34092943
2163361,182,122,60,43865695
1597129,207,152,55,31183543
2463049,188,123,65,50744411
1445161,129,99,30,27862137
1032649,144,91,53,19071219
1324681,160,108,52,25259469
2022049,166,117,49,40659529
1186441,156,114,42,22306629
2300761,136,94,42,47006653
2595601,178,130,48,53819347
1032721,219,142,77,19072545
2888089,175,120,55,60666323
1872889,238,164,74,37303311
1729249,145,102,43,34100899
1445329,244,168,76,27865737
1597369,157,96,61,31188469
1324849,134,101,33,25262697
1187089,166,103,63,22320609
2756401,230,147,83,57572873
1033369,138,94,44,19086369
2164681,155,109,46,43895611
2022841,224,168,56,40677079
2463841,205,134,71,50762969
1187761,153,99,54,22334859
1324969,153,95,58,25265169
1445929,193,130,63,27878781
1597801,200,136,64,31197957
1729681,202,139,63,34110643
2301049,218,151,67,47012929
1033489,175,109,66,19088607
1873321,174,122,52,37312941
2595961,231,150,81,53827471
1188049,168,103,65,22340583
1325521,150,97,53,25276931
2888449,175,121,54,60674873
1035241,142,94,48,19125065
1446001,212,144,68,27880845
2023009,216,132,84,40680907
2164801,115,83,32,43898227
1597969,187,131,56,31202079
2756569,181,121,60,57577179
1729921,161,109,52,34115813
1188289,183,127,56,22345751
1874209,172,121,51,37332753
2464009,248,177,71,50766683
1035409,144,96,48,19128881
1326049,177,117,60,25288667
2301601,132,92,40,47025733
1446169,234,150,84,27884241
1598209,234,165,69,31206879
1188601,206,150,56,22352597
1036249,258,179,79,19146059
2023081,135,98,37,40682557
1730089,124,81,43,34119179
2596129,202,125,77,53831365
1326529,120,76,44,25298531
2165521,203,144,59,43915027
1874881,133,89,44,37348113
2889049,161,111,50,60688775
1447009,183,129,54,27902625
1188721,161,105,56,22354913
1036561,183,121,62,19152825
2757049,182,128,54,57587841
1598521,180,129,51,31213991
2464849,176,120,56,50786289
1326649,158,113,45,25301213
2301889,288,204,84,47032057
1730929,200,131,69,34138279
1036681,108,74,34,19155363
1188769,214,142,72,22356107
2023849,164,110,54,40700023
1447441,178,121,57,27911817
2165809,214,161,53,43921519
1875241,168,113,55,37355655
1326889,156,106,50,25306367
1598689,140,94,46,31217405
2596441,231,146,85,53838811
1036729,130,89,41,19156413
1189801,205,131,74,22378061
1731361,111,76,35,34147813
2889769,166,115,51,60705303
1447609,144,93,51,27915561
1036921,202,143,59,19160133
2464921,238,171,67,50787803
2023921,186,129,57,40701529
2302441,195,142,53,47045369
1327201,190,128,62,25313231
2757169,231,152,79,57590829
1190809,175,110,65,22399387
1599361,129,77,52,31232255
1876009,163,111,52,37373451
2166529,192,121,71,43937725
1037089,116,74,42,19163631
1732369,165,107,58,34170351
1448449,151,98,53,27934039
1327369,173,117,56,25316615
1191409,176,123,53,22412373
2596729,198,136,62,53845063
1599529,193,130,63,31235999
1037401,164,102,62,19170915
2024689,269,194,75,40719023
2302561,204,144,60,47047967
1876081,176,113,63,37374807
1191481,137,83,54,22413669
1327489,172,119,53,25319045
2465929,216,147,69,50811239
2890441,125,75,50,60721929
1449001,142,91,51,27945967
1732609,208,144,64,34175739
1037929,181,125,56,19181409
2757889,191,123,68,57607527
2166721,191,133,58,43942327
1599889,141,100,41,31243823
1192969,196,132,64,22445023
1327561,188,115,73,25320977
2025241,266,185,81,40731131
1038409,104,65,39,19191345
1449121,152,108,44,27948139
2596969,189,125,64,53851537
1876249,171,116,55,37378875
1732921,168,104,64,34182495
1193161,170,106,64,22449625
2302609,122,83,39,47048957
1600201,165,113,52,31250991
1038529,176,120,56,19193757
1328161,205,133,72,25333581
2467369,253,182,71,50844731
2167369,159,104,55,43956987
2891281,204,126,78,60741441
1449169,179,127,52,27949249
1193329,232,157,75,22452691
2025409,112,78,34,40735535
2759521,222,141,81,57646141
1038601,107,67,40,19195233
1733041,185,133,52,34185243
1877401,160,120,40,37404185
1329241,167,114,53,25357075
1600321,188,140,48,31253241
1193761,217,152,65,22462027
1449289,150,103,47,27951919
1039081,176,110,66,19205511
2597401,192,119,73,53861299
2302969,196,137,59,47057343
2168329,156,114,42,43979187
1329721,159,97,62,25367347
2467441,203,139,64,50846627
1733449,171,120,51,34194135
2026081,185,127,58,40750541
1194601,180,118,62,22479757
1039249,123,85,38,19209045
1601161,126,88,38,31271985
1877521,189,140,49,37406843
2891569,230,156,74,60747819
1449361,106,82,24,27953485
1330009,243,179,64,25373827
2759689,211,155,56,57649885
1039921,144,96,48,19223023
1194769,162,115,47,22483273
1733929,283,193,90,34204683
2303569,157,107,50,47071149
1601209,130,86,44,31272999
2597641,248,165,83,53866567
2169169,228,154,74,43997865
2026249,154,100,54,40754171
1449841,170,116,54,27964329
1040089,148,114,34,19226551
1330249,189,126,63,25378993
1877761,120,97,23,37412267
1195489,142,94,48,22498671
2467609,157,106,51,50850635
1040449,138,99,39,19234073
1734049,162,116,46,34207695
1601569,220,151,69,31280877
1331521,100,69,31,25406113
2892289,187,126,61,60765195
1450201,117,81,36,27971847
1195681,140,92,48,22502589
2759761,136,90,46,57651631
2027209,216,141,75,40775619
2304961,151,107,44,47103371
2169841,232,156,76,44013237
1878769,206,141,65,37434755
1040881,138,93,45,19242995
1195849,167,111,56,22506369
2597809,198,133,65,53870497
1331761,138,92,46,25411249
1602169,218,143,75,31293637
2467921,157,103,54,50857679
1450849,99,75,24,27986127
1734121,172,120,52,34209249
1040929,207,147,60,19244093
1196281,144,97,47,22515471
2027449,189,130,59,40781337
1331929,116,68,48,25414663
1879921,142,104,38,37461293
1041121,120,69,51,19247987
1602241,145,84,61,31295659
1451041,191,131,60,27990039
2892649,230,158,72,60773301
2170681,230,162,68,44032203
2305321,201,127,74,47111243
1734721,186,129,57,34222461
2759929,224,156,68,57655423
1196329,164,111,53,22516611
1332361,167,110,57,25423881
1041289,205,138,67,19251341
2598121,214,153,61,53878039
2468209,219,146,73,50864255
1451209,167,115,52,27993663
1602721,154,101,53,31306273
2028121,197,131,66,40796375
1196521,199,128,71,22520679
1880209,155,104,51,37467299
1734769,170,111,59,34223217
1041889,192,130,62,19264019
1332769,174,106,68,25432671
2171089,280,179,101,44041719
2305969,167,106,61,47126399
1197121,142,94,48,22533451
1451521,169,120,49,28000461
2893081,166,115,51,60783585
1041961,232,163,69,19265639
1603009,157,101,56,31312245
2760361,249,163,86,57665599
1334881,167,113,54,25478347
2028601,134,81,53,40807565
1736281,151,95,56,34257243
1880881,194,133,61,37482509
2468449,220,144,76,50869625
2599321,137,95,42,53905519
1197289,163,116,47,22536823
1042609,135,85,50,19279295
1451641,142,88,54,28002721
2171761,133,92,41,44057185
1603081,138,97,41,31313913
1335289,181,124,57,25487405
2306329,212,155,57,47134535
1198201,115,85,30,22556259
1043401,141,96,45,19295323
1738129,189,119,70,34298141
1880929,222,151,71,37483409
2029441,176,122,54,40826555
1453201,183,117,66,28037209
2893129,204,138,66,60784701
1335889,168,112,56,25500179
1044289,136,77,59,19314237
1198849,190,127,63,22569885
1603249,225,155,70,31317687
2761609,326,221,105,57694699
2468881,222,164,58,50879895
2599489,214,149,65,53909479
2171929,198,127,71,44060665
1738921,191,127,64,34315415
1044409,146,102,44,19316445
1199521,102,65,37,22584431
1336561,199,126,73,25514339
1453321,124,93,31,28039901
2306641,246,167,79,47141367
1881289,175,126,49,37491707
2029801,206,143,63,40834529
1603681,157,110,47,31327065
1045081,152,101,51,19330799
1199689,175,124,51,22587809
1336729,145,102,43,25518305
1738969,159,99,60,34316501
1453369,161,102,59,28040927
2893249,235,154,81,60787659
2469289,148,102,46,50889405
2172241,156,93,63,44067655
1045129,189,131,58,19331645
1604521,178,115,63,31345821
2600089,238,158,80,53923315
2762281,175,118,57,57710721
1881601,192,136,56,37498547
2031121,114,96,18,40864709
1336801,137,88,49,25519937
2306761,229,158,71,47143995
1045321,140,100,40,19335557
1453489,205,142,63,28043267
1739641,175,125,50,34331921
1604929,162,115,47,31354671
1338241,132,83,49,25550567
1045801,114,76,38,19345929
2173081,144,100,44,44086899
1881769,224,149,75,37502255
2031409,220,157,63,40870817
2469889,210,149,61,50903021
1453729,173,106,67,28048349
2893489,176,125,51,60793197
2600161,184,120,64,53925541
1740169,201,139,62,34342811
2762761,118,85,33,57722451
1046329,146,103,43,19356921
1338481,151,97,54,25555857
2307601,176,123,53,47163347
1606081,138,94,44,31379863
1454041,168,123,45,28055213
1046641,186,131,55,19363395
1881889,215,151,64,37505025
2031961,174,131,43,40883315
1339969,147,98,49,25588137
2174089,214,140,74,44109459
1740481,120,94,26,34350233
1606201,165,94,71,31382365
2470801,158,111,47,50924135
1047649,146,107,39,19384641
2600329,180,125,55,53929195
2894161,161,93,68,60809001
1454209,156,103,53,28058891
2308321,142,106,36,47180343
1340329,121,83,38,25595559
2763601,113,79,34,57742389
1740649,133,90,43,34353567
1606249,199,138,61,31383457
1047841,150,101,49,19388565
1881961,177,119,58,37506897
2032489,196,137,59,40894971
2174281,197,125,72,44114373
1340761,180,112,68,25604817
1454569,143,93,50,28066745
1048009,138,81,57,19391919
2471449,205,146,59,50938855
1606921,167,99,68,31398805
2600761,176,119,57,53939185
1741321,180,126,54,34368613
2308609,197,129,68,47186589
1882561,183,120,63,37520129
1340929,219,161,58,25608573
1048609,134,91,43,19404519
2032969,155,104,51,40905819
2894329,161,102,59,60812901
1455241,198,144,54,28081321
2764129,129,82,47,57754035
2175601,162,111,51,44144499
1607449,228,160,68,31410013
1048681,175,120,55,19405659
1341481,162,105,57,25620407
1741609,163,111,52,34374877
1455409,223,145,78,28085251
1884121,210,151,59,37555109
2033089,156,100,56,40908585
2471809,174,116,58,50947423
1049281,106,75,31,19418427
2600809,176,122,54,53940475
2308681,162,114,48,47188587
1341841,165,119,46,25627733
1607929,146,96,50,31420443
1742161,143,99,44,34387727
2894929,178,118,60,60827299
2175721,202,136,66,44147395
1455721,164,117,47,28092085
2764441,171,122,49,57761331
1884409,259,181,78,37561547
1342489,179,127,52,25642259
2033929,164,113,51,40927781
1608769,209,146,63,31438951
2309449,215,132,83,47205987
1743529,198,140,58,34417833
2472121,148,104,44,50954659
1455841,106,78,28,28094635
2601481,161,104,57,53956455
1342849,166,104,62,25649579
2175769,219,162,57,44148469
1884481,210,145,65,37563305
1609561,238,150,88,31456575
2895001,232,162,70,60828697
2034481,139,98,41,40940627
1456561,178,118,60,28110139
1744009,141,87,54,34428555
1343161,180,122,58,25657055
2764561,257,190,67,57764289
2309689,170,116,54,47211621
1609801,184,134,50,31461915
2472241,186,129,57,50957137
2601601,186,122,64,53958999
2175889,184,123,61,44151007
1885321,146,110,36,37581791
1456921,113,90,23,28118221
1343689,137,85,52,25668137
2034841,155,104,51,40948277
1744801,191,125,66,34446145
1609969,159,99,60,31465365
2895169,235,146,89,60832879
1458409,147,91,56,28149969
1344169,174,123,51,25678073
2310289,202,143,59,47225397
2764609,142,93,49,57765567
2176129,224,157,67,44156287
1885489,150,97,53,37585445
1746649,138,94,44,34487431
2602009,212,155,57,53968281
2472289,223,140,83,50958073
2035009,215,151,64,40952705
1610569,150,104,46,31478643
1345009,248,158,90,25696205
1458601,160,109,51,28154799
1747201,126,78,48,34499449
1885801,149,109,40,37592839
2176609,210,146,64,44167243
1610809,202,143,59,31483845
2896849,208,144,64,60872685
2035681,253,178,75,40967159
2311009,190,127,63,47241677
1345129,191,131,60,25698755
1459369,175,118,57,28171119
2602441,197,133,64,53978163
2765281,201,143,58,57781105
2472649,219,153,66,50966449
1747489,180,120,60,34505797
1611241,154,106,48,31493349
1346641,185,120,65,25731511
1886329,142,88,54,37604323
1459609,223,150,73,28176165
2176729,151,114,37,44170057
2036161,164,114,50,40978645
2311681,162,112,50,47257085
2897449,156,105,51,60886929
1747729,122,85,37,34511099
1346881,172,119,53,25736875
1611289,142,90,52,31494537
2602681,167,100,67,53983743
1459921,200,140,60,28183299
2472961,182,124,58,50974165
2765641,226,160,66,57789553
1886809,179,120,59,37614937
2036449,174,123,51,40984987
2177281,221,153,68,44182801
1347481,171,108,63,25749559
1748041,129,91,38,34518137
1612249,156,98,58,31515465
1460089,234,164,70,28186425
2311849,187,126,61,47261087
1348489,207,120,87,25771045
1887169,178,114,64,37623049
2897689,232,142,90,60892287
2602849,248,167,81,53987493
2473129,197,130,67,50978013
2037169,144,90,54,41001157
1613329,136,82,54,31539501
2177401,192,129,63,44185381
1460281,120,77,43,28190589
1748401,161,115,46,34526177
2766649,231,157,74,57813013
1348561,174,124,50,25772677
2312209,188,121,67,47269359
1888441,172,118,54,37651579
1461289,206,138,68,28213287
1613641,152,96,56,31546497
1748881,198,134,64,34536907
2038369,178,119,59,41028541
1349401,138,96,42,25791061
2177449,206,137,69,44186617
2603281,226,158,68,53997909
2473321,313,205,108,50981805
2898121,210,150,60,60902169
1461601,121,77,44,28220151
1613761,160,116,44,31548795
2767081,185,119,66,57823459
1888609,226,153,73,37655875
1749001,133,93,40,34539745
2312521,208,154,54,47276565
2038801,226,156,70,41037823
2177569,163,116,47,44188939
1461769,139,89,50,28223649
1613809,154,109,45,31549887
2473921,201,136,65,50995875
2604289,172,118,54,54021265
1749049,155,104,51,34540771
1888849,205,145,60,37660837
2898169,168,111,57,60903579
2038849,153,104,49,41038927
1462801,170,119,51,28245657
2312641,187,126,61,47279331
2767129,185,117,68,57824809
1614001,174,110,64,31554093
2178409,228,148,80,44208109
1750009,170,123,47,34561627
1889521,263,164,99,37675861
1463569,223,145,78,28262355
2474929,256,181,75,51019431
2604529,186,122,64,54027115
1614649,117,70,47,31568457
2038969,196,124,72,41041873
2899009,204,134,70,60923051
2312689,149,109,40,47280531
1750081,193,122,71,34563289
2179921,198,137,61,44242915
1463641,139,88,51,28263909
1889689,171,117,54,37680013
2767249,168,108,60,57827527
1615849,154,98,56,31594503
2039641,206,144,62,41056961
2476009,188,122,66,51044787
2605201,223,147,76,54042273
1750681,128,93,35,34576939
1464241,140,103,37,28277301
2312809,226,153,73,47282973
2180089,244,170,74,44246935
1616161,161,104,57,31601721
1890121,156,112,44,37689433
2900641,192,141,51,60961543
1464289,201,136,65,28278015
2040361,190,132,58,41073403
1751569,175,114,61,34596667
2767321,258,164,94,57829123
1616281,173,128,45,31604099
2476321,122,93,29,51051999
2605849,162,91,71,54057465
1890289,179,114,65,37693015
2180329,244,170,74,44252431
2312881,242,172,70,47284617
1464481,171,115,56,28282107
1751689,128,86,42,34599289
2040481,196,123,73,41076127
1616689,231,156,75,31613175
2900809,234,155,79,60965521
1464649,248,167,81,28285701
1890529,183,116,67,37698679
2768329,204,135,69,57852727
2181169,126,80,46,44271331
2476489,236,160,76,51055659
1751929,164,113,51,34604683
2606041,125,87,38,54062211
1617289,172,122,50,31626597
2313889,237,160,77,47307591
2041201,217,138,79,41092699
1464961,127,80,47,28292763
1891969,192,129,63,37731145
1752529,153,99,54,34617839
1618129,199,120,79,31645061
2901361,143,107,36,60978787
2181601,179,114,65,44281273
1465081,208,129,79,28295223
2476609,170,114,56,51058407
2769001,123,87,36,57868211
2041489,256,168,88,41098621
2314369,202,130,72,47319015
2606809,197,146,51,54080343
1893049,244,155,89,37754891
1618369,203,129,74,31650329
1752601,213,152,61,34619351
1465129,161,108,53,28296807
2181649,222,157,65,44282173
2041561,225,149,76,41100397
2901649,189,130,59,60985531
1618681,166,115,51,31657457
2476681,152,105,47,51060159
2315161,117,73,44,47337327
1753249,135,90,45,34633935
1465249,158,98,60,28299087
1893361,200,133,67,37762175
2606881,183,128,55,54082011
2769601,198,121,77,57882143
2182009,137,96,41,44290973
1618849,169,123,46,31661195
2041729,215,141,74,41103919
1465801,170,114,56,28311001
1753441,161,111,50,34638477
1893481,159,106,53,37764685
2315329,227,149,78,47341063
2477161,187,124,63,51071241
2901721,149,99,50,60986941
2607481,282,193,89,54095319
1619209,158,113,45,31668839
1466329,224,162,62,28322359
2769841,300,193,107,57887813
2182441,170,104,66,44300513
1754209,201,138,63,34655349
2042401,103,61,42,41119759
1894369,211,143,68,37784863
1619689,197,130,67,31679291
1466929,147,95,52,28335337
2315881,170,102,68,47353787
2477281,178,120,58,51074007
1755769,181,132,49,34689675
2607529,178,123,55,54096729
2182489,161,104,57,44301599
2043001,148,107,41,41133289
2902321,233,156,77,61001359
1894489,150,94,56,37787665
2770489,205,132,73,57903473
1467001,203,125,78,28337035
1621369,204,149,55,31716307
1756969,205,134,71,34716845
2317009,193,126,67,47379579
1469161,124,83,41,28384487
2043169,244,169,75,41137171
2477329,275,170,105,51074865
1621489,124,83,41,31718761
2183281,161,109,52,44319857
1894729,185,132,53,37792693
2607721,178,125,53,54101091
1757401,182,120,62,34726127
2770849,157,111,46,57911385
2902369,209,148,61,61002421
1469521,124,84,40,28391903
1621729,239,161,78,31724695
2043409,195,125,70,41142463
2317561,102,63,39,47392365
1896001,209,137,72,37820941
2183521,168,112,56,44325281
2477521,150,102,48,51079555
1757449,151,108,43,34727309
1470289,243,167,76,28408399
1622041,148,102,46,31731487
2608369,132,88,44,54116161
2043721,144,104,40,41149555
2771281,177,123,54,57921225
1896241,168,111,57,37826515
1470529,146,88,58,28413637
2902489,226,161,65,61005409
1757809,134,88,46,34735449
2317921,181,121,60,47400855
2184001,161,108,53,44336123
1622209,141,91,50,31734967
2477689,188,118,70,51083229
1470841,118,79,39,28420711
2608561,159,114,45,54120601
2043841,214,154,60,41152129
1896721,188,123,65,37837645
1759129,204,136,68,34764313
1623169,144,98,46,31756123
2184361,207,128,79,44343997
2772529,232,161,71,57951231
2318089,189,124,65,47404563
1471681,160,106,54,28438939
2902729,221,156,65,61010929
1759249,211,128,83,34767037
2478361,212,153,59,51098703
1624009,150,107,43,31774685
1896889,193,127,66,37841509
2044249,115,77,38,41161565
2609209,195,141,54,54135865
1472041,189,126,63,28446973
2185009,196,130,66,44358533
2318761,169,115,54,47420033
1624081,222,150,72,31776107
1759489,241,157,84,34772317
2773201,220,155,65,57966711
1897009,134,77,57,37843843
2044561,156,103,53,41168543
1472209,155,109,46,28450471
2903041,212,146,66,61018273
2478529,212,139,73,51102471
2185201,207,129,78,44363303
1624681,215,149,66,31789273
2609329,217,150,67,54138319
1759921,147,99,48,34782123
1472689,131,88,43,28461101
2319241,154,108,46,47430785
1897561,164,99,65,37856465
2044681,192,127,65,41171147
2773681,152,92,60,57978507
1624729,177,117,60,31790443
1759969,188,122,66,34783395
2479129,138,89,49,51116613
1473049,143,93,50,28468553
2185369,212,139,73,44367179
2903569,248,177,71,61030703
2609401,194,129,65,54140083
1897681,190,129,61,37858925
2319409,233,163,70,47434235
1624849,268,198,70,31792807
2044849,178,118,60,41175095
1473529,205,138,67,28479209
1760641,161,98,63,34798323
2775649,251,177,74,58024055
2185801,204,138,66,44376939
2479801,151,98,53,51132309
1897729,182,118,64,37859915
1626769,159,104,55,31835437
1473649,167,113,54,28481657
2904001,187,122,65,61041061
2044921,172,115,57,41176629
1761169,198,148,50,34810107
2610241,283,191,92,54159631
2321041,232,161,71,47472453
1627201,204,142,62,31844935
1474321,142,97,45,28496559
2186209,175,119,56,44386587
1898521,163,107,56,37878067
2775889,190,131,59,58029857
1761601,164,115,49,34819785
2479849,161,103,58,51133311
2045089,208,146,62,41180445
2321089,153,99,54,47473635
1627441,296,203,93,31850133
1474489,167,111,56,28500123
2610721,108,79,29,54171229
2904409,254,173,81,61050413
1898569,227,166,61,37879105
1762609,173,108,65,34841913
2186689,212,140,72,44397123
2045569,179,116,63,41190969
1475401,250,157,93,28519929
1627609,155,107,48,31853919
2480209,216,146,70,51141441
2777161,197,133,64,58059323
2321281,138,93,45,47477721
1762681,283,194,89,34843569
1898761,261,169,92,37882897
2610889,231,159,72,54174691
1476001,163,114,49,28532639
1628881,149,97,52,31882025
2186809,194,136,58,44400267
2905921,213,133,80,61085949
2045761,160,104,56,41195841
1764001,180,125,55,34873123
2481649,161,108,53,51174781
1476169,203,129,74,28536497
1899769,179,112,67,37905531
1629601,161,107,54,31897733
2321881,138,90,48,47491377
2777329,165,116,49,58063757
2611009,145,99,46,54177703
2045929,256,180,76,41199141
2187049,210,153,57,44405325
1477081,144,101,43,28556729
1764289,166,116,50,34879339
2906089,212,135,77,61090491
1629721,168,102,66,31900403
1900201,171,110,61,37915515
2481889,184,125,59,51180331
2322121,202,133,69,47496663
2047249,194,126,68,41229189
1478089,196,126,70,28579025
2778049,190,129,61,58080527
2187529,188,128,60,44416365
1765129,194,127,67,34897885
1630129,200,143,57,31908971
2611729,214,142,72,54194063
1900369,131,95,36,37919499
1478689,116,80,36,28591323
2906401,151,104,47,61097799
1630441,201,131,70,31916069
2047369,141,101,40,41232135
1765369,142,96,46,34903621
2322961,133,95,38,47516303
2483161,235,160,75,51209939
2188489,230,167,63,44438095
1478929,168,107,61,28596525
1900441,192,125,67,37920849
2778241,189,125,64,58084685
2611849,219,169,50,54197171
1630801,176,119,57,31923845
1765969,223,153,70,34916791
2049121,173,116,57,41271331
1479409,161,105,56,28607237
2323561,185,122,63,47530199
2906521,250,159,91,61100695
2188729,116,78,38,44443657
2483881,171,117,54,51226167
1900609,169,118,51,37924833
1632121,187,121,66,31953253
1766041,186,131,55,34918111
2779561,221,145,76,58115711
1480201,215,157,58,28624367
2049721,167,110,57,41285191
2612521,220,139,81,54212675
1632481,122,80,42,31960963
1901089,149,98,51,37935417
2189329,172,105,67,44457649
2323609,250,171,79,47531147
1766209,201,127,74,34921867
2484049,187,118,69,51230157
1481041,126,81,45,28643111
2906569,247,171,76,61101691
2049961,154,110,44,41290747
1632649,144,103,41,31965067
2780521,215,145,70,58138619
1901209,251,172,79,37937805
2613361,152,110,42,54232511
1481281,150,102,48,28647983
1766689,173,111,62,34932553
2189881,146,90,56,44470279
2323801,227,158,69,47535491
1633081,200,134,66,31974421
2484241,210,140,70,51234729
2050969,222,157,65,41313401
1481881,174,121,53,28661311
2907529,175,115,60,61124065
1766881,182,122,60,34936921
1902049,171,118,53,37956573
2190169,186,123,63,44476621
2780761,170,107,63,58144073
1633129,162,114,48,31975429
2613601,158,108,50,54238117
1482049,181,129,52,28664953
2323969,249,159,90,47539289
2051281,125,80,45,41320799
1767889,227,144,83,34959411
2484721,161,101,60,51246303
1902289,167,117,50,37962189
1633249,188,140,48,31978351
2191561,181,123,58,44508351
1482121,144,88,56,28666507
2907601,254,173,81,61125589
1768321,157,101,56,34969179
2051641,156,108,48,41328725
2613769,169,127,42,54241759
2782081,155,100,55,58174931
2324281,173,123,50,47546567
1902961,159,105,54,37977447
1633321,198,132,66,31979827
1482289,175,120,55,28669925
2485849,222,151,71,51272151
2192089,211,139,72,44520321
1769041,140,84,56,34985401
2052409,198,135,63,41345779
1634089,205,136,69,31996213
1482889,139,87,52,28682773
2908369,175,117,58,61144099
1903441,172,111,61,37988403
2324809,213,136,77,47558791
2614081,195,127,68,54249259
2782201,288,206,82,58177427
1769161,116,73,43,34987695
2192569,163,113,50,44531305
1634761,196,137,59,32011829
2486089,202,131,71,51277545
1483561,145,99,46,28698059
2054089,162,119,43,41384049
1903801,175,114,61,37996551
2325241,213,126,87,47568667
1769329,126,81,45,34991325
1483969,208,148,60,28706357
1634929,170,112,58,32014951
2908441,275,170,105,61145431
2614369,228,158,70,54256171
2782921,172,128,44,58194651
2192761,193,123,70,44535781
2054329,206,136,70,41389605
2486521,176,125,51,51287647
1903969,225,151,74,37999953
1484281,218,146,72,28713725
1769401,166,112,54,34992969
1635169,192,117,75,32020285
2325289,272,188,84,47569645
2054761,164,107,57,41399325
2193601,166,121,45,44554843
2615089,172,125,47,54272623
1484449,182,125,57,28717313
2909041,192,123,69,61159975
1904281,166,116,50,38006991
1635649,176,116,60,32030785
1769881,194,132,62,35003867
2783041,191,124,67,58197159
2486689,295,199,96,51291271
1486081,114,82,32,28752531
2326081,205,137,68,47587711
1636009,237,165,72,32038873
2055481,216,150,66,41415651
1770001,183,116,67,35006399
1904809,160,97,63,38018617
2193769,233,148,85,44558449
2615209,176,120,56,54275503
1486249,189,135,54,28756243
2909281,154,109,45,61165603
2783281,218,148,70,58202721
2486761,188,118,70,51293155
1636849,169,116,53,32057545
1770169,205,143,62,35010029
2055649,169,118,51,41419449
1905121,104,73,31,38025955
2326249,202,142,60,47592013
2194201,136,90,46,44568643
1486321,182,118,64,28757887
1637161,180,129,51,32064571
2615281,224,143,81,54277213
1770409,211,146,65,35015567
2055769,137,89,48,41422107
1906321,140,98,42,38052599
2487601,141,106,35,51312985
1487641,102,69,33,28786795
2910049,255,165,90,61183315
2784049,173,118,55,58221075
2326921,215,152,63,47607289
1637521,147,99,48,32072281
2194369,191,124,67,44572015
1770841,176,110,66,35025011
1487809,183,126,57,28790491
2615449,168,110,58,54281095
1906969,158,96,62,38067259
2056441,171,117,54,41437187
1638121,169,116,53,32085563
2488609,238,158,80,51336025
2784961,104,71,33,58242377
1771849,183,126,57,35047681
2327641,173,128,45,47623987
2910769,160,113,47,61200335
2194441,210,149,61,44573713
1488481,177,129,48,28804675
1639201,158,110,48,32109261
1907329,205,140,65,38075029
2056489,196,135,61,41438087
1489009,170,110,60,28816267
2615761,237,150,87,54288511
1772401,145,98,47,35059753
2489761,183,110,73,51362953
2196049,193,132,61,44610737
1639849,121,82,39,32123733
2328169,182,119,63,47636095
2785129,187,123,64,58246355
1907761,191,129,62,38085055
2910889,144,88,56,61203455
1489321,159,105,54,28823311
2057689,165,122,43,41465731
1772569,166,112,54,35063521
1640641,204,141,63,32141033
2615929,158,109,49,54292441
1489441,257,184,73,28825831
2196289,199,130,69,44616269
1908169,223,143,80,38094541
2328649,223,160,63,47646707
2489881,185,121,64,51365365
2058169,157,112,45,41476489
1773241,197,138,59,35078683
1640689,227,150,77,32142149
2786281,150,106,44,58273397
2911561,197,145,52,61219295
1490161,181,109,72,28841621
1908601,260,175,85,38104031
2196889,219,152,67,44629861
2616721,240,150,90,54310651
1773361,238,169,69,35081551
1640809,195,123,72,32144813
2058841,159,108,51,41491939
2328769,175,120,55,47649439
2490769,187,132,55,51385941
1490329,157,105,52,28845137
2786569,204,135,69,58279805
1773601,192,137,55,35086687
1641361,184,130,54,32156675
1908769,203,133,70,38107655
2911969,261,170,91,61228997
1491001,156,108,48,28859897
2197561,201,137,64,44644791
2059009,195,129,66,41495383
2617129,172,114,58,54320341
2329849,220,156,64,47673871
2490889,194,134,60,51388695
1641721,163,102,61,32164831
1774369,159,117,42,35103457
1491961,175,103,72,28880555
1909441,159,105,54,38122555
2060881,200,135,65,41537947
2786809,155,110,45,58285853
2197609,245,166,79,44646051
2912401,288,215,73,61239161
1641889,193,139,54,32168341
1492009,180,111,69,28881707
1774609,166,102,64,35108827
2330161,175,125,50,47681611
2618281,156,97,59,54347281
1909489,191,129,62,38123545
2491609,211,130,81,51405231
2061049,219,153,66,41541787
1643881,130,84,46,32212633
1492201,191,110,81,28885859
2198401,269,193,76,44664477
1774921,125,86,39,35116011
2787121,184,130,54,58292969
1911121,103,73,30,38160355
2330281,196,134,62,47684323
2912641,238,176,62,61244567
2618449,168,120,48,54351013
1644001,178,122,56,32215057
1492801,180,129,51,28899233
2061361,157,101,56,41548627
2491729,200,139,61,51408147
1775041,145,101,44,35118609
2198569,268,183,85,44668479
1911289,179,106,73,38164153
1492969,128,87,41,28903025
1645009,170,121,49,32237293
2787289,250,161,89,58297145
2330689,192,141,51,47693671
2061649,186,119,67,41555503
1775281,202,139,63,35123571
2619289,197,124,73,54370621
2913241,218,148,70,61258805
2493121,165,111,54,51440637
1493641,170,120,50,28917561
1645249,166,117,49,32242657
2199121,130,84,46,44681223
1911529,207,123,84,38170015
1775881,222,149,73,35136921
2062201,147,95,52,41567795
2331361,187,130,57,47709097
1494049,196,141,55,28926387
2787409,123,77,46,58299983
1645561,188,122,66,32249547
2619481,223,147,76,54375001
1911841,155,97,58,38176639
2493289,215,149,66,51444645
2199961,156,97,59,44700195
1776289,208,146,62,35145891
2913961,170,115,55,61275927
1494481,181,111,70,28935653
2062561,131,91,40,41576009
1645681,237,149,88,32252157
2332129,227,150,77,47726653
1911961,169,116,53,38179585
1776961,132,86,46,35161323
2787481,195,117,78,58301723
1495321,144,84,60,28954157
2619961,226,158,68,54386377
2200321,192,133,59,44708025
1645729,246,169,77,32253171
2493409,184,127,57,51447015
2063881,135,97,38,41606363
2914081,171,112,59,61278543
1495369,148,104,44,28955447
1777441,148,92,56,35171769
2332849,150,106,44,47743289
1912129,257,194,63,38183365
2200489,178,114,64,44711841
1645849,261,202,59,32255793
2787649,210,148,62,58305263
2620129,240,168,72,54390187
2064169,201,130,71,41612375
1495489,202,133,69,28957673
1777609,164,113,51,35175303
2494081,203,143,60,51462339
1912681,174,122,52,38196121
2914129,142,94,48,61279971
2332969,177,122,55,47745791
1647241,160,116,44,32286783
1495561,112,82,30,28959485
2201161,182,126,56,44727983
2064241,189,121,68,41614067
1779241,168,104,64,35211727
2620921,210,159,51,54408223
1912969,178,122,56,38202357
2788081,169,111,58,58315541
1647361,103,70,33,32289429
1496569,209,136,73,28981101
2494321,202,135,67,51468519
2333041,243,162,81,47747375
1779289,208,137,71,35212807
2065729,201,134,67,41647575
2914489,274,204,70,61288161
2201761,184,124,60,44741165
1913641,195,136,59,38217165
1497049,133,93,40,28991907
1647601,133,96,37,32294457
2621761,167,112,55,54427813
2789089,190,130,60,58339357
1779409,175,124,51,35215597
2494489,258,167,91,51471771
2066521,211,142,69,41665359
1497721,168,110,58,29006427
2333689,220,151,69,47762897
1647769,212,139,73,32298039
1914361,137,93,44,38233917
2202169,267,187,80,44750303
2914801,206,139,67,61295601
1779649,110,74,36,35221149
1497841,136,93,43,29008779
2621929,200,124,76,54431527
1648081,167,118,49,32305311
2066761,180,123,57,41670873
1914481,220,140,80,38236287
2789161,279,185,94,58340869
2497321,223,153,70,51537747
2333809,157,111,46,47765543
2202601,146,88,58,44760673
1779961,187,132,55,35227719
1498009,216,155,61,29012565
1648441,174,109,65,32312913
1914889,203,142,61,38245443
2066929,223,162,61,41674839
2914921,129,87,42,61298661
2622601,184,130,54,54447257
1498561,134,89,45,29024847
1780081,152,110,42,35230683
2497489,148,106,42,51541551
2334361,214,138,76,47777987
2789329,173,118,55,58344859
2203441,152,107,45,44779583
1649449,177,116,61,32335431
1915201,125,86,39,38252613
2067529,176,121,55,41688609
1498729,139,92,47,29028399
1780321,179,113,66,35235741
2623441,220,154,66,54466847
2915161,178,127,51,61303947
2203849,192,136,56,44789471
2335321,267,188,79,47800269
2497609,139,95,44,51544779
1498921,237,166,71,29032641
1915321,132,78,54,38255061
2789929,178,103,75,58358643
2068201,152,95,57,41703553
1780489,183,120,63,35239749
1499521,110,68,42,29046009
2204161,175,114,61,44796173
1915489,151,110,41,38258665
2625001,216,142,74,54503341
2335369,193,140,53,47801109
1780969,185,128,57,35250849
2916169,181,123,58,61328105
2068249,191,138,53,41704801
2497849,181,132,49,51550233
1499569,191,134,57,29046933
2790001,205,146,59,58360101
1915729,174,115,59,38263819
1781089,220,151,69,35253687
2205001,185,123,62,44815007
2068921,194,125,69,41719627
2625169,217,142,75,54507313
2335561,183,140,43,47805441
2498449,251,178,73,51563853
2916649,192,120,72,61338893
1916881,210,136,74,38289881
1781641,164,110,54,35265753
2790481,207,137,70,58372041
2206681,132,91,41,44854141
2069209,188,131,57,41726533
2336209,176,114,62,47820969
2626801,172,111,61,54545481
1782169,170,113,57,35277027
1917001,189,112,77,38292437
2498521,208,140,68,51565659
2916769,253,175,78,61341785
2069449,210,146,64,41731801
2790649,197,126,71,58375911
2206969,224,155,69,44860381
1782769,168,112,56,35290393
2336569,112,73,39,47828833
1917049,166,105,61,38293409
2626969,220,154,66,54549273
2498689,278,185,93,51569583
2069761,241,162,79,41738851
2208889,188,134,54,44903767
1783009,203,142,61,35295865
1918849,125,86,39,38334383
2916841,179,114,65,61343555
2790769,161,112,49,58378647
2336881,193,131,62,47836447
2627041,182,124,58,54550905
1784281,206,149,57,35324449
2069929,141,87,54,41742565
2499121,147,92,55,51579981
2210161,200,135,65,44932717
1918921,112,79,33,38335811
2337001,262,186,76,47839093
2918329,168,118,50,61378813
2790841,204,137,67,58380603
1785001,150,97,53,35340663
2071561,241,180,61,41779553
1919689,189,133,56,38353007
2627689,141,104,37,54565857
2210209,122,91,31,44933851
2499169,176,110,66,51580863
1785961,159,112,47,35361909
2337889,145,101,44,47859311
1919761,224,157,67,38354873
2071801,222,160,62,41785067
2791681,195,128,67,58399917
2918521,212,147,65,61383325
2210401,178,121,57,44938441
2628481,162,123,39,54584599
1786129,137,81,56,35365399
2500009,275,186,89,51599999
1920361,186,111,75,38367839
2338081,184,136,48,47863565
2072569,202,148,54,41802593
2210569,107,69,38,44942041
1786201,181,119,62,35367205
2791849,229,162,67,58403877
2918689,151,113,38,61386785
2628649,139,92,47,54588445
2500969,174,122,52,51622253
1920601,200,133,67,38373461
2072809,192,133,59,41808165
1787041,122,74,48,35385727
2338849,251,174,77,47881031
2210881,192,127,65,44949347
1920769,190,138,52,38377301
2792161,176,107,69,58411527
1787521,177,119,58,35396383
2628889,190,126,64,54593911
2919361,168,103,65,61403291
2073121,212,140,72,41815179
2501689,201,151,50,51638693
2339089,173,109,64,47886557
2211409,221,157,64,44961605
1921921,127,82,45,38403101
1788361,189,134,55,35415055
2073241,221,146,75,41817981
2792281,215,157,58,58414137
2629369,198,133,65,54605659
2501881,174,114,60,51643469
2211889,131,87,44,44972441
2919841,156,112,44,61414789
1922209,177,113,64,38409211
2339569,206,146,60,47897951
1788529,194,135,59,35418811
2073481,208,143,65,41823195
1923049,212,140,72,38428423
1788649,191,138,53,35421523
2792521,181,127,54,58419369
2212009,227,164,63,44975093
2502361,186,129,57,51654827
2629729,197,127,70,54613471
2339929,170,115,55,47906105
2920201,275,192,83,61422709
2073649,267,187,80,41826621
1789201,257,166,91,35433933
1923289,198,151,47,38433817
2212081,146,100,46,44976809
2502481,213,129,84,51657353
2340241,146,105,41,47913173
2793121,186,129,57,58434129
2630041,253,172,81,54620887
2074081,137,89,48,41836701
1790209,126,84,42,35456195
1924129,154,96,58,38452765
2920969,201,142,59,61441183
2212921,216,142,74,44995961
2074129,222,143,79,41837691
1790401,189,135,54,35460415
2340769,233,156,77,47925275
2502649,231,158,73,51661499
1924561,139,87,52,38462287
2631049,170,123,47,54644159
2795209,164,114,50,58482839
2213401,173,102,71,45007013
2921689,192,129,63,61458517
1791169,187,121,66,35477347
2074321,252,165,87,41842245
1924969,177,122,55,38471605
2341201,185,124,61,47935103
2503201,198,129,69,51674443
2631241,225,163,62,54648921
2795521,157,109,48,58490285
1792249,225,144,81,35501971
2215201,127,87,40,45048035
2074801,122,79,43,41853645
1926241,146,99,47,38499899
2921881,173,117,56,61462795
2341369,232,172,60,47938997
1792849,229,154,75,35515021
2503729,270,186,84,51685993
2632009,229,146,83,54666465
2215921,202,142,60,45064301
1926289,199,135,64,38500943
2075641,152,94,58,41872345
2795809,176,126,50,58496515
1793569,190,138,52,35531191
2341609,185,127,58,47944623
2922529,131,86,45,61478383
2504329,156,104,52,51700223
1926481,225,159,66,38505305
2216281,198,133,65,45073271
2075761,146,103,43,41875273
2632249,192,127,65,54671973
1793761,150,104,46,35535495
2796361,260,181,79,58509649
2343049,154,107,47,47977779
1926649,186,128,58,38509221
2075809,220,148,72,41876257
2216761,213,140,73,45084197
2504569,238,167,71,51705521
1793929,157,108,49,35538879
2922721,188,121,67,61482265
2632921,199,116,83,54687639
1927129,157,103,54,38519873
2796529,207,149,58,58513717
2343889,214,148,66,47997063
1794361,177,125,52,35548815
2075929,191,128,63,41878741
2217049,321,222,99,45090347
2504881,188,128,60,51712619
1927249,172,111,61,38522783
2924209,223,155,68,61517193
2633689,206,146,60,54705819
1794769,220,158,62,35557683
2076001,164,109,55,41880367
2345401,223,146,77,48031881
2218129,146,102,44,45114627
2796649,171,116,55,58516981
1927969,205,145,60,38539385
2506561,164,121,43,51751829
1795201,166,109,57,35567553
2076649,162,127,35,41894965
2924329,212,138,74,61520079
2634241,160,113,47,54718379
2218561,205,149,56,45124575
2345641,115,70,45,48037569
1928161,180,108,72,38543591
2797489,207,142,65,58536445
1795369,150,95,55,35571291
2506681,174,124,50,51754637
2077321,165,117,48,41910273
2218609,164,109,55,45126201
1928809,200,139,61,38557773
2634769,176,124,52,54731363
2345809,226,150,76,48041037
1795921,147,98,49,35583497
2924569,272,196,76,61526037
2798161,217,142,75,58551811
2077681,227,146,81,41918559
2506729,218,165,53,51755513
1928929,189,134,55,38560647
2218969,140,86,54,45133797
1796281,248,157,91,35591165
2346241,204,122,82,48051069
2636449,226,145,81,54769807
2077849,138,90,48,41922405
2925001,178,115,63,61536237
1929481,190,130,60,38572853
1796761,186,133,53,35602745
2798329,256,176,80,58556203
2507689,240,159,81,51778109
2219281,184,133,51,45141003
2347129,191,117,74,48071659
2078161,209,141,68,41929581
2636929,117,77,40,54781213
1797049,168,117,51,35608999
1929601,172,120,52,38575757
2925049,214,137,77,61537035
2219449,211,153,58,45144927
2508409,199,134,65,51794585
2799001,185,134,51,58571935
2078449,187,131,56,41936031
2347249,212,150,62,48074203
1797769,193,128,65,35624633
1929649,193,141,52,38576885
2637769,193,127,66,54800705
2219641,137,95,42,45149409
2925721,187,127,60,61553259
1798129,191,125,66,35632373
2508769,194,133,61,51802943
2079169,144,97,47,41952327
1929841,142,100,42,38581157
2799409,236,158,78,58580815
2348089,218,152,66,48093837
2637961,143,101,42,54805361
2220289,140,94,46,45163949
1798441,222,143,79,35639783
1931329,124,77,47,38614403
2079529,195,119,76,41960171
2510041,195,138,57,51832483
2925841,233,162,71,61556685
2348161,174,113,61,48095187
2800249,177,109,68,58600929
1798729,165,107,58,35646053
2220409,232,154,78,45166823
1932001,139,93,46,38629739
2638561,167,103,64,54819323
2080009,164,105,59,41971013
2510449,255,166,89,51841951
2348809,156,106,50,48110361
1798801,191,129,62,35647475
1932121,141,88,53,38632483
2925889,212,140,72,61557627
2220961,164,119,45,45179303
2800561,198,136,62,58608603
2080129,184,128,56,41973779
2639401,240,177,63,54839363
1932361,212,143,69,38637637
2349001,185,129,56,48114693
2511049,145,100,45,51856501
2221129,180,128,52,45183659
2080201,202,138,64,41975465
2800729,251,155,96,58612629
2928361,183,126,57,61615065
2639569,203,148,55,54843185
1932841,123,88,35,38648781
2350321,168,118,50,48144979
2080801,168,116,52,41989605
2221249,148,107,41,45186095
2511601,121,83,38,51869029
1932961,211,140,71,38651043
2800921,211,136,75,58616541
2928529,216,148,68,61619415
2639809,205,134,71,54848909
2080849,135,80,55,41990871
2350441,186,128,58,48147325
2221321,183,135,48,45187781
2511721,125,84,41,51871567
1933681,180,119,61,38667663
2081809,215,159,56,42011901
2801401,186,127,59,58628985
2640289,202,143,59,54859505
2221969,189,129,60,45202489
2928769,245,163,82,61624887
2350609,249,182,67,48151633
1933849,159,106,53,38671137
2512561,185,123,62,51890695
2082049,273,177,96,42017313
2222089,117,83,34,45205045
1934041,218,154,64,38675757
2640409,216,140,76,54862665
2351281,213,151,62,48167179
2802601,184,132,52,58656277
2929921,221,141,80,61652241
2512801,242,159,83,51896353
2082649,243,175,68,42030909
1934521,188,125,63,38686323
2222761,243,174,69,45220603
2352289,138,85,53,48190431
2641801,177,121,56,54895221
2803081,191,125,66,58667755
2082889,166,107,59,42036795
2930281,156,101,55,61660881
2513281,133,84,49,51907715
1934689,130,95,35,38689767
2222809,199,131,68,45221815
2352841,207,138,69,48202881
2083321,228,154,74,42046509
2641921,181,124,57,54897831
1935049,133,95,38,38698341
2803201,178,127,51,58670773
2513809,127,82,45,51920111
2222929,206,138,68,45224671
2930449,230,153,77,61664655
2353129,232,158,74,48209349
2084041,180,137,43,42063135
1935481,203,137,66,38707719
2642329,228,156,72,54907569
2803369,250,164,86,58674301
2514241,140,97,43,51929711
2223841,139,94,45,45245527
1935889,211,155,56,38716803
2084209,173,120,53,42066723
2930761,190,115,75,61671963
2353369,182,130,52,48214835
2642929,262,188,74,54921195
2224009,173,124,49,45249241
2514961,171,114,57,51946337
1936489,152,109,43,38730379
2803441,186,122,64,58676053
2084569,152,99,53,42074601
2353801,180,119,61,48224669
2931289,191,131,60,61683961
1937041,219,152,67,38743107
2224441,175,120,55,45259483
2644489,196,130,66,54957755
2085049,235,150,85,42085745
2515081,186,138,48,51949061
2353849,170,115,55,48225983
2804041,249,173,76,58690361
1937329,148,101,47,38749365
2931889,195,133,62,61698723
2224489,224,168,56,45260317
2085409,241,173,68,42093899
2644849,193,139,54,54965831
2515321,126,86,40,51954629
2354641,201,139,62,48244063
1937401,160,114,46,38750937
2804209,168,107,61,58694309
2085841,139,94,45,42103769
2224681,234,166,68,45264817
2931961,226,150,76,61700247
2645329,189,135,54,54976511
2355481,263,178,85,48263509
1938889,183,124,59,38784549
2515921,228,148,80,51968673
2086009,186,125,61,42107741
2804449,236,168,68,58699757
2225689,184,131,53,45287363
1939009,249,189,60,38786883
2355889,245,168,77,48273085
2645521,185,124,61,54982199
2932561,226,147,79,61714341
2516089,150,97,53,51972255
2086081,208,141,67,42109055
2226001,240,161,79,45294545
1939681,171,112,59,38801947
2805601,282,180,102,58726571
2358049,188,129,59,48322789
2086681,151,111,40,42122643
2646001,157,109,48,54992895
2516929,255,174,81,51992061
2932609,181,118,63,61715541
2226529,216,155,61,45306877
1940401,147,92,55,38818753
2806801,234,157,77,58755083
2087689,185,133,52,42145395
2358241,167,110,57,48327151
1940929,148,103,45,38829969
2646361,166,124,42,55001013
2519161,211,147,64,52043029
2227129,181,125,56,45320551
2933641,185,117,68,61739599
2088241,166,111,55,42158055
2358409,155,110,45,48330943
1941409,196,140,56,38841087
2808241,256,177,79,58788631
2227201,194,125,69,45321931
2646841,217,139,78,55012365
2519329,218,151,67,52047235
2088409,170,123,47,42161715
1941601,193,134,59,38845473
2934289,209,142,67,61754677
2358721,145,107,38,48338203
2227369,172,105,67,45325849
2809249,178,128,50,58812521
2520121,294,209,85,52065951
2647009,174,110,64,55016391
2088601,158,112,46,42166299
1942081,180,117,63,38856561
2358841,189,125,64,48340507
2935249,206,139,67,61777585
2227801,139,88,51,45335947
2089441,185,125,60,42184967
1942201,185,117,68,38859201
2809489,156,105,51,58817747
2520169,182,134,48,52067259
2647681,194,126,68,55031805
2359561,257,173,84,48357473
2228209,162,117,45,45345145
1942441,205,137,68,38864271
2090041,268,186,82,42198839
2936161,237,164,73,61799683
2520841,188,132,56,52082749
2810089,235,168,67,58831909
2647969,122,87,35,55038615
2359681,177,109,68,48360095
1943209,203,131,72,38881395
2228521,151,95,56,45352279
2090089,125,75,50,42200381
2936929,181,128,53,61817119
2521681,205,136,69,52102177
1943281,151,104,47,38883257
2649481,229,160,69,55074099
2810161,182,125,57,58834189
2359849,229,171,58,48364085
2090281,242,179,63,42204149
2229889,173,119,54,45383381
1944049,274,171,103,38900361
2521969,194,122,72,52108685
2091769,130,84,46,42238063
2937601,186,140,46,61833553
2359921,200,130,70,48365507
2230561,240,156,84,45399181
2649529,182,127,55,55075173
2810329,189,122,67,58837765
1944721,156,101,55,38915909
2091889,202,131,71,42240733
2522209,252,169,83,52114139
2360089,166,113,53,48369437
2231209,217,146,71,45413689
2650321,181,124,57,55093631
2937769,274,186,88,61837027
2810641,208,144,64,58845277
1944961,170,113,57,38921123
2092561,167,103,64,42256597
2231329,155,114,41,45416395
2360521,216,150,66,48379661
2522809,161,115,46,52128583
1945129,186,119,67,38924669
2650369,243,168,75,55094573
2938009,201,124,77,61842787
2811169,157,100,57,58857619
2092801,242,153,89,42261457
2231881,197,131,66,45429187
1945561,186,113,73,38934539
2361241,115,76,39,48396605
2522881,233,155,78,52130089
2093449,226,150,76,42276081
2651041,229,157,72,55110325
2811649,168,106,62,58868791
2938489,150,104,46,61853575
1945609,191,128,63,38935445
2232889,239,166,73,45452305
2362249,230,150,80,48419519
2523481,177,104,73,52144357
2094481,153,109,44,42299601
1945729,190,131,59,38938223
2651329,200,133,67,55117165
2233081,264,183,81,45456397
2811841,290,199,91,58873291
2363041,198,141,57,48437591
2938609,241,183,58,61856671
2095081,157,90,67,42313653
2523529,216,133,83,52145455
1945969,162,110,52,38943983
2651569,233,164,69,55122481
2234929,221,153,68,45498695
2363209,221,154,67,48441499
2095969,210,140,70,42333221
2812441,157,105,52,58887097
1946281,160,102,58,38950811
2939449,192,126,66,61876969
2524201,151,106,45,52160899
2236081,136,82,54,45525149
2652409,185,117,68,55142745
2096089,268,176,92,42335729
2364049,232,165,67,48460567
1946401,121,82,39,38953577
2812609,180,125,55,58891063
2524369,165,112,53,52164733
2939689,175,121,54,61882387
2236249,185,126,59,45528767
2096761,186,129,57,42351099
1946641,213,147,66,38958809
2364121,200,130,70,48462523
2652841,141,97,44,55152699
2813329,199,141,58,58908101
2525041,170,121,49,52180333
1946809,257,182,75,38962667
2097169,160,106,54,42360635
2236369,209,146,63,45531725
2364289,180,133,47,48465937
2940169,179,118,61,61893661
2653081,167,109,58,55157937
1947241,229,160,69,38972603
2097481,164,98,66,42367841
2236921,246,169,77,45544559
2525161,159,108,51,52182865
2814001,185,131,54,58924553
2364601,213,148,65,48473617
1948129,180,118,62,38992607
2653249,162,104,58,55161729
2941201,250,166,84,61918067
2097769,161,117,44,42374135
2238289,151,93,58,45575227
2525329,160,118,42,52186927
2364889,227,160,67,48480319
2814169,241,158,83,58927751
1948801,181,121,60,39007609
2098009,185,127,58,42379589
2653681,225,149,76,55171953
2941849,192,126,66,61933343
2238721,134,92,42,45585835
1949161,175,117,58,39015299
2525569,203,134,69,52192501
2365969,167,125,42,48504621
2098321,144,101,43,42386843
2814841,237,159,78,58943861
2654401,104,75,29,55188927
2238961,160,103,57,45590841
1949809,155,101,54,39030079
2942041,194,139,55,61937999
2366809,126,81,45,48523875
2526049,178,119,59,52203709
2098441,175,123,52,42389519
2815009,165,116,49,58947515
1949929,223,154,69,39032557
2239561,197,132,65,45604947
2655241,197,132,65,55208829
2098609,229,160,69,42393113
2367121,188,123,65,48531669
2942521,172,109,63,61949411
2526169,223,167,56,52206379
2240449,212,132,80,45624975
2815129,233,166,67,58950227
2655361,183,119,64,55211853
2099521,229,163,66,42413981
2367289,218,146,72,48535515
2526409,231,163,68,52211665
2942809,149,106,43,61956229
2240809,240,160,80,45633699
2815369,225,162,63,58955825
2655409,156,107,49,55212951
2367481,261,170,91,48539889
2526721,179,126,53,52219045
2241121,118,82,36,45640731
2942881,243,178,65,61957603
2367649,155,103,52,48543397
2816809,236,166,70,58989859
2656441,177,113,64,55236427
2241409,124,81,43,45646841
2526889,213,143,70,52223411
2943361,209,134,75,61969387
2368129,150,96,54,48554473
2656921,152,100,52,55247631
2817361,197,129,68,59003491
2242129,199,129,70,45663665
2527009,220,159,61,52225835
2368801,179,118,61,48570421
2943649,165,120,45,61975963
2242921,263,174,89,45681353
2657761,251,162,89,55267203
2817481,196,137,59,59005753
2527249,243,171,72,52231427
2369641,233,158,75,48589807
2243089,185,129,56,45685269
2944321,195,134,61,61991665
2658049,114,74,40,55274025
2527561,177,128,49,52239011
2817649,210,133,77,59009467
2369761,158,104,54,48592237
2243161,210,151,59,45687123
2658289,237,171,66,55279365
2528569,208,110,98,52261761
2944561,110,73,37,61997259
2817721,150,98,52,59011045
2369929,136,93,43,48596107
2243809,232,151,81,45701865
2658769,189,128,61,55290849
2529361,196,132,64,52280037
2945401,219,142,77,62017699
2244769,200,147,53,45723585
2370481,128,91,37,48609343
2818369,174,118,56,59026359
2529529,271,183,88,52283817
2658889,189,134,55,55293221
2244841,153,113,40,45725367
2371489,227,145,82,48631917
2946169,217,151,66,62035321
2818561,134,87,47,59031081
2245489,210,142,68,45740457
2529601,208,148,60,52286073
2659441,234,162,72,55306499
2371609,204,141,63,48634795
2946241,206,140,66,62037109
2818729,234,149,85,59034831
2245681,155,103,52,45744843
2530201,195,129,66,52299951
2371849,219,146,73,48640357
2659801,109,69,40,55315115
2819329,220,151,69,59048745
2946409,211,156,55,62041717
2245849,170,118,52,45748569
2372521,231,154,77,48655765
2530441,173,119,54,52305627
2660401,203,146,57,55328843
2246281,209,147,62,45758811
2820001,233,165,68,59064941
2373001,228,146,82,48666757
2946841,215,143,72,62051443
2530921,200,132,68,52316715
2660569,276,189,87,55332833
2246521,205,141,64,45764229
2373169,267,184,83,48670975
2820889,188,132,56,59085983
2531209,279,199,80,52323661
2947249,253,173,80,62061133
2660809,260,173,87,55338179
2246689,148,99,49,45767895
2373529,179,110,69,48678739
2531761,164,124,40,52336441
2821009,165,106,59,59089073
2248681,282,202,80,45813307
2947561,220,147,73,62068861
2661409,145,99,46,55352479
2375041,242,173,69,48713491
2532289,179,117,62,52347997
2248849,148,93,55,45817135
2821681,201,132,69,59104397
2661481,194,141,53,55353889
2947729,282,185,97,62072447
2375641,272,194,78,48727687
2532601,190,134,56,52355941
2248969,236,157,79,45819673
2821849,181,131,50,59108375
2661961,193,119,74,55365127
2376529,130,87,43,48748221
2948521,152,106,46,62090873
2532721,176,125,51,52358553
2822569,195,134,61,59124903
2376721,189,121,68,48752493
2662129,213,145,68,55368991
2948929,228,154,74,62100347
2532769,221,158,63,52359765
2377201,184,125,59,48763767
2822689,122,79,43,59127589
2662921,159,107,52,55387381
2949361,221,158,63,62110967
2533801,159,106,53,52383369
2377321,174,119,55,48766461
2822761,230,161,69,59129089
2663761,197,131,66,55406809
2534401,223,146,77,52397055
2949409,170,119,51,62112095
2377729,220,154,66,48776025
2822929,210,151,59,59133721
2664001,157,113,44,55412749
2534449,146,99,47,52398105
2378569,259,175,84,48795057
2950609,195,139,56,62140169
2664169,327,227,100,55416187
2823361,203,137,66,59143903
2534641,138,99,39,52402987
2379001,151,93,58,48805401
2951041,234,161,73,62150279
2664601,178,117,61,55426415
2535121,170,111,59,52414279
2379241,204,145,59,48810645
2823529,212,149,63,59147863
2951089,210,140,70,62151377
2379721,206,137,69,48821541
2536249,165,95,70,52440083
2665009,207,136,71,55436345
2824201,144,101,43,59163721
2951209,198,130,68,62154773
2380249,132,93,39,48833853
2536801,197,144,53,52453097
2665321,250,164,86,55443851
2824609,247,167,80,59173261
2380921,235,164,71,48848821
2536921,196,142,54,52456035
2951449,249,180,69,62159939
2665849,264,186,78,55456031
2826121,173,115,58,59208763
2381089,161,110,51,48852859
2537329,239,165,74,52464957
2666281,159,111,48,55465667
2952601,165,103,62,62187621
2827969,151,100,51,59252003
2381521,189,124,65,48862787
2538169,176,115,61,52484307
2667289,216,156,60,55489287
2952721,150,99,51,62190099
2381569,163,118,45,48863723
2828281,138,93,45,59259737
2538769,232,156,76,52498437
2667361,210,147,63,55490709
2381689,156,103,53,48866591
2952769,190,122,68,62191311
2828641,171,112,59,59267759
2539321,171,117,54,52511907
2668129,166,105,61,55509241
2382529,221,161,60,48886417
2953129,168,108,60,62200119
2828809,188,137,51,59271443
2539441,203,131,72,52514265
2668849,197,127,70,55525753
2382769,164,106,58,48892279
2953609,229,162,67,62211345
2540689,251,170,81,52543033
2829121,129,93,36,59279033
2383081,204,142,62,48899089
2669209,174,111,63,55534459
2541001,205,146,59,52550627
2954449,138,92,46,62230887
2829289,158,104,54,59283017
2383921,152,108,44,48919129
2669521,210,135,75,55541743
2541169,177,124,53,52554803
2384881,195,137,58,48940617
2954569,292,228,64,62233635
2829961,153,102,51,59298969
2669881,285,181,104,55549687
2541289,217,148,69,52557197
2385121,143,108,35,48945979
2830129,172,125,47,59302731
2955481,245,174,71,62255469
2670049,195,139,56,55554075
2541529,140,103,37,52562933
2385601,157,107,50,48957157
2830249,188,117,71,59305563
2670721,148,89,59,55570131
2955961,171,109,62,62267379
2541841,141,90,51,52570043
2385961,224,153,71,48965221
2671369,252,162,90,55584891
2830489,198,122,76,59311005
2956969,199,130,69,62290347
2541961,190,119,71,52572863
2387401,139,93,46,48998755
2671489,212,145,67,55587705
2830801,185,130,55,59318691
2387449,122,80,42,48999853
2542009,192,113,79,52573865
2957161,197,122,75,62295099
2671561,173,116,57,55589601
2387569,234,172,62,49002259
2830921,154,106,48,59321265
2542201,156,111,45,52578395
2957329,210,150,60,62298943
2388409,167,106,61,49021625
2671729,153,102,51,55593381
2542681,172,116,56,52589789
2830969,178,125,53,59322681
2957641,214,137,77,62306323
2388649,253,152,101,49027469
2672401,153,101,52,55608753
2542849,175,121,54,52593465
2831089,252,173,79,59325651
2957761,210,145,65,62309101
2388961,172,111,61,49034555
2672881,214,142,72,55620423
2543641,125,76,49,52611801
2831329,185,124,61,59331231
2389249,198,129,69,49041161
2957809,216,136,80,62310241
2543809,228,150,78,52615515
2673721,250,198,52,55639575
2831641,206,139,67,59338299
2389921,175,127,48,49056475
2958169,175,125,50,62318455
2544049,169,112,57,52621161
2674561,171,119,52,55659297
2389969,258,174,84,49057537
2832001,208,124,84,59346695
2544361,154,105,49,52628531
2958481,211,144,67,62326233
2674849,179,123,56,55666005
2390329,238,155,83,49065895
2832601,231,166,65,59360571
2544481,142,88,54,52631045
2674921,299,196,103,55667823
2959321,196,130,66,62346225
2390809,143,99,44,49077025
2833321,250,165,85,59377533
2545369,202,140,62,52651333
2675089,225,154,71,55671843
2391001,228,163,65,49081543
2959609,234,167,67,62352651
2833609,176,121,55,59384529
2545561,202,129,73,52656187
2676241,237,154,83,55699119
2391769,203,131,72,49099129
2959681,250,168,82,62354349
2546161,216,150,66,52670449
2834329,195,141,54,59401395
2392009,137,95,42,49104757
2676409,318,226,92,55702515
2960161,147,97,50,62366469
2546329,211,141,70,52674049
2834449,289,198,91,59403991
2392681,199,125,74,49120261
2676529,182,118,64,55705669
2546569,165,108,57,52680055
2960281,212,147,65,62368923
2392849,273,184,89,49123807
2834521,211,140,71,59406151
2677201,138,93,45,55720927
2548849,211,135,76,52732535
2393161,158,101,57,49131337
2960449,237,162,75,62372655
2835121,137,85,52,59419429
2677369,197,129,68,55724909
2549089,282,180,102,52738319
2394121,252,173,79,49153433
2960689,233,151,82,62378289
2835169,267,189,78,59420743
2678041,199,143,56,55740545
2394961,226,150,76,49172843
2961121,190,143,47,62389221
2678209,192,134,58,55744805
2835289,266,182,84,59423383
2395009,177,116,61,49174259
2679289,228,152,76,55769447
2961289,182,125,57,62392725
2835841,229,157,72,59436829
2395681,186,132,54,49189727
2680609,182,124,58,55800277
2395849,165,117,48,49193413
2962681,206,127,79,62425115
2836129,175,112,63,59443889
2396041,245,165,80,49197643
2680801,218,147,71,55804909
2836201,198,127,71,59445539
2962801,197,129,68,62427725
2397049,223,152,71,49221037
2680969,220,139,81,55809025
2836369,229,160,69,59449271
2963041,214,141,73,62433671
2397481,186,120,66,49230649
2682649,181,116,65,55847907
2836849,166,104,62,59460437
2963809,218,136,82,62452591
2397529,150,102,48,49231915
2682961,229,153,76,55855233
2837209,225,158,67,59469045
2397649,206,148,58,49234813
2963881,215,156,59,62454085
2683321,220,152,68,55863393
2398321,243,159,84,49250029
2837881,177,129,48,59484591
2965561,162,94,68,62493271
2683489,215,131,84,55867143
2398369,194,123,71,49251295
2838481,261,179,82,59499111
2966329,142,99,43,62511285
2684161,271,190,81,55883289
2399041,167,109,58,49266811
2838721,241,168,73,59504847
2966881,175,121,54,62524365
2684641,144,85,59,55894575
2838889,197,137,60,59508777
2684809,231,155,76,55898655
2967049,141,103,38,62529223
2839201,190,140,50,59516325
2685169,223,148,75,55906701
2967241,202,139,63,62533291
2840041,179,116,63,59535869
2685481,166,105,61,55914035
2967409,192,119,73,62537143
2840161,157,102,55,59538431
2685601,188,129,59,55916765
2968681,189,128,61,62567557
2840209,176,118,58,59539355
2685649,261,166,95,55917743
2969089,219,148,71,62577025
2687161,136,84,52,55953525
2842681,234,149,85,59597663
2969569,186,124,62,62588323
2687281,197,137,60,55956033
2842729,283,185,98,59599019
2969929,177,123,54,62596915
2687329,179,127,52,55957407
2842849,160,112,48,59602007
2970601,187,140,47,62612137
2687521,173,130,43,55961655
2843089,230,158,72,59607341
2688529,270,184,86,55985277
2970769,259,181,78,62616445
2843689,255,182,73,59621309
2689129,160,95,65,55999537
2971081,165,106,59,62623951
2844601,166,107,59,59643083
2689369,242,179,63,56004895
2972041,175,118,57,62646215
2845201,295,209,86,59657183
2690041,250,174,76,56020641
2972449,208,143,65,62656029
2845369,234,151,83,59661167
2690689,126,83,43,56035569
2972881,200,133,67,62666025
2846929,233,166,67,59698009
2691721,228,151,77,56059451
2847289,156,114,42,59705977
2973121,231,149,82,62672229
2692561,177,123,54,56079623
2847601,159,96,63,59713525
2973721,243,168,75,62686185
2693329,167,105,62,56097419
2847769,218,146,72,59717497
2973889,227,156,71,62690259
2694001,235,162,73,56113193
2847961,161,116,45,59722105
2973961,161,113,48,62692281
2694049,168,107,61,56114531
2848561,165,114,51,59735965
2694169,176,117,59,56116985
2974129,248,178,70,62695707
2848609,168,115,53,59736997
2695249,245,178,67,56142629
2974441,174,121,53,62703717
2849809,239,159,80,59765081
2696521,159,100,59,56171661
2974561,222,166,56,62706447
2696569,203,143,60,56172879
2975449,171,125,46,62726949
2696929,199,127,72,56181243
2975569,205,139,66,62729799
2697241,165,113,52,56189193
2976289,274,185,89,62746981
2697529,234,152,82,56195859
2976409,249,187,62,62749795
2697769,226,142,84,56201397
2976481,155,106,49,62751655
2698441,175,113,62,56217015
2977801,212,147,65,62782483
2698609,185,117,68,56220657
2698921,125,83,42,56228871
2977921,186,117,69,62785657
2699761,167,104,63,56247537
2978089,154,113,41,62789335
2978161,157,107,50,62791255
2979649,204,143,61,62826327
2979841,213,134,79,62830611
2980441,164,113,51,62845227
2980489,244,172,72,62846241
2980849,193,128,65,62855373
2981449,222,158,64,62868711
2982121,246,170,76,62884685
2982289,210,135,75,62889003
2982841,188,124,64,62901627
2983681,214,144,70,62921577
2983801,210,146,64,62924253
2984209,240,168,72,62934327
2984521,200,130,70,62942115
2984689,188,125,63,62945607
2985529,187,133,54,62965563
2986201,118,85,33,62981531
2986561,211,145,66,62989949
2986729,117,82,35,62993671
2987209,204,131,73,63005203
2988049,150,104,46,63024901
2988169,251,177,74,63027709
2988721,255,172,83,63040881
2988841,252,179,73,63043809
2989009,187,121,66,63048105
2989849,160,95,65,63067329
2990401,241,163,78,63080763
2990761,154,107,47,63089205
2991361,188,130,58,63103851
2991601,204,134,70,63109493
2992081,150,100,50,63120719
2992201,208,137,71,63123149
2992609,229,149,80,63132635
2994961,240,171,69,63188775
2995609,249,179,70,63203517
2995801,258,160,98,63208257
2996449,155,102,53,63223077
2996809,191,134,57,63232125
2997409,240,172,68,63246123
2998081,217,141,76,63262359
2998921,234,148,86,63282417
3150001,196,131,65,66865611
3300529,179,122,57,70455809
3450049,169,117,52,74039589
4350889,261,183,78,95986779
3001321,127,88,39,63338929
4650601,221,157,64,103408573
4950409,216,151,65,110885707
5100169,261,179,82,114640085
3600361,238,169,69,77661727
3900121,203,129,74,84933791
3751609,173,117,56,81322963
4050481,230,145,85,88605413
5850049,189,135,54,133615919
3150529,306,201,105,66877771
4200529,193,129,64,92285217
3300721,146,104,42,70460363
4500049,191,131,60,99673877
3450169,257,170,87,74042553
4800049,242,176,66,107129527
5250121,315,233,82,118411241
5400649,254,172,82,122209039
5550169,211,158,53,125993665
5700601,173,127,46,129811597
3001441,175,124,51,63341539
4351489,240,163,77,96001259
3150841,190,128,62,66885493
4651201,226,135,91,103423633
3301321,186,124,62,70474703
4952089,251,176,75,110928067
3450241,259,168,91,74044227
5100649,237,167,70,114651819
3600409,234,166,68,77663029
3751729,210,157,53,81325519
3900649,162,106,56,84946925
4050769,250,158,92,88612523
5850121,238,174,64,133617719
4201849,209,141,68,92317265
3151129,199,133,66,66892027
3001489,244,153,91,63342607
3301369,215,142,73,70475825
4351561,216,157,59,96003113
4500409,221,148,73,99682367
3450841,226,163,63,74059047
4651249,170,117,53,103424851
4801441,285,203,82,107163997
4952809,179,117,62,110945901
3151849,204,127,77,66909685
5100841,163,110,53,114657605
3600601,208,143,65,77667637
5250361,249,168,81,118417649
3301561,191,131,60,70480271
5551729,249,168,81,126033161
5400721,254,157,97,122211079
3751801,144,102,42,81327487
3901801,193,120,73,84974415
3451009,145,97,48,74062953
3001681,246,159,87,63347425
5700769,362,233,129,129815599
4352209,224,161,63,96019301
4053001,262,168,94,88666973
5850769,189,137,52,133634309
4201969,310,214,96,92320241
3152041,194,124,70,66913729
4651369,191,133,58,103427863
3302161,267,180,87,70494557
4500721,175,116,59,99690653
4952929,204,149,55,110949249
3451681,229,157,72,74079519
5101441,133,94,39,114672215
3601369,265,188,77,77685433
4801561,233,164,69,107167045
3002161,238,164,74,63358621
3152641,240,174,66,66928585
4353001,182,122,60,96038939
3752401,200,116,84,81341815
3902641,171,107,64,84995709
3302209,149,105,44,70495775
5250529,277,208,69,118422179
4053121,230,162,68,88670057
4652881,218,131,87,103465273
3452689,242,174,68,74103409
5851441,254,165,89,133651631
4202521,213,154,59,92333951
5403169,242,163,79,122272911
5551921,236,151,85,126037757
3153361,212,143,69,66946093
3002281,239,141,98,63361333
4953601,181,117,64,110965611
5701249,263,177,86,129827473
3602041,154,88,66,77701785
5101609,305,223,82,114676331
3302329,229,154,75,70498589
4353169,311,226,85,96042797
4501009,217,147,70,99697417
3452929,176,122,54,74109421
3752569,231,170,61,81345793
3153481,191,133,58,66948781
4801609,281,184,97,107168317
3902929,194,133,61,85002627
4654129,236,182,54,103495753
3302569,230,142,88,70504293
4053961,241,167,74,88690295
3002449,273,198,75,63365263
5851801,234,177,57,133660685
4202641,176,122,54,92337251
4353409,196,124,72,96048731
3453361,185,115,70,74119369
4954321,201,140,61,110983563
3153529,221,153,68,66949897
3602089,258,176,82,77702847
5103121,173,123,50,114713987
5250961,199,130,69,118433465
5404561,319,226,93,122308005
3303409,256,184,72,70524909
5552929,338,235,103,126063767
4501921,221,159,62,99720295
3752641,237,169,68,81347467
4654609,232,164,68,103507993
3903001,201,140,61,85003959
3002521,200,137,63,63367117
3153649,185,125,60,66952495
5702041,264,171,93,129848413
3453409,167,128,39,74120611
4801729,242,158,84,107171365
4054009,219,154,65,88691303
4353889,212,144,68,96061073
3303889,173,118,55,70536123
4955329,186,131,55,111008933
3603049,213,139,74,77726375
5851969,287,191,96,133665077
4203049,261,175,86,92346551
5103169,242,155,87,114715073
3154201,188,123,65,66965361
4654729,255,175,80,103511791
3454081,160,111,49,74137135
3003529,158,120,38,63390943
3753289,201,149,52,81363481
5251009,196,135,61,118434563
3304849,175,122,53,70559163
3903481,205,134,71,85015723
4503241,174,124,50,99753095
4354561,228,147,81,96077417
5404921,211,139,72,122316981
3154321,138,86,52,66968247
5553241,184,118,66,126071657
4054681,217,148,69,88708719
4956529,219,161,58,111038727
3454201,186,123,63,74139847
3603289,224,148,76,77732255
5103289,173,109,64,114718235
4801969,257,169,88,107177719
3004369,187,122,65,63410659
5852449,255,193,62,133677113
4203649,212,143,69,92361785
3305761,230,139,91,70581087
4654801,406,272,134,103513621
5702449,192,123,69,129858547
3154729,230,165,65,66977823
3753961,179,107,72,81379947
4354921,186,113,73,96086177
3454249,193,134,59,74141113
3903649,224,149,75,85019503
3306529,224,165,59,70599307
4503409,152,112,40,99756977
4957801,256,174,82,111071587
3603961,196,129,67,77748461
3155041,225,164,61,66985785
5252041,182,131,51,118459973
3004681,148,88,60,63418123
4056529,216,135,81,88753671
5104009,203,131,72,114736553
4655809,226,159,67,103537969
3455209,211,147,64,74164237
5406361,185,119,66,122352719
4203889,240,162,78,92366909
5852569,254,170,84,133680263
4355401,212,154,58,96098453
4802569,249,166,83,107192587
3306601,197,130,67,70601137
5553601,240,155,85,126080591
3754321,165,107,58,81388323
3155329,181,123,58,66992317
3903769,142,101,41,85022413
3005521,183,117,66,63438403
5702929,248,170,78,129870597
4957969,253,161,92,111075193
3604609,279,206,73,77763989
3455281,247,156,91,74165827
5104129,316,217,99,114739229
4656241,267,199,68,103548673
3307201,268,173,95,70615555
4503769,255,175,80,99765641
4056721,266,184,82,88758333
4357201,177,115,62,96142721
3156001,188,129,59,67008427
5252209,222,148,74,118464569
4204489,152,100,52,92382041
3754921,251,164,87,81402891
5853241,198,130,68,133696811
3005809,138,86,52,63445009
3455761,188,122,66,74177749
3307609,244,172,72,70625003
4802641,273,177,96,107194363
3904321,190,120,70,85035973
3156409,168,107,61,67018207
5406529,246,166,80,122357261
3605281,191,128,63,77780609
4958209,255,166,89,111081445
4656409,207,139,68,103553095
5554249,192,129,63,126096881
4357369,211,142,69,96147023
5104201,247,186,61,114741245
4057321,186,115,71,88772703
3456721,156,105,51,74200489
4504249,282,193,89,99777317
3308089,162,100,62,70636577
3005881,191,131,60,63446851
3156841,212,143,69,67028269
5703289,275,194,81,129879639
3755809,195,133,62,81424461
4205041,286,193,93,92395619
5853481,244,173,71,133703441
3905329,248,165,83,85060713
4357609,165,114,51,96152429
3605809,173,104,69,77793125
4656481,215,152,63,103554817
4959049,264,177,87,111102163
3456889,243,169,74,74204533
5252641,173,112,61,118475285
3308209,172,122,50,70639223
3157081,204,130,74,67033903
4803649,305,214,91,107219257
5104849,226,150,76,114757067
3006529,205,135,70,63462023
4057561,192,122,70,88778817
5407249,225,154,71,122376041
3756001,236,170,66,81428977
5555929,220,165,55,126139493
4504369,156,105,51,99780083
3457609,251,165,86,74221501
3158401,134,94,40,67065553
3308449,168,107,61,70644887
4358209,238,168,70,96167321
4205569,162,100,62,92409185
4657321,202,139,63,103575381
5854081,236,155,81,133719335
3606289,198,151,47,77804537
4960201,165,102,63,111131191
3905449,258,179,79,85063149
3006649,181,133,48,63464801
5703889,189,129,60,129894663
5105641,278,193,85,114778533
3158569,196,132,64,67069069
3308881,132,85,47,70655621
3457801,202,132,70,74226895
4803961,245,157,88,107227225
5253529,227,157,70,118496761
4058209,249,153,96,88795005
3757009,140,83,57,81453245
4358281,182,117,65,96169079
4657921,274,189,85,103589681
3158761,205,135,70,67073773
3007321,176,114,62,63480521
3309121,213,144,69,70660943
4504441,243,170,73,99781787
4960561,203,148,55,111139621
4206409,212,147,65,92429591
5408089,220,144,76,122397207
3457969,220,140,80,74230561
3606961,197,139,58,77820923
3906169,199,133,66,85081083
5854129,273,188,85,133720439
5105809,274,185,89,114782433
5556121,274,196,78,126144461
3159361,248,156,92,67088299
4358449,249,184,65,96173159
3309721,232,163,69,70675211
3458281,206,155,51,74238381
4058401,137,98,39,88799889
3758281,302,190,112,81484013
3007369,156,103,53,63482045
5704441,251,175,76,129908817
4658161,214,138,76,103596077
4804249,269,183,86,107234023
4961329,226,145,81,111159307
3607249,251,162,89,77827487
5253649,201,134,67,118500037
3160369,131,86,45,67112165
3906361,207,140,67,85085653
4206721,158,117,41,92437091
5108209,285,186,99,114841939
3309961,211,143,68,70681337
4504921,187,125,62,99794783
5854801,197,135,62,133737755
3458641,208,142,66,74246677
4358881,204,143,61,96183893
3008041,212,149,63,63497559
5408881,215,139,76,122417337
4658809,172,117,55,103612163
3161089,211,138,73,67129449
3759001,261,169,92,81501977
4058569,192,128,64,88803237
5556289,231,165,66,126148325
3310129,201,143,58,70685669
4962049,132,90,42,111177019
3459409,301,204,97,74265325
3607489,200,138,62,77832849
4805161,166,105,61,107256851
5108569,225,156,69,114850969
3907009,212,146,66,85101955
4359961,249,164,85,96210935
3161209,255,184,71,67132095
3008569,164,116,48,63511281
4206889,194,133,61,92441021
5704609,182,130,52,129912933
5855761,252,164,88,133761201
3310609,188,135,53,70697303
4505041,206,138,68,99797705
5254201,226,157,69,118514293
4659481,176,110,66,103629167
3459649,176,115,61,74270717
3759289,270,193,77,81508953
3161449,195,132,63,67137935
4059049,179,124,55,88815621
4962409,279,218,61,111186053
3607801,241,177,64,77841003
4361569,216,143,73,96250175
5409049,270,183,87,122421891
3311401,179,115,64,70716035
3009241,193,129,64,63526911
5109241,293,206,87,114867823
3907801,225,146,79,85120869
3460921,284,200,84,74301411
5556769,192,132,60,126160157
3162889,216,145,71,67172033
4659841,240,167,73,103637855
4207729,261,169,92,92462063
4805761,205,131,74,107271665
5856601,202,125,77,133783179
3311641,211,151,60,70721651
4505209,272,184,88,99801311
3759961,161,112,49,81525297
4362121,152,99,53,96264263
4962721,189,129,60,111194117
3461089,176,125,51,74305683
3010681,203,140,63,63559719
3607921,245,161,84,77843955
5704729,234,155,79,129915843
5254489,254,178,76,118521403
4059169,186,127,59,88818387
3163561,211,136,75,67188437
5109409,339,243,96,114872023
3311809,242,168,74,70725815
3909049,208,146,62,85151369
4660009,255,185,70,103642085
3461329,157,111,46,74311761
5409721,209,141,68,122438673
3163609,196,134,62,67189361
4208689,170,122,48,92485781
5857849,386,258,128,133814559
4362481,245,180,65,96272735
3010729,206,149,57,63561417
3763321,221,158,63,81607035
4964569,157,110,47,111240245
4805929,294,214,80,107275907
3313489,181,118,63,70765629
5557441,240,168,72,126176963
4505929,295,199,96,99819503
3607969,184,110,74,77845089
5109721,240,166,74,114880663
4060009,240,164,76,88838775
3461641,232,160,72,74319069
3163801,163,104,59,67193369
4660321,196,121,75,103650101
3909361,157,103,54,85159007
5255161,278,197,81,118537843
4362649,184,121,63,96277289
3313969,234,151,83,70777023
3012409,132,80,52,63601091
5704801,231,163,68,129917991
3163969,235,163,72,67197743
4208761,310,230,80,92487623
5858689,205,139,66,133836597
4964761,202,146,56,111245195
3763561,207,142,65,81612555
3463489,205,139,66,74363319
3608161,295,199,96,77849751
5110561,154,106,48,114901855
5410441,104,74,30,122456875
3314329,204,150,54,70785759
4660489,246,168,78,103653923
4806001,177,126,51,107277689
4506121,211,134,77,99823965
4060249,225,157,68,88844391
3012769,239,166,73,63609725
4362961,209,148,61,96285395
3164401,204,131,73,67208297
3463609,256,179,77,74366163
5557561,175,109,66,126180287
3909481,176,114,62,85161779
3314929,245,168,77,70800339
4965361,286,195,91,111260627
3764041,197,140,57,81624151
5859289,286,206,80,133852119
3609481,270,186,84,77881395
4211281,269,188,81,92548829
3164569,177,107,70,67212047
5255209,258,179,79,118539115
4661161,251,164,87,103671137
5111089,194,130,64,114914167
3463849,200,137,63,74371643
3013081,208,138,70,63617645
4363129,195,135,60,96289449
5704969,223,157,66,129922821
3315001,221,149,72,70802097
4060729,183,131,52,88856637
4506289,356,268,88,99828111
4806649,174,115,59,107294243
3909889,188,127,61,85171553
3165289,206,129,77,67229641
5411281,247,174,73,122477431
4965601,215,154,61,111266099
3464689,302,202,100,74392133
3764209,180,120,60,81628327
3609649,219,156,63,77885481
4662529,241,148,93,103704983
3315649,221,154,67,70817355
3014041,209,153,56,63639775
4363321,200,129,71,96294017
5111401,230,137,93,114922363
5860681,221,146,75,133886925
5557969,214,153,61,126190879
4211761,257,181,76,92561273
3165649,252,166,86,67237825
3466009,245,169,76,74424023
5256001,184,126,58,118559517
4061401,237,147,90,88872681
3315769,274,175,99,70819995
3910201,197,142,55,85179671
4966441,304,216,88,111286997
3166129,212,138,74,67249783
3014281,189,133,56,63645151
4507729,300,204,96,99863541
4363969,127,96,31,96310013
4663201,235,162,73,103721645
5705281,205,128,77,129930105
4807441,223,156,67,107313719
3609769,204,141,63,77888025
3764329,226,162,64,81631603
5111521,278,187,91,114925111
3466201,226,160,66,74428397
3316321,246,168,78,70833219
5411569,234,178,56,122484595
5860849,223,143,80,133891053
4211929,200,133,67,92565839
3166321,197,133,64,67254073
3014881,157,107,50,63659997
4364161,190,129,61,96314573
5558281,238,166,72,126199075
4061569,250,178,72,88876683
4967041,194,133,61,111302741
3466369,175,122,53,74432567
4663801,178,116,62,103736865
3911881,269,186,83,85220537
3316441,232,159,73,70836027
3611281,237,163,74,77924745
3166921,204,149,55,67268779
3764401,235,167,68,81633241
5111761,225,137,88,114931573
5256049,316,223,93,118560597
4508641,219,155,64,99886119
4807681,216,146,70,107319329
5860969,169,112,57,133894281
3466681,164,108,56,74439833
3014929,213,150,63,63661053
3316681,147,105,42,70842009
4212121,254,179,75,92569991
5705569,180,120,60,129937447
4364329,210,138,72,96318437
3167809,257,178,79,67289809
4663969,242,173,69,103740855
4967449,135,96,39,111312503
5411641,198,140,58,122486713
4062241,209,158,51,88894113
3912721,194,131,63,85240987
3611329,237,168,69,77926599
5112361,197,133,64,114946073
3466849,135,97,38,74443637
3764569,193,130,63,81637129
3317449,213,138,75,70860555
3167929,239,161,78,67292341
3015121,203,128,75,63665679
5558569,268,177,91,126206149
4364809,228,156,72,96330785
4509409,215,158,57,99905643
5861881,142,103,39,133917969
5257009,205,131,74,118584647
4664521,186,134,52,103754115
4807849,327,222,105,107323433
4967761,244,177,67,111320289
4212601,230,153,77,92582327
3317521,174,121,53,70862259
3467521,185,126,59,74460203
3169321,184,115,69,67325613
3913249,254,169,85,85253323
3611521,146,87,59,77931153
4062361,121,81,40,88896621
5112769,246,159,87,114955967
3015601,160,111,49,63677115
3765049,228,155,73,81648693
5705809,254,178,76,129944485
4367329,242,166,76,96392741
3317689,195,142,53,70866015
5412289,217,148,69,122503317
3169489,239,162,77,67329159
3467689,182,124,58,74464367
4664641,279,196,83,103756761
4967881,258,183,75,111323403
4509961,160,108,52,99919329
5862361,253,181,72,133929763
4213609,219,142,77,92606573
5559121,220,147,73,126219835
3015721,254,158,96,63679503
3318001,258,177,81,70873673
3169681,205,145,60,67334145
3612121,308,202,106,77945085
4808329,187,133,54,107336037
5113201,201,135,66,114967751
3467809,209,135,74,74467265
4368121,210,142,68,96412149
5258089,241,159,82,118611923
3913561,163,111,52,85261159
4063369,288,209,79,88920621
3765241,213,145,68,81652995
4664809,240,183,57,103761381
3169849,191,130,61,67338009
3318841,189,130,59,70893461
4968121,197,141,56,111329397
3468481,183,121,62,74483153
3015769,193,134,59,63680589
5706121,245,161,84,129952015
5862529,272,176,96,133933909
4369201,243,170,73,96438943
5412481,255,173,82,122507985
4510489,222,151,71,99932037
3612289,188,122,66,77949309
5113369,250,176,74,114971825
4213969,277,187,90,92615339
3170281,212,134,78,67348451
3914089,165,109,56,85273843
3319009,197,133,64,70897949
3765409,245,163,82,81657153
4063441,292,202,90,88922505
4665049,150,106,44,103767561
3468649,228,161,67,74487725
4809121,261,179,82,107355303
5559481,185,119,66,126228919
5258569,197,130,67,118624379
3017281,157,103,54,63716737
4968289,210,128,82,111333339
4369801,240,157,83,96453139
3170521,183,118,65,67354025
3319969,214,140,74,70920421
3612529,276,195,81,77955083
3468721,180,125,55,74489219
5863729,170,110,60,133965557
5113441,200,141,59,114973613
4665721,243,167,76,103783885
4511161,212,154,58,99948621
4214281,240,153,87,92623067
3914569,261,178,83,85286061
3765889,190,132,58,81669231
3170689,181,134,47,67357751
3017569,181,113,68,63723259
4064209,211,153,58,88941849
3320521,125,88,37,70934701
5412961,184,115,69,122520525
5706409,275,194,81,129959647
4370521,198,133,65,96472057
4968721,237,150,87,111344223
3468889,222,139,83,74492921
4809289,179,127,52,107359347
5559649,364,246,118,126233203
3172201,206,140,66,67393689
5113609,196,123,73,114978031
3613009,127,94,33,77966893
5258761,218,142,76,118628939
3320881,174,104,70,70942747
4665889,214,138,76,103788079
5864401,219,148,71,133981997
3017809,238,166,72,63728701
3766249,240,168,72,81678309
3469201,211,152,59,74500719
3914689,177,130,47,85288761
4214569,234,164,70,92629919
3172681,160,105,55,67405825
4511329,184,110,74,99952353
4969801,197,124,73,111371679
4064881,311,220,91,88957687
3321049,240,164,76,70946473
3767521,174,117,57,81709089
3469321,205,148,57,74503365
5114089,230,167,63,114989953
4370809,161,100,61,96478543
4667041,247,169,78,103817005
3613201,170,110,60,77971597
3018121,219,138,81,63736291
5413129,316,202,114,122524713
4810129,181,117,64,107380737
3172801,228,161,67,67407925
5707249,246,158,88,129980617
5864569,255,186,69,133986005
3321529,226,153,73,70958607
3915361,218,149,69,85305207
5560801,173,112,61,126262441
4970401,201,138,63,111386737
5259361,223,153,70,118644065
4214641,211,148,63,92631761
3470161,211,152,59,74524155
3767689,215,159,56,81713079
3173641,194,136,58,67428163
4065289,295,202,93,88967899
4511809,183,134,49,99964809
3018241,292,203,89,63739255
4667161,222,153,69,103819873
3321889,224,145,79,70966767
5114449,247,169,78,114999667
3613681,194,126,68,77983237
4371049,169,114,55,96484131
3470209,190,127,63,74525067
3173689,174,133,41,67429273
3768241,126,92,34,81726135
5865841,207,140,67,134018399
4810849,192,129,63,107398707
4970569,290,192,98,111390565
3915601,217,144,73,85311279
3322369,199,132,67,70978169
5413249,270,180,90,122528289
3018289,206,132,74,63740449
4215241,171,96,75,92647001
5707921,197,129,68,129997681
4667209,236,152,84,103821109
4066129,219,155,64,88988011
3174049,241,153,88,67437829
3470881,305,216,89,74540673
5114881,168,119,49,115009963
3614041,246,178,68,77992117
5561089,265,175,90,126270175
4513609,203,148,55,100010175
3768409,228,143,85,81730437
5259601,207,149,58,118649921
3324049,223,160,63,71018287
4971409,204,133,71,111411391
3174361,229,141,88,67444939
3018649,238,168,70,63748585
4371481,185,123,62,96495213
3471241,136,93,43,74548971
5866249,237,144,93,134028841
3916609,195,149,46,85335405
4667569,150,103,47,103829923
3768529,281,210,71,81733587
4811809,236,168,68,107422457
3324721,180,115,65,71034181
5114929,223,151,72,115010923
4216129,222,155,67,92668451
4066441,171,118,53,88996465
3614209,155,111,44,77995633
3174649,188,125,63,67452277
5413489,164,104,60,122533455
3471841,215,138,77,74564073
3019801,186,125,61,63776185
4514281,258,169,89,100026027
4972081,190,122,68,111428317
5708161,234,154,80,130003483
3325249,184,120,64,71047699
3768769,205,126,79,81739269
4667881,186,127,59,103837975
5260081,222,155,67,118662263
3174889,327,222,105,67457773
5561641,269,187,82,126284503
5866849,222,144,78,134044045
3916921,226,145,81,85343007
4371529,268,173,95,96496245
3473521,207,133,74,74604321
5115601,223,147,76,115028377
3615649,176,107,69,78031033
3325681,203,141,62,71058289
4216801,184,127,57,92684987
4066609,192,146,46,89000455
3019921,190,123,67,63779005
4812481,192,141,51,107439499
3769081,211,150,61,81746823
3175561,201,130,71,67474413
4972321,220,146,74,111434479
4668049,216,142,74,103842097
3473689,327,227,100,74608353
4514449,192,136,56,100030347
3325849,235,174,61,71062021
5414089,261,181,80,122548901
3917041,271,189,82,85345953
3177169,247,173,74,67511373
5867089,350,234,116,134050495
5117401,198,151,47,115073001
3769609,224,164,60,81759591
3020161,197,122,75,63784531
3615721,184,129,55,78033391
4371649,314,216,98,96499107
5708641,218,153,65,130016185
5260369,165,103,62,118669589
3474241,170,116,54,74622087
5562169,266,188,78,126297793
4066729,232,162,70,89003161
4972921,233,156,77,111449049
4217761,203,138,65,92708579
3326569,172,125,47,71078575
4668409,315,221,94,103851121
3178729,147,95,52,67549395
4812721,253,165,88,107445283
3770089,215,148,67,81770913
3020761,222,159,63,63798849
3475249,228,146,82,74645831
4515001,233,162,71,100043883
5117809,263,190,73,115083027
3917209,200,139,61,85350093
3326761,261,183,78,71083135
5867569,261,177,84,134063125
3616369,180,121,59,78047941
3178849,252,193,59,67551981
4972969,177,124,53,111450981
4668721,240,152,88,103859455
4372201,212,146,66,96512997
5414161,189,108,81,122550737
3770281,190,132,58,81775523
4066801,270,190,80,89004937
3476761,259,160,99,74682185
4217929,157,113,44,92712683
5261761,242,164,78,118704407
3327361,239,165,74,71097771
3179689,172,127,45,67572123
3020929,223,157,66,63802973
5709169,293,191,102,130029937
5562769,203,135,68,126312673
4812889,209,138,71,107449435
5118409,247,161,86,115098903
3917281,169,112,57,85351899
3616489,288,197,91,78051115
3770449,209,141,68,81779621
3476881,206,123,83,74685713
4515169,231,160,71,100048275
4669009,260,182,78,103866739
5867761,168,105,63,134068057
3180769,192,141,51,67597711
4973329,183,113,70,111459543
3327409,225,143,82,71098821
3021001,142,101,41,63804803
4372321,271,190,81,96515919
4068241,197,129,68,89040235
4218001,238,166,72,92714591
3770761,169,125,44,81787211
3477121,209,148,61,74691521
3181081,187,119,68,67605451
5415601,220,154,66,122587541
3327769,172,112,60,71107431
5119129,175,119,56,115116585
3617329,174,115,59,78071217
4669681,256,165,91,103882727
5262121,237,148,89,118713111
3917761,177,125,52,85363707
4973929,238,159,79,111474499
4813201,215,141,74,107457523
3021169,282,198,84,63808307
5867929,203,132,71,134071771
5709601,202,143,59,130040713
3181249,216,147,69,67609417
4515361,185,124,61,100053249
3477289,292,202,90,74695229
5563321,169,111,58,126326755
3771049,197,121,76,81794321
3328201,209,153,56,71117917
4069489,301,217,84,89070343
4373041,213,145,68,96533589
4218169,284,190,94,92718701
5119321,177,120,57,115121169
4669729,193,129,64,103883645
3181369,123,85,38,67612159
3617401,289,197,92,78072579
3021649,201,131,70,63819905
3478561,195,126,69,74725679
3328441,209,138,71,71123293
4974649,198,146,52,111492325
3771289,206,136,70,81799979
3919441,195,133,62,85404663
5415769,289,214,75,122591855
5868241,235,161,74,134079439
5262289,221,148,73,118718157
3181609,242,170,72,67618081
4813321,291,206,85,107460295
4516201,277,186,91,100073547
3478801,277,199,78,74731301
3329041,187,132,55,71138353
4069801,207,128,79,89079181
4670089,186,127,59,103892561
5119969,255,173,82,115137663
3021769,184,135,49,63822761
3772801,203,131,72,81836379
4373569,253,159,94,96546891
5712121,201,132,69,130104795
4219609,201,141,60,92753947
3617569,272,176,96,78077229
5564161,232,159,73,126348043
4976161,199,124,75,111530605
3181921,212,165,47,67625125
3920401,158,109,49,85428297
3329281,159,115,44,71143975
3479569,196,140,56,74749957
5868361,256,158,98,134082793
3773281,214,143,71,81848703
3022441,203,126,77,63838529
4670929,223,146,77,103913423
3182761,224,162,62,67645589
5120809,213,143,70,115158963
5415841,239,177,62,122593385
4070329,226,147,79,89091361
4813561,181,120,61,107466571
4516969,242,169,73,100092123
3329449,233,155,78,71147707
3618049,238,162,76,78089283
3480289,245,166,79,74766955
5262721,243,176,67,118729169
4976281,248,163,85,111533617
4219681,190,127,63,92755501
4374001,176,128,48,96557193
3773401,211,134,77,81851631
3183289,290,192,98,67657985
3921121,211,141,70,85445481
3022681,208,134,74,63844259
5712169,135,96,39,130105893
3329761,218,161,57,71155243
4671529,283,177,106,103928525
5565121,188,131,57,126372367
3480409,176,114,62,74769985
5868529,307,214,93,134087287
5121481,189,127,62,115175949
3183601,218,139,79,67665353
3618409,246,168,78,78097311
4976449,182,120,62,111537553
3774409,176,128,48,81875547
4070761,239,170,69,89101879
4517521,286,213,73,100105875
3329881,207,140,67,71157883
4814209,200,143,57,107482361
3022849,212,136,76,63847925
3481321,264,176,88,74791667
4219849,178,118,60,92759857
4375249,237,151,86,96587909
5416009,217,142,75,122597627
4672201,170,110,60,103945499
3921289,198,150,48,85449489
3183721,247,172,75,67668341
5263441,216,141,75,118746743
3774649,248,171,77,81881517
5121841,203,129,74,115184121
5868601,344,251,93,134088907
3330121,199,129,70,71163961
4977169,303,191,112,111556195
3481801,271,192,79,74803499
3619921,312,225,87,78133563
3183769,204,134,70,67669457
3023329,205,137,68,63860087
4071601,222,138,84,89122513
5712361,252,174,78,130110531
5565169,220,151,69,126373583
4672441,218,149,69,103951571
3775081,245,181,64,81892053
3330289,224,152,72,71167771
4517809,237,162,75,100113507
4220449,220,144,76,92774281
3921649,195,137,58,85458135
3481969,236,173,63,74807683
4814881,247,165,82,107499437
4375729,262,186,76,96599543
3184561,146,94,52,67688141
5122489,177,118,59,115200393
4977529,330,239,91,111565039
3023689,187,132,55,63868163
5869441,184,150,34,134110163
5416681,270,181,89,122614181
3620401,196,124,72,78145383
5263561,246,173,73,118749743
3330721,153,110,43,71177989
3775801,157,103,54,81910007
4674049,217,147,70,103991001
3482761,178,114,64,74826775
3184969,226,155,71,67697765
4072009,257,192,65,89132245
4220521,316,230,86,92775967
3922081,240,162,78,85468971
3330889,221,144,77,71182135
4518049,248,159,89,100119333
5122681,238,172,66,115205531
3024841,201,135,66,63895511
5566129,314,205,109,126397937
3186241,162,110,52,67727679
3776161,150,104,46,81918089
5712529,144,94,50,130115091
4978009,235,167,68,111577021
4375849,226,157,69,96603299
3483481,151,109,42,74844739
4816249,199,114,85,107532905
3620689,262,191,71,78152445
5869609,202,135,67,134115023
4674289,179,127,52,103997405
3330961,173,116,57,71183563
3186481,169,117,52,67734153
4072609,230,159,71,89147129
5263729,237,162,75,118753949
5417329,205,149,56,122631377
3483841,251,171,80,74853157
3776809,210,153,57,81933745
3025129,183,133,50,63902257
5122849,225,148,77,115209497
3922249,204,130,74,85472985
4978681,298,211,87,111593629
4221169,228,150,78,92792683
3331129,247,163,84,71187889
3621529,191,131,60,78172917
4519561,227,149,78,100156881
3187321,185,122,63,67753383
4674889,237,172,65,104012183
4376401,215,143,72,96616571
3484441,192,145,47,74867267
5870041,179,112,67,134125829
3777481,264,169,95,81950425
4816561,183,131,52,107541065
3025369,230,151,79,63907729
5566681,251,176,75,126411923
5712961,243,160,83,130125621
3331561,195,132,63,71197975
4073449,204,130,74,89167573
3187489,307,216,91,67757325
5123281,195,139,56,115221089
4978801,248,168,80,111596695
3923089,184,121,63,85493847
3484489,222,139,83,74868227
4674961,163,106,57,104014055
3777601,217,149,68,81953233
3622081,126,89,37,78186021
4221361,200,136,64,92797333
5264449,197,130,67,118772147
5417521,270,184,86,122636015
3332281,180,122,58,71215279
3187969,172,120,52,67769559
3025681,158,111,47,63915097
4520881,179,115,64,100189921
4376929,260,180,80,96629397
5870089,230,159,71,134127083
3485161,162,102,60,74884467
4816681,158,106,52,107544215
5123449,264,176,88,115225541
3777769,275,189,86,81957193
4979209,221,147,74,111606859
4073521,168,107,61,89169061
3188089,211,142,69,67772703
3333481,302,196,106,71243963
4675129,300,204,96,104017697
3923641,209,139,70,85506999
3622609,180,121,59,78198871
5566801,243,182,61,126414335
3025849,218,141,77,63919037
5713369,239,162,77,130136117
3486121,172,117,55,74907555
4222849,244,175,69,92833349
3188161,153,116,37,67774239
3778681,176,124,52,81979813
3333961,216,138,78,71255519
5870881,203,122,81,134146859
5264641,241,160,81,118776689
4521001,170,111,59,100192801
4377409,224,152,72,96641295
5417689,231,149,82,122640251
4980889,149,102,47,111649251
4675609,223,153,70,104029901
5124001,180,115,65,115239137
3486169,179,126,53,74908803
4073689,168,110,58,89173435
3026521,185,133,52,63935219
3188641,154,113,41,67785495
3623449,181,125,56,78218903
3923761,214,148,66,85509837
3334801,178,117,61,71275849
4816849,174,121,53,107548379
3779161,189,140,49,81991705
4223521,151,112,39,92849915
3486289,182,128,54,74911329
3188761,184,118,66,67788291
4676449,259,175,84,104051439
5566849,256,187,69,126415481
4981729,213,137,76,111670245
5871769,232,146,86,134169059
3336481,159,110,49,71316121
5124121,250,174,76,115241531
3027361,199,130,69,63955301
5713681,241,167,74,130144073
3779329,184,116,68,81995515
4377601,256,165,91,96645861
4521241,195,139,56,100198393
4075129,272,180,92,89208499
5265241,236,150,86,118792115
3623881,223,155,68,78229817
3486361,176,115,61,74913357
3924649,207,146,61,85531425
3188929,190,130,60,67792377
5418289,274,174,100,122654813
3336601,199,141,58,71318929
4816921,218,148,70,107550287
4677121,228,146,82,104067987
3028321,147,98,49,63977865
3780169,232,157,75,82015975
4982209,209,140,69,111681987
4223689,257,172,85,92853743
5124169,308,215,93,115242725
3191161,201,138,63,67845165
3486529,214,142,72,74917029
5871961,257,171,86,134173787
3336649,174,110,64,71320075
3623929,149,103,46,78231257
4378201,181,111,70,96660807
4521721,224,166,58,100210789
4075369,200,130,70,89214577
5566969,205,136,69,126418667
3925489,235,168,67,85552095
3780961,274,186,88,82034947
3191281,174,106,68,67848075
4677241,306,210,96,104070693
3028489,251,175,76,63981957
3487129,203,121,82,74931399
5714521,222,154,68,130165757
3337489,159,104,55,71340457
4982401,260,180,80,111686697
5265649,187,124,63,118802357
5124289,230,152,78,115245443
4224049,226,159,67,92862947
4817689,303,204,99,107568753
5419369,265,185,80,122682661
5872441,185,135,50,134187035
3191329,202,137,65,67849095
3781801,187,120,67,82055667
3487201,184,119,65,74933409
3624289,195,139,56,78239711
3338329,226,160,66,71360323
3029329,209,141,68,64001757
4677289,230,154,76,104072073
4076641,181,121,60,89245765
4378609,161,102,59,96671343
3927361,159,108,51,85597963
4521841,172,123,49,100213279
4982569,209,142,67,111690909
3192121,213,144,69,67868415
5124529,217,149,68,115251971
3781849,247,168,79,82056915
3487369,286,207,79,74937531
3338689,257,180,77,71368419
5568481,251,181,70,126457229
4224361,322,203,119,92870759
3029401,182,122,60,64004091
5872561,289,205,84,134189945
5265961,232,161,71,118810559
5714641,218,149,69,130168937
3192169,259,166,93,67869483
3624601,216,140,76,78247535
4677481,198,133,65,104076591
4817929,218,145,73,107574909
3488209,207,135,72,74957661
3782521,161,105,56,82073209
5419801,212,142,70,122693619
3339121,160,111,49,71378913
4983001,203,131,72,111701937
3927529,152,106,46,85602037
4076881,136,106,30,89251525
4379281,237,153,84,96687303
5124961,222,153,69,115262867
3192289,151,95,56,67872419
4521889,229,148,81,100214515
3030241,214,132,82,64022979
3339169,159,104,55,71380125
3488809,179,116,63,74972367
4678249,181,130,51,104095689
3782689,182,112,70,82077055
3624721,266,170,96,78250067
5872969,243,177,66,134200619
4224529,187,124,63,92874581
3192529,282,191,91,67877609
4983169,204,142,62,111706005
5568529,258,165,93,126458879
3927961,242,154,88,85612531
4818241,189,126,63,107582985
5125009,257,177,80,115263953
3339529,265,185,80,71388387
5266969,324,239,85,118836107
4077361,235,166,69,89263447
3489049,214,148,66,74978031
3030409,253,174,79,64027383
5714689,286,190,96,130169897
3783049,182,119,63,82085521
4379449,308,210,98,96691485
3192961,246,160,86,67888361
4678321,226,154,72,104097465
5419969,239,159,80,122697585
4522681,211,134,77,100234549
3625969,265,184,81,78279727
3340009,241,166,75,71400345
3489481,210,150,60,74988667
5873281,293,206,87,134208263
4983721,218,147,71,111719865
4224889,205,128,77,92883539
3193129,171,113,58,67892321
3783649,191,137,54,82099963
3031681,203,136,67,64057383
5125201,251,175,76,115268555
3928681,165,112,53,85630139
4077481,175,112,63,89266477
4678801,169,115,54,104110203
3340201,198,135,63,71404893
4818409,241,173,68,107587395
3489529,167,121,46,74989891
3194041,225,154,71,67914131
5568649,279,195,84,126461213
4379929,140,84,56,96703629
5267089,151,106,45,118838981
3626281,216,152,64,78287683
3783889,257,182,75,82106401
4984561,190,130,60,111741033
4522729,168,110,58,100236007
3032089,215,150,65,64066785
5715049,298,210,88,130179107
5874481,244,175,69,134238719
3340849,191,126,65,71420403
5421649,262,175,87,122740041
5126689,222,149,73,115306007
4225729,227,139,88,92904811
3489649,248,181,67,74992543
3194881,273,187,86,67933781
4679089,295,199,96,104116923
3928849,203,135,68,85633823
3784321,234,146,88,82116865
4077529,256,164,92,89267863
3340969,202,137,65,71422887
3626401,161,109,52,78290233
3032569,168,112,56,64078359
3195649,232,177,55,67951987
4984729,281,194,87,111744627
3491401,134,86,48,75034479
4819081,158,111,47,107603727
4380049,189,131,58,96706485
4679161,249,172,77,104118639
4522849,236,151,85,100238767
5267809,164,115,49,118856657
5127481,242,167,75,115325735
3785209,232,162,70,82138245
5875249,192,133,59,134258519
3341881,182,131,51,71445127
5568721,222,157,65,126463433
3929209,170,112,58,85642613
4226161,197,121,76,92915023
3196201,177,115,62,67965583
3033409,170,128,42,64098535
3491569,177,127,50,75038421
5422321,205,140,65,122757291
4077649,175,116,59,89270341
5715481,247,161,86,130189799
3626449,188,134,54,78291601
4380121,255,175,80,96708093
4984849,164,115,49,111747837
3785401,258,187,71,82143219
3196321,285,193,92,67967941
3342481,216,142,74,71459695
4679329,201,140,61,104122911
4819201,206,129,77,107606913
3491881,171,108,63,75046143
3033529,227,154,73,64101403
3929521,233,169,64,85650485
5876089,230,162,68,134279507
4523521,215,155,60,100255021
4226401,255,172,83,92920831
3196489,171,107,64,67971931
3626569,240,171,69,78294391
3785569,270,184,86,82146975
5268001,229,165,64,118861565
5128369,200,129,71,115348745
4380289,183,112,71,96711825
3342529,213,149,64,71460577
4078201,200,131,69,89284159
5570161,134,93,41,126500155
3492001,278,192,86,75048861
4679761,228,174,54,104133765
4985521,225,151,74,111765063
5422369,165,115,50,122758413
3034441,272,184,88,64122397
3197401,169,112,57,67993809
3342721,245,165,80,71465335
5716561,297,195,102,130217309
3786049,206,141,65,82158615
3930361,221,153,68,85671113
4381441,209,140,69,96741245
4819609,259,179,80,107616975
5876641,168,114,54,134293901
3493081,190,124,66,75075207
4227049,253,171,82,92936689
3626641,261,176,85,78296179
4078489,171,107,64,89291189
3197881,203,136,67,68005785
3034921,196,130,66,64134063
4523569,248,183,65,100256239
4679809,228,164,64,104134737
3343369,275,174,101,71481079
4985569,215,157,58,111766293
5128489,210,157,53,115351385
5269009,172,122,50,118886879
3786169,206,129,77,82161639
4381561,221,155,66,96744083
3930481,162,111,51,85673619
3494089,228,173,55,75099513
3198409,181,118,63,68018115
5570329,248,171,77,126503971
3344041,140,93,47,71497001
3627289,237,150,87,78311953
3035761,170,119,51,64154171
5876809,260,169,91,134297921
5423161,231,159,72,122778393
3786241,177,122,55,82163049
4228561,209,137,72,92973939
4679929,209,138,71,104137809
4078561,214,154,60,89292683
4820929,221,140,81,107650245
3198721,184,127,57,68025717
4986361,187,128,59,111785667
3494521,240,173,67,75109497
4524529,202,141,61,100279811
5716729,241,167,74,130221551
3344161,253,178,75,71499857
4382281,217,143,74,96761819
5129041,229,157,72,115365041
3930529,215,148,67,85674891
3036601,218,146,72,64174109
3787561,222,164,58,82195449
3198841,159,114,45,68028693
3627649,227,147,80,78320719
3495409,183,119,64,75131287
4680001,207,144,63,104139555
3344401,170,125,45,71505719
5269489,196,128,68,118899821
5876929,256,189,67,134300873
4986529,168,126,42,111789863
4079041,177,121,56,89304893
4383241,197,138,59,96785219
4229089,284,207,77,92986761
3199249,172,121,51,68038347
3788401,180,118,62,82215957
5571409,201,132,69,126531567
4821049,202,135,67,107652993
5423329,266,175,91,122782479
3037561,233,157,76,64196593
3496081,187,135,52,75147511
4525201,237,158,79,100296629
3345169,209,136,73,71523719
3930721,196,135,61,85679685
4680769,210,140,70,104159019
3628129,258,181,77,78331987
3199561,198,122,76,68045547
5717161,243,173,70,130232999
4383481,213,157,56,96791081
4986769,255,185,70,111795851
3788929,177,129,48,82229241
5129329,236,166,70,115372349
3496249,161,105,56,75151555
5877481,204,131,73,134315441
3345409,200,133,67,71529513
3038281,164,114,50,64213729
4080001,203,135,68,89328293
4229521,183,126,57,92997435
3199849,229,151,78,68052165
5269681,247,159,88,118904699
4681009,187,123,64,104164815
3496609,228,147,81,75160147
3789241,145,87,58,82236663
4526089,242,166,76,100318247
3345721,185,127,58,71536893
3931729,264,180,84,85704601
4384129,225,157,68,96807077
3628249,210,140,70,78335287
4821721,246,163,83,107669559
5423401,218,148,70,122784441
5571721,191,120,71,126539391
4987921,183,137,46,111824753
3200401,186,126,60,68065705
3039649,316,208,108,64246177
5877601,182,127,55,134318387
3497089,241,160,81,75171461
3345841,150,99,51,71539995
4080049,229,160,69,89329343
3789361,217,136,81,82239357
4681321,245,164,81,104172513
5130001,242,180,62,115389683
5717329,246,177,69,130237487
4229689,156,109,47,93001425
4386601,347,247,100,96868755
3200689,214,147,67,68072283
3628321,198,139,59,78336823
3932209,209,140,69,85715947
3040249,151,103,48,64260355
4988209,287,194,93,111831767
5270449,319,236,83,118922897
3346921,226,164,62,71565951
3497209,212,151,61,75174701
4526209,237,164,73,100321217
3789529,218,138,80,82243299
3200929,202,122,80,68078037
4821769,229,151,78,107671029
4681609,114,76,38,104179311
5877769,199,124,75,134322329
4386649,228,153,75,96869769
5423881,243,159,84,122796825
4080409,179,109,70,89338237
5571889,263,189,74,126543705
3347689,164,105,59,71584545
3497281,368,256,112,75176099
3040321,223,146,77,64262011
4231369,212,149,63,93043215
3201361,152,116,36,68087973
3628969,165,109,56,78352493
3789601,302,196,106,82245039
4988449,244,162,82,111838637
5130409,214,154,60,115399559
3933841,197,128,69,85755307
5717401,310,210,100,130239395
3348361,185,134,51,71600695
4682449,303,208,95,104200287
4386769,177,119,58,96872735
3497929,278,196,82,75191861
4526449,228,145,83,100327355
3201409,189,139,50,68089089
5270521,139,96,43,118925417
3040489,174,119,55,64266007
3789769,123,75,48,82249353
5877841,271,201,70,134324015
4821889,218,143,75,107673543
4080889,288,187,101,89350027
3629161,196,114,82,78356759
4988761,276,187,89,111846467
3349201,249,170,79,71620359
3498049,205,135,70,75194891
3201529,236,146,90,68092035
5424409,225,165,60,122810295
3934009,240,166,74,85759765
4387441,219,137,82,96888911
4233121,154,108,46,93086617
4683121,224,148,76,104216947
5572081,191,119,72,126549111
3790441,194,126,68,82265013
3041161,269,188,81,64282201
5130721,261,166,95,115407257
3349921,204,129,75,71637819
3202201,176,121,55,68108307
3499129,159,113,46,75220787
4526881,279,181,98,100338287
5878009,177,124,53,134328653
4989121,226,152,74,111855143
3630169,135,90,45,78381773
5718241,193,118,75,130260191
4081849,286,194,92,89374027
3790921,206,150,56,82277013
4387609,296,218,78,96893225
5271121,225,154,71,118940447
4683841,186,126,60,104235079
4823641,193,135,58,107717615
3202249,289,203,86,68109231
3041809,188,131,57,64297383
3934849,151,107,44,85780549
3499609,219,150,69,75231923
3350209,181,120,61,71644731
4233601,177,126,51,93098109
5424889,262,178,84,122822013
3202369,183,129,54,68113083
4990441,249,162,87,111888197
3630769,265,184,81,78395697
3791209,223,140,83,82283421
5131081,296,207,89,115415975
5572561,240,167,73,126560937
4527769,222,151,71,100359839
3501961,188,119,69,75288659
3043009,255,187,68,64325783
4387681,177,109,68,96895109
3350881,245,165,80,71660931
4082401,129,88,41,89387701
5878489,231,151,80,134340761
5271169,209,142,67,118941947
4684201,195,132,63,104243581
3935089,285,196,89,85786339
3202921,236,160,76,68125839
4233769,229,158,71,93102063
4823809,202,124,78,107721533
5719009,189,125,64,130279485
3502129,207,144,63,75292565
3043321,231,151,80,64333811
3630841,258,170,88,78397317
3350929,224,150,74,71662065
4991401,231,158,73,111912217
3791449,214,156,58,82290039
4528609,240,166,74,100380739
3203041,209,145,64,68128653
5425081,225,145,80,122827107
5131249,262,180,82,115420163
4082761,160,123,37,89396335
5271289,254,169,85,118944569
5878681,237,150,87,134346413
3935521,295,187,108,85796743
3502489,178,122,56,75301589
4388689,271,214,57,96920165
5572729,257,180,77,126565329
3351121,214,136,78,71666235
3043441,204,138,66,64336373
4684969,229,163,66,104262793
3203281,215,130,85,68134159
4233961,199,139,60,93106653
3631009,273,192,81,78402231
3792121,186,129,57,82305819
4991449,201,143,58,111913531
4529449,171,116,55,100402093
3503089,242,166,76,75316031
4824649,202,149,53,107743043
3351289,302,211,91,71670309
5719081,162,110,52,130281111
3203929,169,119,50,68149591
4083241,303,207,96,89407525
3043489,187,134,53,64337333
5271361,245,172,73,118946441
3935761,252,174,78,85802659
4389169,175,131,44,96931871
5878849,234,171,63,134350433
4685641,156,103,53,104279581
5425249,196,139,57,122831303
3503161,172,127,45,75317651
3352729,249,169,80,71704839
3631321,127,86,41,78409905
5131849,206,131,75,115435709
4234801,232,164,68,93127889
3204769,216,152,64,68169849
3792721,191,123,68,82320665
4992241,209,154,55,111932989
5572921,242,171,71,126570063
3043681,208,144,64,64341803
4389841,147,105,42,96948683
4529641,186,126,60,100406233
3352969,184,128,56,71710665
5271529,264,174,90,118951187
3936241,174,126,48,85814191
3503329,241,161,80,75321593
4083361,185,127,58,89410519
3204961,210,146,64,68174265
4825129,185,114,71,107754833
5879521,236,168,68,134367833
3631609,178,125,53,78416535
5719561,132,96,36,130294617
4685689,209,145,64,104280751
3043849,164,99,65,64345583
3792889,184,122,62,82324637
4235281,253,180,73,93140075
3353281,224,155,69,71718123
4992409,187,127,60,111937575
3206809,250,174,76,68217911
3503761,246,163,83,75332309
4390801,278,188,90,96972249
5132689,221,151,70,115456719
5425561,253,174,79,122839067
5271961,341,232,109,118961401
3936769,244,165,79,85827591
4083769,258,164,94,89420545
5573929,200,143,57,126595107
3354121,142,96,46,71738369
4530121,344,254,90,100418769
3207121,205,141,64,68225669
4685809,269,178,91,104283511
3504001,217,152,65,75337529
3632449,268,181,87,78436805
3044521,222,157,65,64361735
5880169,181,127,54,134384069
4390849,172,115,57,96973221
3793561,228,146,82,82341275
4992961,213,162,51,111950999
4825921,214,130,84,107774567
4235401,209,122,87,93142767
3207289,196,122,74,68229755
3354289,205,133,72,71741999
3504169,223,173,50,75341739
5719849,247,162,85,130301037
5272009,278,202,76,118962667
4686481,236,183,53,104300545
3045169,173,114,59,64377131
3937201,216,149,67,85837687
5133361,191,127,64,115473759
4084081,194,125,69,89428809
3632521,148,95,53,78438353
5425729,200,119,81,122843597
4391041,241,178,63,96977691
3207961,179,120,59,68245913
3354409,235,163,72,71745275
5880361,282,180,102,134388721
4993129,199,144,55,111955349
4530481,257,174,83,100427145
3504481,249,168,81,75349389
3794809,229,157,72,82371117
5575369,245,162,83,126631635
4236121,281,196,85,93160035
4825969,213,134,79,107775923
3046201,193,137,56,64401147
3208489,192,131,61,68257763
5272369,254,180,74,118971793
4686529,183,132,51,104301805
3354649,151,104,47,71750933
4391521,169,117,52,96990267
3504769,200,142,58,75356133
3937249,203,140,63,85838935
3633001,166,125,41,78449703
4084609,149,107,42,89441385
4993321,263,172,91,111960383
3208921,165,111,54,68268923
5880529,258,178,80,134393209
5719921,136,102,34,130303053
3355081,229,168,61,71761265
3795289,143,97,46,82382691
5133529,202,148,54,115478001
3046969,188,124,64,64419951
4530649,301,204,97,100432041
3505321,164,114,50,75370179
4687321,150,99,51,104321359
5426569,198,145,53,122864827
5272801,197,139,58,118982749
4393201,260,195,65,97031251
4237921,145,93,52,93204597
3208969,212,128,84,68269667
3355489,177,118,59,71771267
3633361,187,124,63,78458631
4826161,248,172,76,107780183
5576881,198,139,59,126670539
3937369,275,185,90,85841599
4994089,212,145,67,111979085
3505681,179,124,55,75378321
4085041,222,144,78,89451039
3047041,221,151,70,64421601
5880841,318,223,95,134401145
3209161,241,176,65,68274533
3796921,246,172,74,82423217
4687369,245,190,55,104322199
4393321,216,135,81,97033745
3356161,162,109,53,71787089
5273209,310,214,96,118992985
4531081,191,123,68,100442769
3505849,147,101,46,75382539
5134201,245,173,72,115494609
5720401,182,120,62,130315353
3209329,162,111,51,68278637
4238761,277,180,97,93224847
3634009,217,145,72,78474075
4994329,302,201,101,111985691
3047689,211,144,67,64436727
3938089,198,140,58,85858717
3356641,168,123,45,71798937
5428609,233,149,84,122916481
4688329,217,149,68,104346333
4393369,299,198,101,97035095
4826641,215,145,70,107792723
4085089,274,190,84,89452173
3797089,218,141,77,82427045
3506329,310,211,99,75394147
5881009,237,152,85,134405297
3209641,251,171,80,68285987
5576929,249,186,63,126671631
5274649,225,135,90,119029217
3356761,203,142,61,71801703
3049201,159,100,59,64473047
4994761,219,137,82,111996233
3634129,231,150,81,78477387
4531249,218,145,73,100446261
3507529,155,99,56,75423139
4393489,196,134,62,97037969
3209761,176,113,63,68288561
4238929,222,140,82,93229011
4688569,279,202,77,104352405
3938281,223,149,74,85864903
5134249,292,208,84,115496115
3356929,134,88,46,71805777
3797161,197,129,68,82428629
4085761,159,94,65,89469047
5720761,235,167,68,130324179
5881801,225,147,78,134425649
5275561,298,205,93,119052009
5428921,166,117,49,122924343
3209809,218,148,70,68289971
3507841,216,147,69,75430363
3049369,232,162,70,64476347
4827169,233,171,62,107805503
4995169,206,120,86,112006781
4393729,274,196,78,97043963
3357001,280,202,78,71807703
3634201,199,136,63,78479151
4689169,243,163,80,104366979
5577049,184,129,55,126674457
3209929,215,166,49,68292581
4239601,171,107,64,93245391
3938449,208,139,69,85868449
4531321,210,139,71,100448121
3508009,232,158,74,75434275
3797641,208,121,87,82440521
3049729,271,182,89,64484987
3357769,253,167,86,71825229
5276329,231,156,75,119071515
4086289,172,108,64,89482163
5881969,275,202,73,134429975
4394209,197,137,60,97056085
5134369,222,150,72,115498677
4995649,251,174,77,112018799
3210001,224,156,68,68294327
4690921,220,142,78,104411019
3634801,178,121,57,78493447
3508201,211,141,70,75439015
4828009,268,174,94,107826777
5721241,331,230,101,130336563
3357841,204,140,64,71827071
5429209,298,221,77,122931219
3050401,180,125,55,64501067
3939721,303,206,97,85899325
3211009,221,150,71,68318163
4239649,259,177,82,93246465
4394881,191,130,61,97072597
3797809,258,182,76,82444345
5277001,185,124,61,119088501
4533601,234,173,61,100504467
3508849,143,102,41,75454531
4996441,232,160,72,112038635
4691521,242,152,90,104426001
3358321,237,173,64,71839605
5577601,260,177,83,126688707
4086721,176,131,45,89493053
5882689,210,150,60,134447857
3635209,292,209,83,78503005
3211441,213,152,61,68328349
3051241,224,155,69,64521211
5135281,247,163,84,115522517
3509521,245,165,80,75470671
4395049,256,183,73,97076545
3358441,131,84,47,71842275
4829161,174,117,57,107855553
3939769,240,166,74,85900549
5277169,257,189,68,119092689
3798001,213,139,74,82449193
3212329,255,159,96,68349853
4691569,225,160,65,104427393
4240849,226,147,79,93276065
4996609,269,187,82,112042823
5430049,199,126,73,122952885
5721409,195,112,83,130341003
4533649,220,144,76,100506099
3509689,232,163,69,75474727
5882881,215,147,68,134452765
4086889,214,159,55,89497067
3635689,201,125,76,78515221
3358681,175,116,59,71847621
3051889,193,116,77,64536139
4395409,227,153,74,97086175
3212689,202,151,51,68358289
5577769,249,170,79,126693327
4692241,170,113,57,104443947
3509881,238,170,68,75479767
5278249,221,149,72,119120067
3940561,190,130,60,85919699
3359281,183,141,42,71862301
3798169,240,187,53,82452889
4997281,222,151,71,112059623
5135761,230,157,73,115534361
3213961,146,99,47,68388637
3052249,225,162,63,64544497
4829329,265,177,88,107859735
4241329,148,105,43,93288239
3635809,216,143,73,78517855
4396681,178,119,59,97117537
5883721,299,208,91,134474155
4087729,255,170,85,89517377
4533769,256,177,79,100508907
3510889,207,130,77,75503491
3359689,227,163,64,71872045
5430121,255,159,96,122954355
3214129,199,135,64,68392861
4692361,298,207,91,104446295
5721601,209,140,69,130345125
5278681,269,188,81,119131497
4997521,251,178,73,112066211
3052561,192,135,57,64552369
3940609,196,120,76,85921037
3798481,210,146,64,82460689
4396729,224,138,86,97118581
3511201,164,103,61,75511783
3360529,202,136,66,71892199
3214201,206,128,78,68394547
3635881,207,139,68,78519241
5579401,206,145,61,126734427
4241521,244,164,80,93293105
5136121,176,120,56,115543895
5884201,231,150,81,134487373
4087801,243,164,79,89519327
4829449,150,99,51,107862945
4692769,206,138,68,104456381
3362809,237,167,70,71946613
3052729,183,121,62,64556197
4534009,268,194,74,100514823
3511369,199,138,61,75515325
3214369,185,123,62,68398537
4997689,280,185,95,112070189
5279089,227,166,61,119141493
4396849,270,189,81,97121347
3798649,237,156,81,82464835
3940801,224,146,78,85925441
5430289,235,173,62,122958771
3636361,217,153,64,78531823
3363049,241,149,92,71952625
5722201,137,90,47,130360577
3511489,212,152,60,75518091
3214681,233,160,73,68406001
4693609,268,190,78,104477597
4241689,204,139,65,93296747
5884321,169,125,44,134490157
3053521,157,108,49,64574641
4087969,231,147,84,89523089
4397521,304,230,74,97137775
4998001,183,141,42,112078457
5279689,176,107,69,119156655
5579569,268,194,74,126738285
5136721,287,195,92,115558559
4830289,286,204,82,107883861
3363721,196,132,64,71968461
3215809,145,95,50,68432607
3512209,252,205,47,75535273
4534489,241,166,75,100526391
3799489,198,139,59,82484485
3940969,284,198,86,85929719
3636481,344,248,96,78533911
4695121,257,184,73,104515137
3053569,234,152,82,64575793
4398241,186,127,59,97156159
3364369,205,131,74,71984089
3216049,193,140,53,68438583
3512401,240,162,78,75540289
5885881,129,96,33,134530169
4242169,221,150,71,93308933
4998361,192,126,66,112086773
5430721,202,150,52,122969217
4089289,241,154,87,89555869
5280361,188,124,64,119173107
5722369,192,133,59,130364783
3216649,290,204,86,68452839
3364489,215,135,80,71987193
3799681,239,159,80,82489393
4696129,218,154,64,104539853
3639409,169,110,59,78604627
3053689,248,167,81,64578625
3941449,241,163,78,85941545
4830361,214,131,83,107885385
3513721,179,106,73,75572527
4535161,182,131,51,100543767
5137801,278,191,87,115585823
4398769,247,164,83,97168497
5579641,219,156,63,126740433
4999201,188,126,62,112107949
3217321,212,142,70,68469219
3364561,153,111,42,71988741
5886169,176,128,48,134536757
5281201,233,156,77,119194439
4242289,261,171,90,93311321
4090129,271,189,82,89576699
3514729,180,123,57,75595993
4696801,277,192,85,104557535
3054241,142,103,39,64592263
4399609,225,135,90,97189455
3800281,182,123,59,82504363
3639841,191,133,58,78615323
5430889,240,156,84,122973429
3218041,193,138,55,68485865
3942121,155,94,61,85957997
3365041,199,140,59,71999859
4535329,228,162,66,100548135
3515089,244,155,89,75604573
4999681,181,126,55,112119811
4830841,275,182,93,107897793
5723209,276,191,85,130386305
5140489,218,144,74,115652925
5281369,248,158,90,119198515
3218161,183,127,56,68488979
3054409,242,159,83,64595779
5886241,192,131,61,134538485
4697569,300,217,83,104576567
4400041,192,130,62,97200069
3365161,263,182,81,72003009
5580121,220,143,77,126752703
4242841,208,142,66,93326381
4090921,232,161,71,89595839
3640081,151,99,52,78621077
3515689,179,113,66,75619475
3800449,216,147,69,82508569
3942241,149,108,41,85960787
3218209,194,134,60,68490029
4999801,207,137,70,112122597
3365569,190,138,52,72012993
3054769,153,109,44,64604863
4401121,257,175,82,97226793
4697809,220,155,65,104582639
5430961,270,185,85,122975313
4535449,240,159,81,100550841
5281921,250,155,95,119212783
3515761,215,150,65,75621077
4832209,315,212,103,107931641
5886721,227,154,73,134551175
3218569,218,162,56,68498583
4090969,193,132,61,89596721
3366049,176,113,63,72024621
3640249,247,172,75,78625235
4243009,134,100,34,93329957
5140921,326,210,116,115663647
5723281,246,164,82,130388483
3800521,265,190,75,82510495
4999849,243,167,76,112123725
3517441,249,170,79,75661239
3942409,160,101,59,85964789
3055249,211,134,77,64616119
4401289,272,186,86,97230609
3219889,142,87,55,68529915
5580409,295,191,104,126759315
4698121,183,129,54,104590697
3366409,247,169,78,72032589
5282281,254,150,104,119221525
4535521,176,135,41,100552755
5886889,267,172,95,134554865
3518041,250,160,90,75675957
3220081,207,146,61,68534361
3640561,186,128,58,78632927
4091161,263,183,80,89601683
5431441,181,130,51,122987775
3800689,225,141,84,82514533
3055369,206,144,62,64618621
4832521,210,143,67,107939507
5000689,175,123,52,112144929
4401601,182,123,59,97239285
4243969,192,126,66,93352969
3366841,174,117,57,72043083
4698961,251,170,81,104611355
3943129,208,149,59,85982229
5140969,181,129,52,115664649
3518209,186,128,58,75680103
3220561,159,111,48,68546367
5282449,278,190,88,119225671
5725129,215,143,72,130435519
3367681,247,165,82,72063399
3640849,208,143,65,78639383
3055441,215,139,76,64620231
4402441,183,135,48,97259515
5580649,232,156,76,126766059
5888089,304,215,89,134586059
5000881,209,140,69,112149663
3220681,228,157,71,68548875
4535689,252,188,64,100556469
3801169,220,162,58,82525921
3519049,183,129,54,75700065
4699081,218,156,62,104614607
4091809,249,173,76,89617487
4244521,170,119,51,93367039
3368401,148,101,47,72080607
3943249,267,190,77,85985391
4832689,176,118,58,107943413
5282929,226,160,66,119237917
5431561,250,155,95,122990847
3220849,198,137,61,68553119
3056041,171,117,54,64634801
4402561,189,141,48,97262167
3519601,219,156,63,75713315
5143321,280,192,88,115724473
3641401,174,121,53,78652877
3368569,180,126,54,72084309
5001049,183,122,61,112153719
4699129,297,206,91,104615669
5888521,213,146,67,134597141
3801361,221,156,65,82530595
3221401,196,124,72,68566367
5725729,221,155,66,130451035
4092769,198,139,59,89641733
4536121,328,233,95,100567205
3520729,195,125,70,75740327
4244641,190,133,57,93369847
3943921,221,141,80,86001777
5581129,244,175,69,126778083
5283601,173,122,51,119255659
4403569,181,111,70,97287313
3369409,168,116,52,72105063
3057289,176,110,66,64664579
3221761,256,165,91,68574365
4832809,232,154,78,107946341
4699801,198,137,61,104632467
3641569,206,133,73,78656795
5001361,206,139,67,112161891
3520801,170,113,57,75742253
5431609,251,181,70,122992227
5888929,350,256,94,134607087
3369529,306,216,90,72107553
3802129,240,168,72,82549273
5143609,147,92,55,115730917
4404121,214,133,81,97301695
3222409,200,141,59,68589737
3057721,236,167,69,64674473
4093489,169,114,55,89658407
5283961,145,94,51,119264533
3944329,217,150,67,86011561
4536361,194,124,70,100573679
4244881,174,115,59,93375927
3521281,180,116,64,75754115
4699969,209,145,64,104636205
3370249,185,143,42,72125075
5001481,164,108,56,112164675
5725801,309,213,96,130452649
3642241,202,139,63,78673733
3223201,228,154,74,68608769
5581489,157,98,59,126787557
4406089,202,149,53,97349403
4833649,246,175,71,107967809
3058441,159,107,52,64691537
3802369,180,111,69,82554805
5890081,258,179,79,134636665
3523081,186,116,70,75797217
3371089,244,176,68,72144889
5284129,209,130,79,119268631
3224449,278,186,92,68638529
4093849,214,151,63,89667287
4700089,218,135,83,104639019
5431801,241,167,74,122996715
3945841,214,140,74,86048485
5143849,252,174,78,115737135
5002321,208,152,56,112185975
4245361,196,123,73,93387549
3643201,164,104,60,78696887
4536529,305,203,102,100577381
3523921,255,174,81,75817263
4406329,173,123,50,97355439
3371209,194,132,62,72147529
3058729,200,149,51,64698095
3224929,201,133,68,68650055
3802681,178,114,64,82562497
5890609,208,136,72,134650627
4700161,254,186,68,104640729
5727121,167,116,51,130485699
5285281,172,106,66,119297827
4833721,190,112,78,107969387
3523969,141,99,42,75818631
3371449,181,125,56,72153103
4094281,145,111,34,89678465
5581969,207,129,78,126799431
3225289,188,131,57,68658977
5002489,321,213,108,112190091
4408681,246,180,66,97413313
3946489,289,190,99,86064379
3643369,222,161,61,78700607
3059281,149,96,53,64711429
4247209,217,153,64,93433021
4537201,217,143,74,100593795
5144521,221,150,71,115754625
3372601,182,124,58,72181459
3524161,171,113,58,75823095
5431969,178,127,51,123001129
3225769,192,135,57,68670429
3802969,190,134,56,82569679
4701001,271,187,84,104661423
5891449,294,190,104,134671729
5286409,277,202,75,119325493
4408849,173,120,53,97417363
5002561,275,188,87,112192149
3059401,196,130,66,64714105
3373129,206,141,65,72193897
3225889,208,149,59,68673233
3524929,184,134,50,75841497
3643609,220,157,63,78706343
4094521,266,189,77,89684045
3946681,232,163,69,86068819
4834201,203,141,62,107981633
5727289,221,154,67,130489917
4249249,292,196,96,93482353
4701601,227,155,72,104676969
5582089,279,194,85,126802185
4409281,286,182,104,97428601
3373729,321,243,78,72208111
3226129,155,101,54,68678789
4538041,303,199,104,100614855
3803209,214,140,74,82575187
5286649,230,158,72,119331637
3526441,192,125,67,75878127
3059449,290,188,102,64715245
5002729,280,184,96,112195959
5891761,214,140,74,134679847
5145529,247,174,73,115779303
5432569,209,138,71,123015841
3643921,229,145,84,78714185
3948121,182,117,65,86104283
3226441,151,110,41,68686409
4095001,179,126,53,89695901
3373969,176,116,60,72214093
4701841,197,131,66,104683071
3527281,150,107,43,75898863
4410121,210,149,61,97449037
4834321,325,225,100,107984591
3059569,281,200,81,64718155
4250569,167,116,51,93514915
5287489,189,131,58,119352703
5003329,165,116,49,112210875
3803689,232,164,68,82586615
3227281,176,121,55,68706599
3374281,183,126,57,72221899
4538641,270,178,92,100629255
5892121,214,154,60,134688967
5727409,269,191,78,130492689
3528001,164,108,56,75915827
5583001,302,220,82,126825369
3644761,262,178,84,78734521
4702681,197,131,66,104703699
4410841,232,163,69,97467071
3948289,174,121,53,86107901
5145841,253,165,88,115787107
4095529,248,155,93,89708287
3227641,197,134,63,68714939
3060241,247,173,74,64733845
3375121,239,145,94,72241627
5432641,221,140,81,123017413
3528289,307,222,85,75922547
5003881,142,93,49,112225173
5287801,148,99,49,119360919
3804721,297,216,81,82612349
4251361,194,136,58,93534877
4835161,223,149,74,108005969
3228241,201,132,69,68729441
5892721,222,162,60,134704915
4703521,191,120,71,104725143
4410961,194,124,70,97469935
3375289,162,101,61,72245359
3645049,217,162,55,78741259
4539481,208,139,69,100650707
3060481,188,127,61,64739571
3528961,252,170,82,75939359
3948361,186,116,70,86109839
4096129,262,176,86,89723769
3228961,207,137,70,68746457
5004721,209,150,59,112245783
5727481,261,179,82,130494933
5583601,232,151,81,126840735
5287921,263,176,87,119363517
3375409,189,126,63,72247999
5146681,285,196,89,115808425
3805369,250,161,89,82627271
4411129,283,196,87,97473889
4705681,249,171,78,104778467
3529129,297,212,85,75943037
4251601,242,156,86,93540321
5433289,162,109,53,123034045
3060649,233,164,69,64743513
3645121,183,124,59,78742693
3229081,275,188,87,68749079
5893609,297,215,82,134727025
4835569,278,194,84,108015515
3375481,263,190,73,72249769
4539649,169,114,55,100654847
3949849,211,152,59,86145695
5004841,267,198,69,112248351
3529369,217,153,64,75948629
4096969,250,192,58,89744001
4411369,272,181,91,97479919
5288089,193,134,59,119368131
3229321,230,157,73,68754797
4705849,198,136,62,104782631
3805489,221,143,78,82630079
3375961,214,145,69,72261739
3061129,179,120,59,64755021
3645289,239,160,79,78747073
4251769,228,164,64,93544557
3530041,215,144,71,75964781
5727649,236,150,86,130499073
5147041,194,122,72,115817299
5583649,204,143,61,126841767
5894401,302,208,94,134746759
3230809,242,163,79,68790413
5005921,263,176,87,112275701
4411801,173,121,52,97490611
3376249,211,151,60,72268549
3949969,167,116,51,86148143
4837009,194,130,64,108051417
5434129,278,191,87,123055215
4706521,175,124,51,104799379
5288641,224,157,67,119381457
4540201,253,169,84,100668767
3061249,150,98,52,64758105
4097209,262,172,90,89749527
3530209,206,138,68,75968669
3231001,184,116,68,68795235
3807889,226,148,78,82689041
3646129,235,177,58,78767017
3376969,261,182,79,72285439
4412041,393,272,121,97496629
4252081,208,131,77,93552571
5006401,185,116,69,112288511
5894641,267,185,82,134753179
3232321,104,73,31,68826405
3530689,253,184,69,75980495
4706809,242,152,90,104806489
3061321,249,169,80,64759635
5288929,206,118,88,119389347
3950041,223,156,67,86150015
3377089,204,142,62,72288439
5147881,283,199,84,115838569
5583841,170,121,49,126846567
5729161,209,138,71,130538445
4098481,230,143,87,89780967
4540369,204,133,71,100672559
3809089,207,132,75,82718115
4837561,213,141,72,108065541
3232441,184,129,55,68829157
3646441,282,191,91,78774895
4413049,190,143,47,97521775
3530809,176,118,58,75983723
5434321,241,156,85,123059565
5006761,259,191,68,112296773
3377161,148,100,48,72290113
4707361,182,129,53,104820481
3062089,225,152,73,64777545
5896129,273,191,82,134790911
4253089,172,110,62,93577093
3233521,165,110,55,68855565
5289481,280,203,77,119403147
3950809,198,122,76,86169669
3531049,192,133,59,75989057
4413889,240,156,84,97542919
3378481,234,151,83,72321965
3810409,200,146,54,82750267
4099321,238,161,77,89801547
3646729,165,110,55,78782161
5148721,214,155,59,115859017
4541041,220,150,70,100689161
3235369,252,177,75,68899221
5006929,182,117,65,112301537
3062161,219,154,65,64779177
4707721,265,162,103,104828863
4838089,169,117,52,108078657
5584441,223,146,77,126861435
3531361,200,135,65,75996989
5729329,265,192,73,130542033
3378649,203,136,67,72326075
5289841,286,199,87,119412177
5897329,204,142,62,134821173
4253209,172,109,63,93580033
4415041,164,116,48,97570945
5435641,298,210,88,123093039
3236041,250,166,84,68915219
3951481,203,132,71,86185875
3531481,286,187,99,75999275
3810529,252,179,73,82753135
3062641,191,132,59,64790563
3647641,216,149,67,78803837
4708729,233,143,90,104854531
3380281,184,132,52,72365357
5007529,230,147,83,112316207
4099369,276,173,103,89802789
3236641,192,129,63,68929745
4542001,200,127,73,100712725
4415161,165,113,52,97573537
5150161,194,139,55,115895989
5290489,229,153,76,119428091
3532561,222,152,70,76025631
4838569,251,162,89,108090357
5897641,182,124,58,134830371
3380449,226,154,72,72369365
4253449,226,158,68,93586667
3062929,193,136,57,64797121
3952321,231,165,66,86206457
3236689,104,72,32,68931065
5584609,247,177,70,126866305
4709041,231,153,78,104862215
3648241,120,81,39,78818635
5007601,166,121,45,112317863
5729929,321,223,98,130557945
3810769,178,118,60,82759009
5436001,261,168,93,123103113
4099561,234,161,73,89807511
3533401,169,114,55,76045719
4415329,258,183,75,97578379
3381361,213,138,75,72391097
3236881,254,186,68,68935421
5290609,180,128,52,119431037
4542049,265,197,68,100713685
3063169,216,147,69,64804099
4709161,203,130,73,104864993
5897761,180,132,48,134832873
3381841,234,156,78,72402839
3534841,209,149,60,76080587
3952489,211,138,73,86210429
5008369,176,125,51,112337039
5150209,195,130,65,115897165
4254049,285,213,72,93601139
3648289,198,135,63,78819913
4838689,203,130,73,108093165
3237889,212,147,65,68959199
4415401,228,144,84,97580167
3811081,191,131,60,82766641
4099729,255,179,76,89811705
3065449,201,139,62,64857983
5585161,239,161,78,126880153
3382129,141,85,56,72409739
5291161,193,133,60,119446283
3535009,207,135,72,76084775
3238489,265,181,84,68973773
5731441,217,147,70,130595847
4709401,167,110,57,104871479
5436841,230,157,73,123124293
5009089,233,168,65,112355647
4415881,308,211,97,97592011
4543249,205,138,67,100743467
5898001,247,184,63,134839263
3648409,229,154,75,78822511
3952561,270,173,97,86212643
3382849,201,137,64,72427181
3811201,200,138,62,82769305
4254961,255,180,75,93623723
3535561,155,102,53,76098641
3240169,165,109,56,69013961
3065521,207,136,71,64859315
4839409,173,116,57,108111519
5151001,160,128,32,115917655
5291281,256,177,79,119448809
4100881,187,126,61,89840013
4711081,236,157,79,104913305
4416241,227,145,82,97600675
3383041,208,140,68,72431519
3240409,202,143,59,69019205
5009281,207,138,69,112360057
3535849,155,102,53,76105013
3648649,219,134,85,78828241
5898169,261,189,72,134843823
5586121,244,153,91,126905179
3953161,183,122,61,86226977
3066169,172,124,48,64874783
4543729,225,163,62,100755161
3811369,166,113,53,82773451
5731681,260,190,70,130601463
3383209,235,162,73,72435647
5437609,221,147,74,123143001
4255561,275,192,83,93638267
3240841,237,171,66,69029591
4711561,260,181,79,104924861
3537601,154,100,54,76147403
5292361,251,177,74,119476689
4416409,220,137,83,97604927
4101049,250,174,76,89844141
4839529,267,188,79,108114081
5009449,146,100,46,112364395
5151049,247,179,68,115918393
3384049,150,103,47,72455971
3241921,177,111,66,69055463
3650329,218,149,69,78868957
3066529,165,111,54,64883249
3537769,179,128,51,76151405
5898601,214,136,78,134854671
3954001,212,137,75,86247493
3811921,168,127,41,82787221
4711921,278,187,91,104933261
4417009,174,115,59,97619575
4543921,220,157,63,100760537
5292841,264,178,86,119487927
4255609,304,227,77,93639425
3242689,233,143,90,69073811
3384361,187,126,61,72463549
5009761,225,144,81,112372429
5586289,222,157,65,126909199
3538201,242,171,71,76161391
4101241,187,126,61,89848905
3067849,194,138,56,64915365
5437849,202,132,70,123149295
5732329,198,127,71,130618377
3650761,186,133,53,78878895
4840249,232,165,67,108132669
3242929,237,155,82,69079601
4417729,206,142,64,97637497
4713769,237,170,67,104979231
3384481,121,84,37,72466183
5899321,185,110,75,134872521
5151169,286,194,92,115921243
3812209,288,200,88,82793923
3954241,184,122,62,86253703
3539089,185,120,65,76182693
5293009,210,154,56,119492553
5009881,260,178,82,112375237
3067969,202,130,72,64917813
4544689,281,189,92,100779317
4256281,175,121,54,93655619
3243769,147,102,45,69099875
3384529,181,123,58,72467227
4101841,217,138,79,89863405
4419409,229,153,76,97678671
3650809,221,143,78,78880443
3539449,217,149,68,76191501
4714249,152,104,48,104991567
5586961,174,125,49,126925657
3244369,156,103,53,69114047
3813289,222,148,74,82820409
5899489,296,198,98,134876757
3384721,169,127,42,72471949
3954889,126,82,44,86269515
4840441,213,142,71,108137303
5293129,221,150,71,119495427
3068641,134,86,48,64933395
5439361,226,160,66,123187779
5733001,271,177,94,130635413
5010289,247,171,76,112385089
5151841,234,157,77,115938115
3539761,219,153,66,76199211
4419529,179,117,62,97681557
4257241,162,106,56,93679193
4714441,173,110,63,104996001
4545241,187,132,55,100793069
3650929,224,158,66,78883851
3385201,192,134,58,72483387
4102249,289,196,93,89873179
3244441,208,148,60,69115829
3069361,160,106,54,64951005
3539929,250,162,88,76202889
3813769,167,122,45,82832295
5010769,180,119,61,112397191
3955009,232,163,69,86272053
5151889,238,167,71,115939495
4419601,166,123,43,97683801
3386041,226,170,56,72503687
5293369,339,218,121,119501187
5899681,306,220,86,134881935
5440009,138,85,53,123204273
4840921,239,154,85,108149819
4714921,215,157,58,105008055
5587129,351,247,104,126929905
3651169,245,161,84,78889203
3244921,236,150,86,69126977
4257289,134,88,46,93680081
3069481,218,153,65,64953567
4102561,175,129,46,89881315
5733121,178,121,57,130638389
3386569,167,119,48,72515873
4545361,257,187,70,100795757
3540721,235,169,66,76221901
4420081,197,127,70,97695291
5011129,262,192,70,112406677
3814561,171,100,71,82850873
3955561,224,145,79,86285691
5152681,233,153,80,115959789
3245041,226,159,67,69129845
4715089,266,189,77,105011853
5293801,223,142,81,119512173
5440849,340,225,115,123225177
3387001,240,162,78,72526145
3541441,210,146,64,76240021
3069529,161,117,44,64954709
3652609,167,130,37,78924281
4842289,233,148,85,108183819
3245761,178,111,67,69147785
4420249,224,169,55,97699503
4257961,225,141,84,93696973
5899849,280,196,84,134885871
4103401,200,125,75,89901883
5011561,225,145,80,112416985
3387169,169,105,64,72529835
3814609,189,120,69,82851911
5587369,286,208,78,126936409
4545601,224,144,80,100801993
4715209,205,138,67,105014967
3541801,251,181,70,76248613
3956401,172,117,55,86306103
5294041,220,142,78,119518209
3069889,157,107,50,64962587
3246601,179,125,54,69167453
5733529,314,213,101,130649225
5441209,342,219,123,123234267
3653161,322,229,93,78938159
4421041,154,92,62,97719153
5153089,299,203,96,115969787
3388081,220,151,69,72552575
3542809,228,149,79,76272485
5011609,199,142,57,112418401
3246721,149,102,47,69169931
4715281,194,136,58,105017103
4103521,313,204,109,89904853
4258081,213,137,76,93700225
4843129,274,174,100,108204105
3814729,256,187,69,82854965
3070321,173,111,62,64973167
3388849,182,124,58,72571331
5295049,196,136,60,119543453
4546081,170,114,56,100814275
3956569,225,158,67,86310423
4421449,248,159,89,97729161
5441641,226,157,69,123245373
3543289,179,117,62,76283925
3653329,129,90,39,78942179
3246769,192,129,63,69171209
5900161,204,142,62,134893845
5587969,245,179,66,126952057
5011729,304,219,85,112421317
3388921,185,126,59,72572969
4716289,253,163,90,105042705
3071041,154,102,52,64990273
5734681,236,162,74,130678565
5153521,224,150,74,115980209
3543409,174,113,61,76286799
3246889,171,103,68,69173711
3815281,234,164,70,82868561
4103689,210,154,56,89908897
4421929,229,146,83,97740737
4258249,187,122,65,93704257
5295529,247,160,87,119556053
4843441,187,119,68,108212331
3957769,308,200,108,86339703
3389401,166,124,42,72584483
5442049,270,187,83,123256089
3654361,206,135,71,78966701
4546609,253,178,75,100826863
3247609,243,169,74,69191161
5011969,214,148,66,112427145
4716889,204,122,82,105057015
3544969,205,132,73,76324791
3071161,197,130,67,64993021
4422289,157,105,52,97749849
3389521,221,147,74,72586715
3815569,256,181,75,82875491
5588521,189,123,66,126965931
5296321,207,140,67,119575757
5900281,221,158,63,134896635
3249241,218,157,61,69230433
4104601,248,161,87,89930635
3545161,181,125,56,76329279
4258801,203,145,58,93718429
5442361,196,132,64,123264453
3654529,247,177,70,78970889
5153569,185,126,59,115981721
3959089,243,158,85,86371437
4716961,268,187,81,105058995
3071569,206,140,66,65002675
5734801,273,184,89,130681235
5013649,137,96,41,112469433
3389689,185,131,54,72590777
4844641,223,154,69,108241719
4422961,237,162,75,97766387
3249289,269,184,85,69231717
4547209,204,150,54,100841689
3545929,162,107,55,76348107
5297161,259,178,81,119596535
3815641,249,167,82,82877267
3389929,196,123,73,72596657
3249481,183,124,59,69236433
4105249,175,130,45,89946833
3071881,201,127,74,65010433
4717561,248,164,84,105074015
5442529,185,120,65,123268347
3654961,261,179,82,78981071
5013961,244,158,86,112477221
4259641,184,121,63,93738491
3959209,272,189,83,86374455
4423729,236,177,59,97785155
3546001,299,196,103,76349649
5590201,220,151,69,127008411
3390529,192,121,71,72610665
5900329,281,200,81,134898291
5153689,257,173,84,115984743
3250081,187,124,63,69250899
4844809,323,227,96,108245949
4547281,253,169,84,100843621
5297209,210,134,76,119597681
5734849,242,164,78,130682759
3072001,137,91,46,65012983
3815809,323,216,107,82881425
3547321,223,154,69,76381919
4717729,215,140,75,105078043
4424569,212,147,65,97806245
3655369,143,107,36,78991133
3391081,236,165,71,72624939
5014249,220,148,72,112485423
5443369,225,147,78,123289179
4106041,203,144,59,89966081
3250129,203,133,70,69251943
3960049,150,109,41,86395001
4260001,229,154,75,93747449
3548161,163,113,50,76401947
3072169,198,134,64,65016793
3391441,126,93,33,72633033
3250801,233,151,82,69267771
4718281,231,153,78,105091813
5297329,260,181,79,119601125
4425241,253,179,74,97822997
3817249,247,174,73,82916547
5590489,201,132,69,127015125
5154361,254,196,58,116001807
4548121,299,201,98,100864423
5014921,266,202,64,112501551
3655681,192,132,60,78998753
4845241,242,165,77,108257217
5443729,279,201,78,123298017
5901289,260,182,78,134922693
3548329,177,112,65,76405439
3392041,169,113,56,72647313
4107721,236,166,70,90007163
3251761,248,173,75,69290607
3960289,265,178,87,86400901
5736481,155,107,48,130724105
3072841,180,131,49,65033083
4260481,132,83,49,93759289
4718449,273,179,94,105095911
4425409,214,151,63,97827383
5297881,196,141,55,119615267
3548689,163,117,46,76414589
3392209,314,230,84,72651093
5015089,222,153,69,112506267
3251929,252,167,85,69294609
3817969,178,129,49,82934211
3655849,267,172,95,79002965
5444161,260,175,85,123309009
4548769,192,130,62,100880409
3073249,199,144,55,65042497
4845481,187,140,47,108263025
4107769,223,143,80,90008489
5154769,228,163,65,116011869
3960769,229,152,77,86412857
3550009,171,123,48,76446427
4426129,293,200,93,97844771
3392281,178,121,57,72652767
3252169,212,139,73,69300645
4718569,197,132,65,105098899
5590561,150,105,45,127017003
4260601,252,162,90,93762619
5298721,187,124,63,119636165
5015809,282,198,84,112523703
5902201,297,205,92,134945831
3818329,243,164,79,82942717
3656641,213,137,76,79021641
5737321,325,227,98,130745369
3252481,181,118,63,69308175
3393721,256,163,93,72687533
3550201,185,128,57,76451185
5444401,211,139,72,123315315
3073921,235,160,75,65058667
4426249,181,133,48,97848011
4719241,260,189,71,105115841
4549801,198,142,56,100906263
3960889,179,125,54,86415497
4108609,242,174,68,90029129
3253321,250,171,79,69327819
3394129,256,177,79,72697115
5298841,178,129,49,119639177
4846129,290,200,90,108278763
3550681,267,188,79,76462645
5016601,284,193,91,112543953
5156089,224,138,86,116045071
4260649,209,128,81,93763741
3074089,211,160,51,65062783
3656689,208,146,62,79022493
3818641,199,141,58,82950709
4427329,169,116,53,97874307
5590729,201,135,66,127021887
5445721,175,128,47,123348987
3253489,271,180,91,69331935
4719289,204,139,65,105116885
3394561,168,114,54,72707897
3551209,267,185,82,76475821
5903041,185,124,61,134967845
3961609,270,184,86,86432615
5737729,285,201,84,130755587
4108801,177,129,48,90034241
5017321,119,81,38,112561869
5298889,250,167,83,119639999
4550281,260,176,84,100918251
3074521,208,139,69,65072809
3254281,218,146,72,69350997
4427641,126,91,35,97882467
3394969,210,138,72,72717587
3551641,172,110,62,76485541
3656881,251,163,88,79027107
4261009,194,139,55,93772009
4846321,252,182,70,108284193
3818929,154,107,47,82957393
4720321,198,126,72,105142547
5445889,198,134,64,123352821
5156449,129,94,35,116054161
3254521,176,110,66,69356819
3395569,221,154,67,72731945
3075409,200,139,61,65093709
5017489,201,136,65,112565877
3551881,269,183,86,76491253
5591041,167,122,45,127030005
5299561,204,140,64,119657607
3962641,136,92,44,86458335
4427809,242,163,79,97886043
4108969,214,151,63,90037985
3254689,183,121,62,69360857
4550401,221,154,67,100921023
4720921,277,191,86,105157121
3657361,281,194,87,79038813
4261321,192,128,64,93780325
5903809,297,205,92,134987169
5446081,204,137,67,123357339
4846489,292,205,87,108288129
3819481,147,112,35,82970707
5738041,204,141,63,130764443
3395641,253,169,84,72733633
5156929,203,147,56,116066299
3075601,190,130,60,65098275
5018161,196,125,71,112582907
3553321,180,120,60,76525849
4109401,214,151,63,90048209
3255529,243,167,76,69380555
4428001,212,133,79,97890459
3963121,213,151,62,86470293
5299681,186,123,63,119660667
3657649,262,178,84,79045641
4846801,244,165,79,108295971
4722001,162,115,47,105184625
4262161,225,172,53,93801493
5446249,240,153,87,123361263
3820009,220,149,71,82984091
3076369,255,179,76,65116413
3396121,155,109,46,72745345
3553729,155,95,60,76535899
5591401,223,148,75,127039109
4550449,168,110,58,100922025
3256369,189,126,63,69400561
4109641,275,186,89,90054209
5904361,149,111,38,135001659
4428169,223,154,69,97894713
5157049,281,182,99,116069149
3963241,257,169,88,86473119
3256681,216,133,83,69407791
5738329,157,107,50,130771163
4848001,286,201,85,108325413
3554401,223,151,72,76551839
5018521,157,109,48,112591619
3658201,208,139,69,79059801
3076921,110,75,35,65130205
5300089,242,171,71,119670861
4110121,201,142,59,90066239
3396241,195,131,64,72747961
4722169,171,130,41,105188531
5446921,242,171,71,123378723
3820321,225,157,68,82991699
4262281,183,117,66,93804025
3257521,170,112,58,69428203
4550569,199,133,66,100925043
3554569,213,153,60,76556585
5906041,197,131,66,135044403
5591569,248,175,73,127042967
3077281,178,119,59,65138111
4110961,228,158,70,90086903
5019169,182,120,62,112607669
4428601,207,139,68,97905551
3963409,244,169,75,86476995
3658729,232,160,72,79072305
3257641,173,115,58,69431449
4722769,216,148,68,105203681
3398761,186,129,57,72808411
5300569,187,116,71,119682927
3555001,182,123,59,76566521
5447401,270,195,75,123391281
4848169,231,157,74,108330297
5158441,202,155,47,116104267
3820441,187,132,55,82994651
4262329,218,144,74,93805003
5739049,258,169,89,130789653
3257689,287,181,106,69432301
4111249,259,164,95,90094043
3077881,207,132,75,65152571
5906881,248,163,85,135065967
4551649,232,161,71,100951701
3555169,202,137,65,76571183
5019361,212,132,80,112612565
4722841,234,154,80,105205121
3399001,240,144,96,72814315
3659401,160,115,45,79088625
3963649,270,193,77,86482503
5300761,257,165,92,119687607
4430689,274,183,91,97957271
3258049,155,107,48,69440959
5447521,219,154,65,123394401
3820849,295,199,96,83004397
4111489,250,167,83,90099761
5591881,184,129,55,127051367
3555241,283,196,87,76572917
3078601,232,157,75,65169737
4848601,261,191,70,108340341
4263001,197,141,56,93821491
5158801,183,129,54,116112987
5019529,205,145,60,112617365
3258529,219,143,76,69451993
4723321,172,111,61,105217205
5907001,223,158,65,135069147
3399169,211,148,63,72818125
3660721,161,114,47,79119963
5301601,258,172,86,119709179
5739169,341,241,100,130792431
3556681,241,168,73,76607591
3964489,203,133,70,86503413
4553641,167,113,54,101001513
4111801,200,134,66,90107765
5449201,154,103,51,123436343
3078721,176,114,62,65172353
3258649,218,152,66,69454807
3821329,206,143,63,83015905
4431001,171,112,59,97964969
4724329,233,171,62,105242345
5019961,185,126,59,112628603
3557689,262,172,90,76631035
4263121,237,154,83,93824347
3399769,202,139,63,72832963
4111969,132,91,41,90111671
4850161,234,155,79,108380207
3258889,240,151,89,69460195
5907049,211,134,77,135070257
3660889,156,116,40,79124049
5592001,225,132,93,127053971
5302081,213,132,81,119721053
5159281,200,123,77,116125149
3078769,146,99,47,65173607
3964801,158,102,56,86511293
5449369,170,120,50,123440561
3557761,144,89,55,76633093
4553929,250,170,80,101008017
3821689,202,144,58,83024863
3259369,199,141,58,69472015
4724689,302,219,83,105250931
5020129,195,132,63,112632185
4431289,170,124,46,97972541
4112089,261,187,74,90114221
5739841,231,154,77,130809291
3400609,196,139,57,72852515
4263169,201,130,71,93825343
3661249,166,107,59,79132985
3079129,148,104,44,65181821
5302369,276,194,82,119727983
3558241,174,114,60,76644859
5907169,227,151,76,135073005
3259489,201,136,65,69474775
4850689,302,189,113,108392243
5449441,278,192,86,123442379
3965161,205,146,59,86520417
4112161,242,160,82,90116273
4725001,266,176,90,105258939
3822289,154,100,54,83038933
5020201,207,139,68,112634225
5160409,245,176,69,116154009
5592049,184,124,60,127055345
3400681,175,117,58,72854735
3259561,268,183,85,69476569
4554169,160,108,52,101013861
3558361,127,86,41,76647421
3079441,176,121,55,65189651
4431841,294,200,94,97985501
3661561,208,144,64,79140995
5303209,282,184,98,119748983
4263289,236,167,69,93828177
4112761,148,92,56,90131055
5907409,255,172,83,135079587
3260041,166,111,55,69487921
5450041,266,181,85,123458159
4725169,200,143,57,105263061
5740081,269,189,80,130815255
3558409,242,164,78,76648573
3967321,246,182,64,86572703
5021209,256,183,73,112659305
3822529,257,173,84,83044933
3401329,222,145,77,72870027
3079801,177,117,60,65198131
4851169,220,158,62,108405011
3261241,179,108,71,69516647
4113601,233,151,82,90151271
3662401,205,138,67,79160849
4554481,227,149,78,101022141
3559201,200,143,57,76667925
5161129,243,157,86,116171499
5303761,173,106,67,119764025
4431961,217,144,73,97988993
5593009,266,184,82,127079129
4726009,215,145,70,105283547
5908081,214,155,59,135096039
5450281,208,135,73,123464255
4263361,234,158,76,93829737
5021641,174,131,43,112670471
3080401,153,101,52,65212647
3261721,183,127,56,69528185
3967441,189,122,67,86575679
3401449,238,168,70,72872607
3823201,242,172,70,83061277
3559249,175,124,51,76669131
4114009,202,125,77,90161273
3662521,211,138,73,79163585
5740681,274,186,88,130831017
4851529,196,138,58,108413951
5304601,187,133,54,119785311
3261889,250,181,69,69531983
4726369,244,173,71,105293151
4554841,230,155,75,101030973
3080569,252,182,70,65216271
3560209,168,113,55,76691769
4432009,255,169,86,97990331
5451049,291,200,91,123483503
5021881,191,120,71,112676279
5908249,221,150,71,135100569
4114321,201,129,72,90169319
3401689,194,137,57,72878349
5161249,220,155,65,116174493
4263529,290,187,103,93833799
3967489,169,123,46,86576717
3823801,207,134,73,83075839
3262009,182,121,61,69535169
5593681,186,129,57,127096769
3662761,209,150,59,79169615
3562561,206,138,68,76748955
4727209,182,111,71,105313785
5304889,291,203,88,119791749
3080809,170,116,54,65221701
4114489,207,134,73,90173315
3262081,174,107,67,69536873
5022649,204,137,67,112695449
4852681,190,130,60,108442841
3402169,240,168,72,72890411
5451289,262,177,85,123489437
4555321,147,102,45,101043465
5908849,273,199,74,135115725
4432201,189,135,54,97995005
5741089,185,118,67,130841557
3562729,194,118,76,76753521
3967609,250,174,76,86579795
3824641,200,142,58,83096125
4264201,301,201,100,93850553
3262681,300,200,100,69551051
4727641,209,152,57,105324885
3082129,234,170,64,65253657
5161921,244,166,78,116191599
4116169,267,192,75,90214715
3663241,235,158,77,79181387
5306569,192,114,78,119833923
5022889,200,121,79,112701287
3563401,282,193,89,76769307
3403201,164,106,58,72914441
5593729,234,166,68,127098005
5451601,130,85,45,123497949
3262921,209,143,66,69556739
5908921,296,197,99,135117669
4116529,254,171,83,90223295
4852849,184,126,58,108446867
4727689,245,162,83,105325917
3825049,234,149,85,83106307
3082489,172,113,59,65261877
3968329,210,147,63,86597743
4555489,197,117,80,101047161
4433809,215,137,78,98034269
3563569,153,100,53,76773525
4264681,185,121,64,93862811
3664081,232,152,80,79201971
5306809,290,197,93,119840319
3264241,230,161,69,69588455
5023489,209,137,72,112716177
3403681,180,117,63,72926645
5741569,207,140,67,130853239
5162329,226,158,68,116201845
5451769,212,143,69,123501729
4117969,251,176,75,90258659
3082801,245,163,82,65269419
3564961,212,146,66,76806819
3264601,225,163,62,69597365
4727809,172,113,59,105329373
5909089,227,143,84,135121959
3825529,236,152,84,83118101
3968521,231,174,57,86602111
5593921,209,145,64,127102751
3664249,178,116,62,79206021
5307481,173,128,45,119857185
4854361,232,152,80,108484677
4433881,165,107,58,98036075
4556329,251,167,84,101068133
5024161,229,152,77,112732707
4264849,182,131,51,93867047
3265201,220,151,69,69611513
3403849,235,161,74,72930857
4118809,260,183,77,90278983
3565129,231,151,80,76810935
3083089,240,159,81,65276331
5451889,266,184,82,123504395
4727881,178,132,46,105331023
5741689,288,201,87,130856545
3265369,230,168,62,69615413
5163001,228,150,78,116218663
3825649,189,134,55,83121461
3565249,187,123,64,76813605
3969001,172,108,64,86613841
4119889,219,161,58,90305509
3665041,171,117,54,79224969
5307649,235,159,76,119861577
5910361,254,179,75,135154209
3403969,251,179,72,72933539
3083161,233,145,88,65278101
3265441,124,83,41,69617375
4265881,161,112,49,93892355
4434721,196,123,73,98057371
4856161,224,154,70,108529493
4556521,227,162,65,101072495
4728649,206,142,64,105350361
5451961,276,195,81,123506315
5024329,273,206,67,112737747
3565321,217,146,71,76815651
5594689,221,159,62,127122251
3969289,224,147,77,86620501
4120729,320,216,104,90325705
3825721,216,133,83,83122889
3266041,129,85,44,69631229
3665089,221,148,73,79226211
5308249,210,142,68,119876187
3404041,204,154,50,72935129
3083329,207,145,62,65281545
5741761,181,132,49,130858393
3565921,184,127,57,76830399
5910529,212,141,71,135158571
5163481,190,125,65,116230897
3969529,230,169,61,86626225
4729321,263,175,88,105367341
4121401,184,138,46,90342505
5453281,188,114,74,123539681
3266089,234,165,69,69632271
4266481,212,141,71,93907553
4434889,281,190,91,98061529
4556689,288,196,92,101076497
4856569,227,152,75,108539903
3566809,160,100,60,76851449
3083929,221,147,74,65295937
5024881,173,114,59,112751239
3826729,193,127,66,83146969
3404689,274,171,103,72950273
3665881,229,161,68,79245051
5308801,145,101,44,119890539
3970009,220,145,75,86638111
3266209,221,157,64,69635385
5594761,246,167,79,127123829
4121881,200,136,64,90354271
4729369,259,181,78,105368667
5910769,393,295,98,135164199
3567601,192,139,53,76871297
5453401,215,152,63,123542825
5742361,187,123,64,130873585
3266881,205,133,72,69651567
3084481,143,98,45,65309005
4266529,256,184,72,93908627
5164009,300,203,97,116243623
3970801,218,150,68,86657667
4435369,189,122,67,98072793
3404881,237,166,71,72955079
4557361,242,170,72,101093915
3666049,253,157,96,79249305
4122169,210,145,65,90361315
3827209,213,142,71,83158879
5308921,213,143,70,119893251
3567769,245,181,64,76875251
4730041,263,184,79,105384843
4857169,237,171,66,108554909
3267289,118,77,41,69661423
5025049,163,109,54,112755673
5911201,219,165,54,135175653
3970849,179,122,57,86658819
3084649,173,111,62,65313069
5453641,248,173,75,123548651
5594929,202,135,67,127128227
3568489,191,134,57,76892087
4123681,180,114,66,90398293
3405529,210,141,69,72970877
3269401,202,127,75,69712021
4266721,247,173,74,93913211
4731241,237,152,85,105414463
5309329,190,129,61,119903517
3666121,208,131,77,79251117
3827401,172,124,48,83163553
4436209,305,207,98,98093943
5164441,298,208,90,116255107
3971041,240,151,89,86663391
4557529,236,160,76,101097959
5743201,230,160,70,130895905
3569161,228,155,73,76908559
3085009,239,144,95,65321379
3269449,215,144,71,69713323
5911921,190,125,65,135194517
4123849,249,166,83,90402223
4858081,234,159,75,108578005
5453809,185,132,53,123553151
3405889,198,134,64,72980507
5025409,182,121,61,112764643
4731409,233,166,67,105418643
3971809,283,203,80,86681811
5309809,259,196,63,119915907
3666961,247,170,77,79271671
3569329,182,126,56,76912159
3269641,211,147,64,69717811
4267201,228,146,82,93924605
3827881,187,127,60,83175481
3085321,200,131,69,65329177
5595241,184,131,53,127136033
4124569,196,151,45,90420485
4437409,144,93,51,98123919
4558009,266,179,87,101109689
5454649,289,194,95,123574613
5912089,246,154,92,135198573
3269809,158,110,48,69721755
5164609,236,161,75,116258761
3971881,197,121,76,86683881
3569521,241,171,70,76916875
3406489,197,138,59,72994313
4731889,303,195,108,105430169
4858561,257,175,82,108589447
5743369,150,105,45,130899973
5310841,274,185,89,119942229
3667129,235,158,77,79275517
3085609,247,180,67,65336185
4124929,228,154,74,90429077
3828049,210,147,63,83179435
3270121,216,144,72,69729285
5025721,234,164,70,112772443
4267369,240,169,71,93929141
3570001,186,132,54,76928735
3972649,306,202,104,86702505
4437721,166,127,39,98131647
4732081,227,155,72,105435311
3406729,242,161,81,73000121
5455129,215,151,64,123586871
5912761,246,163,83,135215715
4558369,252,182,70,101118155
3270961,148,90,58,69749829
4125601,217,145,72,90445433
3087841,190,118,72,65388717
5595409,185,125,60,127140443
5311441,270,187,83,119957133
3570121,146,95,51,76931507
3667561,220,148,72,79285669
5164849,304,207,97,116265115
3973561,231,150,81,86725095
3828169,187,125,62,83182711
4859521,240,164,76,108613363
3271321,196,128,68,69757905
4267729,186,126,60,93937757
4732561,187,126,61,105447077
3407161,192,118,74,73010387
5746441,195,129,66,130977345
4125769,225,167,58,90449939
5455321,213,150,63,123592211
3570169,213,146,67,76932815
5027569,276,178,98,112818429
3087961,194,134,60,65391411
4438009,221,152,69,98138067
5913049,268,176,92,135222951
3973729,182,133,49,86729361
5312161,278,185,93,119975235
3272089,272,193,79,69775793
3669241,243,170,73,79326709
4559041,168,104,64,101134871
3829081,133,92,41,83204503
3570361,255,164,91,76937495
4126081,203,136,67,90457481
4733401,185,124,61,105468179
3407329,194,124,70,73014413
5596081,273,186,87,127157243
3088009,223,152,71,65392587
3974041,213,133,80,86737749
3273001,163,121,42,69798443
5165689,168,132,36,116286207
4860241,159,100,59,108632017
4268401,189,129,60,93954321
5455921,243,150,93,123606845
5913121,220,145,75,135224577
5312689,335,228,107,119988121
3571369,238,164,74,76961341
3669649,263,183,80,79336045
4439401,226,153,73,98172657
4126201,169,109,60,90460475
5027929,161,109,52,112827579
3273169,181,130,51,69801995
5746801,210,134,76,130986555
4733689,198,132,66,105474965
3974881,150,93,57,86757699
3829681,258,173,85,83219155
4559521,225,149,76,101147243
3088201,160,106,54,65397351
3407401,336,225,111,73015895
3571681,115,81,34,76969093
5456329,184,126,58,123616835
3273601,187,124,63,69812339
4268569,299,205,94,93958419
4126921,260,155,105,90478241
5313169,217,146,71,120000727
4860601,207,137,70,108640459
3669961,127,81,46,79344271
5166001,185,113,72,116294265
5913289,272,183,89,135229073
3975721,152,98,54,86777885
5596249,219,154,65,127161605
4734529,296,203,93,105496241
3088801,145,99,46,65412069
4439569,223,156,67,98176893
3571849,210,134,76,76972879
3407881,220,138,82,73027453
3274009,211,144,67,69821495
3829729,259,172,87,83220175
5028241,135,96,39,112835631
4128049,223,140,83,90505841
4559809,231,166,65,101154323
5456761,289,204,85,123628013
3976009,285,197,88,86784743
5747281,181,120,61,130998891
5313361,177,112,65,120005503
3274681,237,162,75,69837851
3572689,215,148,67,76993287
4735201,205,122,83,105512775
4268881,202,133,69,93966453
3670081,260,172,88,79346719
3089641,207,132,75,65431869
5913601,175,127,48,135237473
3408001,230,147,83,73030597
4861921,227,142,85,108673317
4128601,172,97,75,90519503
3830401,97,63,34,83236567
5166121,198,132,66,116296887
4440529,229,162,67,98200253
3275689,236,154,82,69862001
3976849,297,204,93,86805499
3573049,201,125,76,77001675
5596369,141,101,40,127164803
5457169,243,164,79,123638337
4735441,253,162,91,105518811
3089881,211,140,71,65437239
4561369,271,192,79,101193163
5314009,277,189,88,120021585
5028409,199,123,76,112839279
3670321,246,154,92,79352395
3276961,192,133,59,69892451
4128889,324,218,106,90526175
3408241,199,142,57,73035907
4269049,203,127,76,93970069
3977401,162,107,55,86819047
3573529,202,155,47,77013129
5914609,264,181,83,135262625
5747449,263,179,84,131002713
3830689,223,161,62,83243389
3091201,185,126,59,65468493
4862041,240,164,76,108676335
3277009,189,129,60,69893849
4735609,193,133,60,105523701
4441441,226,159,67,98222789
5458009,270,189,81,123659235
4129129,158,102,56,90532203
5314201,234,150,84,120026241
3574201,181,120,61,77030559
5166289,279,191,88,116301603
3977569,231,156,75,86822569
3670969,228,147,81,79368331
3408409,211,148,63,73039879
4561489,162,116,46,101196283
5597209,298,213,85,127186085
3277801,299,220,79,69912293
5029081,173,112,61,112856577
4269721,143,108,35,93987103
5914801,171,116,55,135267681
3091321,163,115,48,65471337
3576721,159,89,70,77090833
3832249,130,92,38,83281121
4736041,310,206,104,105534069
4129729,192,120,72,90546873
3977761,202,136,66,86827573
5458441,227,145,82,123670223
5315209,205,142,63,120051321
3277969,219,147,72,69916769
4442041,273,182,91,98237951
3671089,205,143,62,79371767
3409249,254,177,77,73060039
4862089,181,131,50,108677403
5166961,245,169,76,116317971
5748481,261,174,87,131029071
3091489,217,144,73,65475597
3577081,171,120,51,77098897
4562161,303,199,104,101212171
3977929,326,217,109,86832355
4736449,232,158,74,105544149
5915401,297,218,79,135282627
4269841,139,94,45,93989659
3278521,167,104,63,69930083
3832921,149,92,57,83297867
4130281,203,143,60,90560317
5029201,215,134,81,112859859
5597281,238,159,79,127187909
5315689,270,177,93,120063735
5458489,214,153,61,123671171
3409729,188,130,58,73072549
3671761,151,99,52,79387685
3979201,259,180,79,86862721
3092209,298,202,96,65492289
3577921,198,138,60,77120229
4562209,162,108,54,101213395
5169361,249,163,86,116378715
4442209,288,195,93,98242307
3278809,212,141,71,69936467
4736881,231,163,68,105555129
4863721,227,157,70,108718257
5748961,165,111,54,131041161
5915809,199,142,57,135292959
3833209,161,108,53,83304515
4270081,164,120,44,93995611
3578089,181,122,59,77123769
5315809,261,184,77,120067203
3980089,183,123,60,86884399
4130641,261,184,77,90569143
3279361,237,157,80,69949949
3410089,197,141,56,73080811
5459161,245,159,86,123688913
3092569,282,194,88,65501277
3671929,219,144,75,79391729
4562401,184,129,55,101218381
4736929,211,142,69,105556365
5030449,191,142,49,112890459
3280489,159,113,46,69976601
5598289,221,135,86,127213101
3578569,203,148,55,77135481
4442929,216,139,77,98260553
3980281,310,209,101,86888959
5916481,265,184,81,135310271
5169481,200,127,73,116381811
3833281,140,93,47,83306225
4863769,206,153,53,108719559
3410689,230,144,86,73095013
5317369,258,170,88,120106425
3093241,253,173,80,65517081
4562881,173,114,59,101230551
4270921,250,174,76,94016401
5459281,193,124,69,123692129
4131241,216,146,70,90583903
3672769,184,119,65,79411815
3280561,181,133,48,69978441
4737721,201,129,72,105575749
3579529,230,164,66,77158821
5750809,242,167,75,131087969
3980761,230,158,72,86900833
3281041,160,106,54,69989763
5030761,247,162,85,112898445
3093841,206,140,66,65531337
3410929,169,115,54,73100479
4563049,229,148,81,101234815
3579769,179,125,54,77164493
4443121,169,119,50,98265155
5916649,260,177,83,135314441
5318881,213,134,79,120144763
3833881,205,140,65,83320819
4737769,183,116,67,105576769
5459449,228,149,79,123695699
3673009,258,192,66,79418451
5598889,250,165,85,127228317
3981889,210,137,73,86928387
4271401,175,121,54,94028309
4131409,232,145,87,90588715
4863961,248,176,72,108724647
5169721,216,139,77,116388015
3281209,178,123,55,69993945
3580441,260,180,80,77180063
3093889,267,178,89,65532411
4563409,261,183,78,101243809
3411361,269,173,96,73110893
3281401,303,215,88,69998367
5319169,217,144,73,120151597
5751001,177,111,66,131093477
4738561,199,134,65,105596785
3982129,247,179,68,86934237
3834121,170,115,55,83326591
5917321,253,171,82,135331465
5459521,185,124,61,123697787
4443289,190,129,61,98269301
3673489,221,149,72,79429575
3580609,290,215,75,77184493
5031121,192,137,55,112907263
4131961,236,161,75,90601807
4271569,185,116,69,94032155
3094849,230,154,76,65555133
3282841,184,129,55,70032251
4565761,239,164,75,101302357
3982801,156,115,41,86950671
4864729,196,123,73,108743583
3412921,218,151,67,73148171
5598961,204,131,73,127230257
5170201,149,112,37,116399541
4738609,245,166,79,105598381
3581041,187,130,57,77194735
5319241,219,155,64,120153505
3834601,152,110,42,83338441
3282889,163,110,53,70033403
5460529,287,204,83,123723023
5918161,351,249,102,135352795
3673609,167,131,36,79432659
3095761,254,168,86,65576701
4565929,218,150,68,101306509
4443601,223,149,74,98276855
3983401,240,167,73,86965389
3581881,178,122,56,77215273
5751841,270,194,76,131114027
4132489,253,173,80,90614311
5031601,158,105,53,112919671
4271929,245,171,74,94041215
4738969,147,93,54,105607093
3283009,259,183,76,70036613
3413929,151,102,49,73172663
5319841,303,213,90,120168985
4864801,264,186,78,108745173
3835441,159,116,43,83358883
3582769,257,171,86,77236255
5460841,144,97,47,123731803
3096409,198,134,64,65592181
3983641,223,145,78,86971227
3674521,279,175,104,79454277
4566241,183,128,55,101313993
5920489,177,110,67,135412591
3283681,188,131,57,70052995
5170369,253,168,85,116403921
5600809,225,151,74,127277393
4740289,221,154,67,105639739
3414121,191,120,71,73177241
4443889,216,135,81,98283379
4132969,228,158,70,90626449
3584641,211,145,66,77281771
4272409,293,207,86,94052951
3283921,222,157,65,70058683
5320849,200,127,73,120194405
3983809,241,170,71,86975319
3096529,191,137,54,65594869
5031721,269,181,88,112922083
4566361,293,190,103,101316795
5461801,210,154,56,123755371
3835969,210,147,63,83371645
5752321,259,159,100,131126783
3674689,254,167,87,79458447
5921689,234,158,76,135443023
3585289,273,194,79,77297305
4740409,268,193,75,105642829
4865569,182,128,54,108765069
3284521,174,121,53,70073605
3414289,243,169,74,73181027
3984649,161,116,45,86996029
5171041,214,149,65,116421465
3097921,181,142,39,65628285
5320921,222,164,58,120196325
4133641,178,138,40,90642985
4566409,191,126,65,101317929
4444729,183,128,55,98304667
5602489,257,172,85,127319897
3284761,186,125,61,70078549
4272529,247,173,74,94055957
3585481,183,113,70,77302429
5461849,253,176,77,123756319
3836401,309,195,114,83382007
3675361,182,139,43,79474845
4740649,192,125,67,105648715
3985249,205,127,78,87010723
5922289,242,166,76,135459331
5031769,249,166,83,112923445
3414769,213,155,58,73192331
3286249,197,130,67,70114371
3098089,153,103,50,65631939
3586081,198,130,68,77316239
4567369,188,131,57,101341647
4866241,183,128,55,108781725
5321689,231,156,75,120215855
5752489,282,188,94,131130569
4133761,193,127,66,90645433
3986161,228,135,93,87033097
4444969,163,104,59,98310505
4740961,152,99,53,105656779
5462209,119,85,34,123765883
3286369,234,148,86,70117317
4272601,159,112,47,94057505
5171161,233,163,70,116423699
3676129,197,136,61,79493349
3836449,237,162,75,83383403
3587161,253,175,78,77342303
3415441,214,149,65,73208799
3098209,233,168,65,65634531
5922841,205,149,56,135473377
5603161,184,117,67,127337231
4568089,216,151,65,101359701
3286441,131,92,39,70119051
3986329,283,185,98,87036871
5322409,187,123,64,120233471
5032129,201,141,60,112931743
3587641,181,122,59,77353971
4741081,225,149,76,105659221
4866481,189,126,63,108788095
4134649,236,155,81,90667111
5462641,334,236,98,123776473
3676201,146,95,51,79495191
3099961,233,154,79,65676339
3415609,254,181,73,73213041
3836809,196,143,53,83391935
3287761,167,113,54,70150459
4568209,267,185,82,101362629
4272769,214,148,66,94061315
4445281,203,122,81,98318257
5752609,204,144,60,131133719
3986641,167,117,50,87044647
3587761,188,136,52,77356653
5923009,198,135,63,135477169
5171209,227,147,80,116425283
5323081,233,154,79,120250783
4741129,216,143,73,105660463
3287881,134,86,48,70153273
5603929,236,169,67,127356131
3102289,173,117,56,65731499
5462689,266,188,78,123777673
4568761,218,148,70,101376603
3986761,217,150,67,87047173
3587809,189,128,61,77357709
3677041,157,104,53,79515303
5033401,298,193,105,112964431
3416401,224,151,73,73231683
4134769,260,182,78,90670015
3837241,212,136,76,83402843
3288721,229,168,61,70173127
4866649,267,184,83,108791521
4273249,229,155,74,94073159
4445569,311,233,78,98325643
4741801,186,135,51,105677643
5923369,147,103,44,135486337
5323369,238,169,69,120257683
3587929,194,140,54,77360955
3986809,239,154,85,87048145
3102481,219,146,73,65736731
4569049,211,151,60,101383293
3288889,241,164,77,70177195
5753329,248,166,82,131152515
5463361,229,161,68,123795145
3416641,177,119,58,73237955
5171329,209,157,52,116428459
3677209,257,165,92,79519635
3837289,159,101,58,83403791
4135609,194,146,48,90691027
3588601,163,114,49,77377077
4741969,196,129,67,105681897
3289969,175,108,67,70202929
3986929,206,135,71,87051535
5033449,219,143,76,112965697
5323441,307,233,74,120259177
5604481,199,140,59,127370489
4273609,255,163,92,94082789
3102961,157,107,50,65747897
5923681,195,135,60,135494463
4569769,219,145,74,101401161
4446241,221,138,83,98342445
4867801,160,113,47,108820485
3417121,211,136,75,73249331
3588769,238,167,71,77381229
5463481,264,191,73,123798307
3290281,164,110,54,70210609
3677881,191,130,61,79535735
3987001,291,202,89,87053251
4742329,199,126,73,105690363
3838129,174,114,60,83424179
4136161,242,165,77,90704969
3103801,179,110,69,65768117
4570441,234,171,63,101418399
5323921,261,166,95,120272323
5172001,232,165,67,116444965
5754289,227,159,68,131176581
3589441,203,144,59,77398119
3290641,208,143,65,70218971
5923849,289,205,84,135499059
4274041,223,163,60,94093103
3417649,192,120,72,73261727
5033641,292,195,97,112970287
3987481,231,170,61,87064927
4447249,152,109,43,98367213
5463721,234,160,74,123804463
4867921,252,176,76,108823299
3678481,151,108,43,79550537
5605441,275,187,88,127395261
4742641,235,166,69,105698247
3291481,256,175,81,70238963
3589489,246,170,76,77399169
3104089,179,117,62,65774747
4570729,201,135,66,101425443
3838801,199,143,56,83440889
5324881,164,121,43,120295921
4136521,203,153,50,90713447
3987649,223,151,72,87068861
3292129,176,118,58,70254665
3418249,260,176,84,73276331
5924881,132,89,43,135524809
3589609,248,169,79,77401899
4274761,162,121,41,94110623
5464321,227,163,64,123818989
4742809,188,131,57,105702453
5172049,169,122,47,116446387
3678529,240,160,80,79551539
3104329,284,183,101,65780261
4570801,178,120,58,101427333
4447321,246,167,79,98368875
5756209,275,190,85,131226273
5034961,222,144,78,113004097
3987769,249,177,72,87071891
3292249,180,126,54,70257379
4868329,262,174,88,108833415
3838921,156,114,42,83443427
5325289,251,176,75,120306439
3590161,158,102,56,77415171
4136689,264,190,74,90717695
5605489,275,196,79,127396593
3418321,215,144,71,73277759
4743001,239,169,70,105707607
5926729,265,173,92,135572655
3292489,220,162,58,70263493
3104641,156,112,44,65787569
4573081,267,178,89,101483283
5464369,191,130,61,123820315
3988321,250,168,82,87085505
3679729,248,164,84,79580659
3591169,191,136,55,77439267
4275049,165,106,59,94117807
5325721,278,184,94,120317089
4447801,225,153,72,98380821
3839809,182,117,65,83465033
3292801,165,121,44,70270891
5172889,303,216,87,116467351
3419809,217,146,71,73313669
5037001,194,133,61,113054741
4743601,203,146,57,105722149
3988441,238,161,77,87088337
3591529,239,171,68,77447849
4573321,189,123,66,101489883
3105481,150,105,45,65807339
4869649,227,145,82,108866787
5756521,197,128,69,131234661
4137121,195,124,71,90728039
5927401,251,176,75,135589995
5464489,281,188,93,123823339
3680401,167,125,42,79596853
3292969,189,135,54,70274893
5605681,249,166,83,127401159
4275289,253,183,70,94124095
5325961,235,150,85,120323053
3592009,223,145,78,77459159
3988681,213,141,72,87094235
3839929,213,151,62,83468339
4743769,191,128,63,105726373
3420481,117,84,33,73329929
4573489,297,208,89,101493693
3105769,276,189,87,65813855
3294169,231,156,75,70303693
4448089,249,154,95,98387305
5464729,284,186,98,123829039
4137961,238,162,76,90748181
5173561,261,169,92,116484589
3592801,184,130,54,77478551
5928049,204,147,57,135606069
5038321,227,156,71,113087663
3680881,261,190,71,79608691
3989329,200,137,63,87109811
4869841,219,142,77,108871551
3294769,176,126,50,70317887
5326609,188,125,63,120339517
4573801,174,111,63,101502117
4743841,202,142,60,105728119
5757049,215,143,72,131247045
3105841,150,105,45,65815769
3420601,306,211,95,73332539
4278121,144,98,46,94193875
3840169,306,208,98,83473769
3592969,216,146,70,77482883
3295321,186,123,63,70331069
3990001,159,119,40,87126857
5605849,247,164,83,127405299
4448929,179,127,52,98408461
5467681,251,177,74,123904181
3681001,127,80,47,79611799
4138129,265,193,72,90752285
5930401,122,76,46,135665663
4574161,164,99,65,101510163
4744609,194,136,58,105747193
3106849,279,176,103,65839889
3593881,185,123,62,77505477
5327449,226,150,76,120360343
3295441,214,159,55,70333901
5038441,239,162,77,113090483
3420649,234,163,71,73333967
5173849,248,160,88,116491981
4870009,127,91,36,108876081
3990169,223,162,61,87131057
3840481,225,154,71,83481575
4278289,205,143,62,94197625
3594649,193,136,57,77523245
5467729,181,118,63,123905501
3295489,234,166,68,70334651
4574761,259,173,86,101525681
5757481,219,151,68,131258397
3681049,198,138,60,79612645
3107329,182,121,61,65851223
4744849,237,159,78,105753463
4449481,206,144,62,98422459
5930521,242,163,79,135668507
3990841,211,144,67,87146861
4138369,209,147,62,90758867
5328121,286,184,102,120377221
3421321,244,161,83,73350245
5606281,233,160,73,127416303
3296281,164,93,71,70354355
3595201,189,136,53,77536903
3840601,278,190,88,83484389
4278481,198,133,65,94202485
4575001,176,125,51,101531399
4870609,284,187,97,108891039
5038609,222,155,67,113095007
3107449,197,117,80,65854331
5467849,271,193,78,123908303
3991369,212,135,77,87160457
4745281,269,187,82,105764113
5174401,262,161,101,116505529
3681889,198,120,78,79632871
3297841,247,168,79,70391527
3595489,264,190,74,77543443
5328241,226,150,76,120380995
5930929,230,155,75,135678645
3422521,193,132,61,73378529
4450441,277,187,90,98445727
4138681,238,168,70,90766541
3991681,123,87,36,87168515
4575481,176,121,55,101543417
5757529,288,196,92,131259903
3298129,237,138,99,70398209
3840649,260,185,75,83485583
3108361,187,139,48,65875763
3596161,243,161,82,77559787
4746289,181,127,54,105789667
5468689,351,262,89,123930011
4278649,257,177,80,94206475
5606329,197,122,75,127417623
3682729,272,196,76,79652605
4870681,278,184,94,108892509
5328409,211,140,71,120385285
3423289,210,134,76,73396685
3298201,268,191,77,70400165
5038849,175,111,64,113101477
3992689,211,142,69,87192609
5931529,315,217,98,135694563
3597001,205,130,75,77580241
5174929,234,150,84,116518709
4575841,228,150,78,101551949
4138969,200,135,65,90773195
3108529,247,181,66,65879705
4450489,236,154,82,98447323
4747009,183,140,43,105806959
3841009,187,133,54,83494799
3298681,189,116,73,70412069
5468761,184,136,48,123932135
3683089,220,150,70,79661693
3597049,136,80,56,77581579
3993049,221,146,75,87200829
3423529,215,158,57,73403507
5329249,242,153,89,120406007
4279969,186,127,59,94239085
4576441,203,143,60,101566589
5757721,221,156,65,131265345
3108961,142,97,45,65890307
3298849,277,197,80,70415477
5932081,184,123,61,135708931
4747129,259,162,97,105810259
4871281,233,157,76,108906981
5607169,239,147,92,127438675
4139209,281,176,105,90779627
3597169,247,167,80,77584315
5039521,244,173,71,113118007
3993481,276,193,83,87212055
3841681,253,161,92,83510903
4450681,190,126,64,98452215
5468929,165,116,49,123936101
5175409,279,173,106,116530457
3299641,210,147,63,70434575
3683401,255,175,80,79669529
3424801,209,147,62,73433825
4576681,212,136,76,101573081
5329321,241,158,83,120408179
3109681,168,112,56,65907299
3597241,185,132,53,77586115
4747969,252,169,83,105830797
4280329,176,111,65,94247863
3993721,198,140,58,87217401
5932369,241,165,76,135716167
3299689,229,141,88,70435943
4139809,224,160,64,90793769
3842281,127,95,32,83525207
5470249,205,144,61,123969047
5758321,246,174,72,131279835
5040961,236,158,78,113154307
4871329,156,104,52,108908067
4576849,271,185,86,101577197
3597409,211,157,54,77589919
3425641,267,172,95,73454261
3683569,232,155,77,79673369
3109801,221,140,81,65909915
5177209,210,144,66,116576315
4451281,207,154,53,98466333
5329801,209,149,60,120420401
5607289,230,158,72,127441279
4748209,302,217,85,105837313
3993889,204,143,61,87221379
4280929,225,162,63,94262967
3598009,221,151,70,77604421
5932441,223,142,81,135717625
4577329,199,137,62,101589425
5041009,208,144,64,113155421
5470369,231,156,75,123972179
3109969,221,166,55,65914553
3994369,230,157,73,87233403
3842689,248,162,86,83534867
3425809,226,158,68,73458275
4139881,198,126,72,90795797
5177281,215,154,61,116578055
3684601,238,165,73,79698467
4748521,236,166,70,105844867
5330161,212,141,71,120429311
3598081,230,151,79,77606467
4872001,175,135,40,108925755
4451449,234,165,69,98470425
5759401,309,213,96,131307393
4577449,274,184,90,101592275
3994561,172,114,58,87238515
5041369,257,175,82,113164601
5933041,250,159,91,135732853
3110689,167,119,48,65931293
4281169,236,159,77,94268481
5607361,218,154,64,127443373
3598729,206,143,63,77621755
3426361,235,160,75,73471133
5470609,229,152,77,123977929
4749529,195,129,66,105870149
5177449,325,219,106,116581733
3843121,265,181,84,83546135
3685369,219,150,69,79716575
5330761,252,166,86,120444857
4140361,194,131,63,90808007
3994729,252,175,77,87242061
4578289,158,100,58,101613239
3598921,181,112,69,77626231
4452001,228,155,73,98484357
3111481,208,146,62,65949743
5041681,270,188,82,113172077
4872121,232,156,76,108928539
4750561,179,118,61,105895775
3426529,242,173,69,73474889
5933449,264,189,75,135743591
5471041,116,81,35,123989245
5177761,253,172,81,116590321
4281481,247,175,72,94276499
3843361,206,140,66,83551799
5330929,211,156,55,120448967
3995161,151,100,51,87252799
3685441,163,107,56,79718327
3599929,232,149,83,77651081
5761081,197,129,68,131349467
4578361,269,191,78,101614665
4140481,201,135,66,90810611
5607961,230,162,68,127459013
3111721,280,196,84,65955119
5041801,292,193,99,113175083
4452841,217,138,79,98505837
4750729,176,117,59,105899645
3426649,305,221,84,73478027
3997849,195,130,65,87317989
5177881,175,111,64,116593057
5471209,334,243,91,123993457
5933761,220,154,66,135751283
5331169,324,203,121,120454553
4872169,227,145,82,108929793
4578841,246,170,76,101626827
3686929,171,114,57,79755241
3843841,189,128,61,83563469
4281601,176,120,56,94279193
5761729,208,139,69,131366603
3112321,182,122,60,65970007
4453129,197,138,59,98512671
4142161,176,114,62,90851565
5041849,298,210,88,113176247
3997921,279,185,94,87319915
4751161,205,144,61,105910595
3426721,227,155,72,73479677
5177929,124,77,47,116594479
4579849,222,155,67,101651915
5471929,198,138,60,124011911
5608969,259,177,82,127483721
5331649,227,157,70,120466403
5934121,204,146,58,135760947
3687049,274,200,74,79757683
3112489,232,156,76,65974459
3844801,154,109,45,83587117
4453681,231,149,82,98526171
3998089,218,164,54,87324295
5762089,245,157,88,131375879
4281649,256,173,83,94280519
4751209,186,131,55,105911621
5042641,243,147,96,113196311
4872289,221,159,62,108932409
4142401,232,161,71,90857199
3427561,226,147,79,73499479
4580041,237,163,74,101656571
5178049,238,173,65,116597347
5472769,186,117,69,124033079
3998521,216,139,77,87334903
3112729,130,98,32,65979817
5332321,155,100,55,120483605
4454041,244,159,85,98534937
5934601,241,173,68,135773769
3687769,182,131,51,79775329
4752001,214,150,64,105931685
3845041,232,158,74,83592301
5042881,206,128,78,113202377
5762521,299,218,81,131387135
4282009,182,121,61,94289021
4580209,216,157,59,101660453
3428209,194,140,54,73515859
5609521,205,135,70,127498709
3999529,224,147,77,87358941
5178889,190,134,56,116618017
4142569,208,134,74,90861435
4872529,225,158,67,108938277
4454209,169,109,60,98539737
3113401,215,146,69,65995657
5473441,134,101,33,124050071
5332609,225,152,73,120490667
4752409,240,151,89,105941653
3688129,177,122,55,79783891
5934769,146,94,52,135777963
5044489,321,231,90,113242473
3846481,171,118,53,83627545
4000081,190,119,71,87372815
4580689,164,113,51,101672303
5762689,222,148,74,131390981
3428329,181,115,66,73518439
4454521,232,146,86,98547051
3113569,210,144,66,66000199
5179969,271,187,84,116645649
4282441,184,124,60,94299833
4143049,151,85,66,90873663
5473801,232,149,83,124059221
5333329,190,120,70,120509201
4752841,170,119,51,105952795
4001089,215,148,67,87397489
5044561,217,150,67,113244547
3688561,274,191,83,79794867
4872961,185,124,61,108949551
5609809,232,169,63,127506107
4580809,241,165,76,101675243
5935129,259,165,94,135786303
3846529,195,132,63,83628757
4454881,339,242,97,98555631
5763361,325,224,101,131408079
3429409,220,157,63,73544353
3113881,187,122,65,66007111
5180281,268,199,69,116653539
4002049,238,164,74,87421753
4753009,250,158,92,105956737
5333689,140,90,50,120518271
4282609,207,147,60,94304009
5473969,350,257,93,124062881
4581481,187,121,66,101691839
5045881,198,131,67,113277457
4143241,249,179,70,90878703
3688801,157,108,49,79800531
4455361,191,124,67,98567853
3114169,318,217,101,66013927
3429721,157,109,48,73551969
5935441,287,201,86,135794937
3846649,171,117,54,83631301
4002721,211,158,53,87437665
5763529,218,163,55,131412693
4873129,221,162,59,108954147
5180449,203,137,66,116657781
4753561,222,161,61,105970243
5610049,186,120,66,127512191
4581529,202,137,65,101693195
5334361,243,177,66,120534811
5474401,252,166,86,124074341
5046049,249,168,81,113281921
4456369,204,136,68,98591919
4282849,205,132,73,94310693
3114889,282,196,86,66031035
3689281,147,114,33,79811625
4143409,196,126,70,90882335
4002961,221,148,73,87443233
3430249,218,148,70,73563817
5935561,255,171,84,135797649
5180569,187,127,60,116660439
3847201,217,151,66,83645245
5764081,208,153,55,131426343
4753681,179,120,59,105973111
4582321,240,163,77,101713055
4456561,215,136,79,98597127
5335129,265,188,77,120554503
5046409,187,125,62,113290579
4873801,177,119,58,108970445
4003729,244,168,76,87462067
5474449,257,182,75,124075421
3115009,188,134,54,66034145
3689809,243,159,84,79824207
3431089,177,121,56,73584463
4283689,233,155,78,94331237
4144081,284,189,95,90897905
5610361,224,130,94,127519889
4753849,195,144,51,105977359
5180809,245,160,85,116666421
4583041,228,160,68,101730809
3847489,255,167,88,83652415
5935609,198,135,63,135798861
5764249,223,155,68,131430897
4457881,207,142,65,98629865
4004281,221,150,71,87475579
5046721,173,119,54,113299213
5335801,244,176,68,120571453
3115249,141,94,47,66039281
5474809,311,210,101,124084769
3431401,147,100,47,73592455
3690961,182,124,58,79852197
4753921,238,161,77,105979207
4875049,269,181,88,109001177
4583329,179,123,56,101737281
4004449,193,129,64,87479825
5183089,297,209,88,116723691
4458001,238,158,80,98632667
4284121,170,120,50,94341335
4144249,232,157,75,90903353
3848161,198,131,67,83668775
5764609,206,133,73,131440185
5935801,192,119,73,135803763
3115561,153,103,50,66046787
5047849,204,126,78,113327155
5335849,222,154,68,120572497
5475121,208,142,66,124092977
5611321,205,129,76,127544129
4005121,203,138,65,87495635
4754929,261,177,84,106004395
3431521,167,120,47,73595305
4583569,187,113,74,101743257
3691489,242,158,84,79865193
4458169,179,131,48,98636959
5183329,276,196,80,116730087
3115729,195,138,57,66050675
5047921,224,147,77,113329237
4875529,266,183,83,109013179
4144681,191,133,58,90913469
3848209,195,123,72,83669753
5765041,299,213,86,131451093
4285009,168,116,52,94363169
5937241,193,118,75,135840915
5336041,178,122,56,120577201
4005241,256,182,74,87498461
5475289,235,162,73,124097253
4757041,216,141,75,106056763
4584409,220,150,70,101764849
4458409,284,182,102,98642833
3431689,225,147,78,73599037
3691801,125,84,41,79872873
5183641,171,111,60,116738421
3115921,161,116,45,66055199
4005649,285,200,85,87509075
5048401,171,121,50,113341453
5611369,236,155,81,127545431
5765209,259,172,87,131454837
3848569,211,143,68,83678549
5336209,290,201,89,120581583
4144729,244,160,84,90914465
4584721,202,138,64,101772505
4458841,197,127,70,98653471
5939929,278,183,95,135908699
4757209,349,254,95,106060759
4285129,242,171,71,94366013
5475409,181,114,67,124099815
3432361,172,125,47,73615317
4875721,281,182,99,109017667
5184001,179,121,58,116747013
4006129,200,130,70,87521513
3116521,195,131,64,66069821
3691921,260,176,84,79875459
5049241,234,147,87,113362291
4458889,260,172,88,98654731
4584841,253,174,79,101775079
4757281,214,134,80,106063345
5336641,231,160,71,120592941
5765449,202,140,62,131461341
3848881,117,72,45,83686403
4006489,230,150,80,87529523
5940169,209,147,62,135914969
3432529,194,135,59,73619289
5475961,178,116,62,124113831
4144849,230,166,64,90917933
4285201,256,172,84,94367675
3116689,152,98,54,66073733
5184769,247,176,71,116766781
5612569,182,120,62,127576055
3692329,198,142,56,79885413
5050249,209,153,56,113387207
4877161,217,144,73,109054693
4459561,238,160,78,98670979
4585249,255,177,78,101785213
4757449,200,133,67,106067101
4006969,189,119,70,87541535
5336689,189,123,66,120594051
5766121,251,158,93,131478003
3849409,218,150,68,83698787
3433369,214,138,76,73638963
3116761,195,140,55,66075461
5476249,182,123,59,124120699
5940841,195,136,59,135931651
5184841,264,174,90,116768137
4145689,195,139,56,90938415
4459849,218,149,69,98678113
4286209,236,166,70,94392803
3692641,231,160,71,79893267
5050369,185,136,49,113390009
4585561,195,129,66,101793391
4008001,264,183,81,87566723
4757881,295,202,93,106077883
5337049,196,131,65,120602793
3117241,166,113,53,66086885
4877209,239,169,70,109055833
5613169,213,149,64,127590791
3434089,212,148,64,73656321
5767129,215,143,72,131503901
3849841,167,123,44,83709039
5476489,298,207,91,124127383
4459921,293,199,94,98679907
5185009,273,183,90,116772259
4008769,209,148,61,87585213
5941321,152,103,49,135944521
4585729,191,140,51,101797189
4146409,231,162,69,90956157
5050609,240,159,81,113396099
3692761,207,143,64,79895793
4758049,217,154,63,106082527
4287721,187,113,74,94430069
3117601,290,204,86,66095795
5337721,256,173,83,120619755
3434929,140,100,40,73677165
4008841,245,167,78,87587001
4878241,183,115,68,109081283
4147081,220,155,65,90972273
5767441,229,154,75,131511743
3849889,255,185,70,83710359
4586689,273,190,83,101821171
5051041,212,138,74,113406839
4460761,279,198,81,98700417
4758121,239,168,71,106083913
5941489,294,197,97,135948775
5185321,290,186,104,116780185
3692929,192,130,62,79900047
5613889,209,145,64,127609031
3118081,207,140,67,66107123
4009321,216,145,71,87598995
5477089,224,157,67,124142125
4147249,242,169,73,90976347
5337889,244,157,87,120624021
4288321,214,152,62,94445285
3435769,171,99,72,73697583
5768401,217,150,67,131536745
4758961,163,101,62,106105771
5051209,220,155,65,113411339
3850009,172,107,65,83713359
4878721,186,138,48,109093445
4587241,274,198,76,101835319
4462609,278,203,75,98746803
5185681,158,112,46,116789659
3118201,206,136,70,66109907
3693169,258,197,61,79906089
5941609,235,174,61,135951847
4147921,278,191,87,90993021
4009849,225,148,77,87611409
5477161,252,183,69,124143673
3435889,220,154,66,73699767
4288489,193,137,56,94449059
4759129,208,143,65,106109485
4462921,129,96,33,98755059
4878889,295,198,97,109097165
5339569,174,116,58,120666495
4587361,192,121,71,101838217
5051281,263,179,84,113413277
5614681,188,133,55,127629889
3850081,174,117,57,83714817
4148041,233,168,65,90995991
3118441,175,113,62,66115079
4010161,152,113,39,87619835
5185849,223,162,61,116793643
3693601,175,128,47,79916103
5768569,228,157,71,131540717
5941849,188,121,67,135958003
5477809,258,176,82,124160455
3436129,198,109,89,73706217
4463209,201,142,59,98761773
4759441,254,170,84,106116961
4587769,262,162,100,101848177
4879009,246,153,93,109100615
4148449,252,160,92,91005915
5052049,298,201,97,113431781
4011289,286,207,79,87646769
3119089,201,132,69,66130275
4288729,258,162,96,94454585
5186161,192,133,59,116801383
3850921,225,149,76,83735397
3693769,231,146,85,79920603
5340409,246,174,72,120687713
4463761,175,116,59,98775555
3436561,289,204,85,73716279
5477929,222,147,75,124163959
5942161,171,112,59,135966193
4149121,182,118,64,91022205
5614729,231,166,65,127631281
4011529,199,136,63,87652481
4588609,202,134,68,101869009
4759561,158,104,54,106120519
4879729,232,152,80,109118833
5052769,234,165,69,113450381
3119761,242,167,75,66146571
5768641,264,185,79,131542325
5186521,274,187,87,116810035
3851689,182,109,73,83754225
4290889,185,128,57,94507853
4012369,144,92,52,87673187
4463929,297,209,88,98779521
4149601,134,90,44,91034409
3693841,269,195,74,79922157
4588921,206,137,69,101877007
3437641,152,103,49,73742267
4760281,182,110,72,106138147
5478001,186,123,63,124165825
4879921,205,144,61,109123357
3119929,220,140,80,66150711
5942329,281,204,77,135970633
5052889,223,135,88,113453321
5341729,261,189,72,120720857
4012681,191,125,66,87681173
5186689,302,200,102,116814613
4149721,201,125,76,91037301
4464049,291,204,87,98782653
5615521,255,180,75,127650259
4589281,266,189,77,101885641
3851761,181,121,60,83756265
4760449,176,118,58,106142065
3694609,199,119,80,79940421
3438649,195,125,70,73766243
4291249,181,117,64,94517075
4880089,177,117,60,109127299
3120889,223,150,73,66173835
5478169,205,141,64,124169501
5053441,250,169,81,113467073
5768809,298,202,96,131546765
4013209,188,135,53,87694505
5942689,160,114,46,135979105
4149889,338,233,105,91040817
4464721,287,199,88,98799309
5187529,213,144,69,116836249
4590889,277,194,83,101925333
4760809,208,145,63,106150615
3439129,217,150,67,73777679
4880401,204,146,58,109135447
3121441,218,151,67,66186785
3852361,234,160,74,83770519
3695521,269,177,92,79962875
4013521,223,155,68,87701825
5342089,209,140,69,120730547
5053561,218,159,59,113469879
4150129,192,138,54,91047441
5478481,247,167,80,124177265
4292089,370,262,108,94537397
4465561,173,107,66,98819865
5615689,254,181,73,127655653
5943001,197,131,66,135987607
5187841,209,152,57,116843947
4591729,250,171,79,101946315
4761121,172,113,59,106158801
4013641,151,93,58,87704525
3121561,132,93,39,66190157
4880521,168,109,59,109138009
4150441,176,120,56,91055141
3439801,126,91,35,73794317
5769121,188,130,58,131554403
3696001,188,132,56,79974953
3852601,142,96,46,83776045
5054281,243,156,87,113488347
4465609,203,141,62,98821041
5478841,186,119,67,124186409
4591801,204,140,64,101947803
4292521,234,152,82,94548387
5187961,139,91,48,116846881
4013881,178,123,55,87710567
4762321,238,149,89,106188075
5943841,253,174,79,136009039
5342521,244,173,71,120740771
4150969,171,105,66,91067759
3121609,166,110,56,66191039
4882369,290,202,88,109184455
3439921,175,119,56,73796921
4465801,177,120,57,98825607
5054449,228,157,71,113492259
5616241,296,201,95,127668883
3697009,227,151,76,79998549
3853081,221,157,64,83788363
5479489,245,161,84,124203095
4592569,198,129,69,101966943
4014721,169,112,57,87730631
4151809,204,142,62,91088471
4762489,186,121,65,106192995
5188801,241,161,80,116867869
3122281,220,145,75,66207097
5769241,157,96,61,131557265
4882609,220,142,78,109190515
4292569,227,148,79,94549521
5943961,180,125,55,136012269
4466401,200,138,62,98840607
3440089,179,128,51,73801589
5054809,216,136,80,113501511
4014889,224,145,79,87735173
4592641,185,134,51,101968683
3697849,170,122,48,80019921
4152289,186,127,59,91100129
5342569,192,129,63,120742091
3853249,179,123,56,83792435
5480689,215,142,73,124233527
4762801,145,93,52,106200823
3122569,197,134,63,66213601
5188849,217,144,73,116869105
4883881,243,169,74,109222057
4466569,277,183,94,98844585
5616601,174,123,51,127678615
4015201,232,151,81,87742799
3440929,255,173,82,73821023
5944009,219,149,70,136013187
5055241,192,137,55,113512737
4293361,273,188,85,94568657
4593409,256,183,73,101987679
4152409,277,188,89,91102679
3698209,198,140,58,80027959
4762969,260,176,84,106204495
3122809,253,173,80,66219289
5481121,206,144,62,124244045
3853609,247,175,72,83800925
5769649,244,182,62,131567679
5188969,240,162,78,116872117
4015489,261,166,95,87749183
4466641,216,137,79,98846487
4883929,244,163,81,109223167
4153081,202,138,64,91119351
5342761,200,144,56,120747851
3441649,195,133,62,73838381
4593481,208,137,71,101989905
5056321,231,163,68,113539897
5944129,195,121,74,136016895
4763089,222,153,69,106207795
4294369,231,158,73,94593533
3123481,196,126,70,66235063
4015729,181,125,56,87755267
3698881,195,126,69,80044327
4467241,212,141,71,98861643
5481529,166,118,48,124254527
5616769,309,223,86,127682533
5189809,216,146,70,116893019
4884601,224,147,77,109240331
3854089,211,139,72,83812395
4153489,227,146,81,91129585
4594129,198,139,59,102005211
3442441,178,119,59,73857263
5056921,174,120,54,113554321
4016041,222,148,74,87763421
4763329,294,207,87,106214061
3124129,233,155,78,66250603
5770249,146,103,43,131583333
5944369,224,153,71,136022461
4467649,176,122,54,98871567
4154089,174,111,63,91144423
3699049,245,152,93,80048269
5343241,206,140,66,120760181
4884721,235,162,73,109242593
5481961,207,135,72,124265345
5190649,206,140,66,116914457
4294441,257,178,79,94595375
4594489,156,101,55,102014175
3854281,227,156,71,83816853
4016161,169,119,50,87765605
3442489,287,196,91,73858265
5057161,179,134,45,113560825
4763641,211,140,71,106221651
3124321,214,126,88,66255379
4469329,225,152,73,98912921
4154641,236,158,78,91157971
5617441,228,149,79,127699295
4884889,239,162,77,109247129
5946649,226,148,78,136081195
3699721,169,114,55,80065251
5190721,251,174,77,116915969
4594801,223,150,73,102022653
5482129,217,148,69,124269791
4016569,231,157,74,87775655
3854449,150,90,60,83821767
4294921,195,132,63,94607549
3442849,194,139,55,73867497
5057329,226,146,80,113564671
5770321,275,194,81,131584917
4154809,240,159,81,91162357
3124801,158,102,56,66266671
4763809,229,168,61,106225803
4470649,216,153,63,98945785
5343529,213,138,75,120766487
4885129,272,179,93,109252781
4017001,223,149,74,87786683
4594921,192,130,62,102025539
5191369,252,184,68,116932249
3700369,202,127,75,80080353
5947489,283,184,99,136101991
5482369,262,179,83,124275857
4154929,220,147,73,91165447
5058169,292,197,95,113585311
4470769,282,200,82,98948893
3125809,202,140,62,66290417
3443329,251,167,84,73879077
5618089,200,145,55,127715809
4763929,168,112,56,106228647
3854761,202,136,66,83829219
4295041,218,148,70,94610429
4018081,215,145,70,87812927
4885609,158,112,46,109264841
5770489,324,217,107,131589375
4594969,195,133,62,102026607
4155169,276,205,71,91171027
3701881,188,137,51,80117597
5343601,221,144,77,120768677
5191489,248,173,75,116935411
5947729,318,217,101,136108519
3126001,269,183,86,66295027
5059321,208,143,65,113615029
4764481,302,210,92,106242503
4471609,268,196,72,98969509
3443521,172,113,59,73883373
4018249,254,170,84,87817073
5482969,318,217,101,124291007
3855769,151,102,49,83853477
4595089,274,184,90,102029409
4295209,260,176,84,94614611
4155841,241,152,89,91187833
5771089,252,175,77,131604459
4885801,299,200,99,109269965
5618209,197,135,62,127718605
3127009,244,180,64,66318877
4018921,173,112,61,87833381
4471681,271,181,90,98971147
4764769,239,164,75,106249817
3702409,263,182,81,80130203
3444169,149,94,55,73898949
5344081,241,176,65,120780635
5948209,219,163,56,136120873
5060329,244,167,77,113640913
4595809,188,121,67,102047361
5483041,191,133,58,124293515
5192041,302,209,93,116949229
3855961,225,151,74,83858445
4156441,211,122,89,91202065
4886641,225,150,75,109291425
4019401,235,163,72,87845603
5771641,234,148,86,131618783
4473169,237,157,80,99008179
3127441,161,105,56,66329281
4295281,187,133,54,94616585
4765609,170,127,43,106270769
3702841,232,165,67,80140649
3444289,232,143,89,73901775
5344201,230,159,71,120783593
4597609,209,144,65,102092135
4157449,334,217,117,91227169
5949049,271,185,86,136142155
5483209,269,193,76,124297205
4019689,206,157,49,87852671
5618881,221,144,77,127735675
3856129,222,153,69,83862549
4887409,248,172,76,109310373
4473289,310,217,93,99010873
3127489,173,110,63,66330691
5060449,227,169,58,113643667
4766329,235,167,68,106288643
5773849,250,175,75,131674717
5193049,203,130,73,116974367
4158001,136,92,44,91240663
4597849,209,146,63,102098201
3445201,162,116,46,73923765
4295449,202,136,66,94620587
3704689,234,156,78,80185289
4020361,211,151,60,87868499
5344249,240,164,76,120784823
5483521,189,137,52,124305401
5949169,282,210,72,136145317
4473361,225,155,70,99013105
4887481,142,96,46,109312185
3127681,233,155,78,66335491
3856561,178,128,50,83872581
4766689,152,99,53,106298057
4158289,260,170,90,91247287
4598161,186,128,58,102106631
4020409,187,129,58,87869999
5774521,192,138,54,131691587
3445369,181,120,61,73927713
3704761,189,121,68,80187167
5618929,264,177,87,127736809
5345281,263,191,72,120810371
5060521,199,133,66,113645815
4474201,225,146,79,99033283
4295761,266,178,88,94628147
4888249,168,112,56,109331235
3128329,220,147,73,66350395
5193169,204,137,67,116977133
5484049,222,140,82,124318619
4158529,218,149,69,91253035
4767121,257,176,81,106308275
5949721,269,181,88,136159471
4020529,275,197,78,87872789
3856729,305,217,88,83877105
4598281,188,119,69,102109307
3445801,310,206,104,73938129
5775841,283,200,83,131725439
4474369,165,113,52,99037915
5345761,169,121,48,120823091
3705241,212,144,68,80198699
4158961,143,102,41,91264185
3128689,247,168,79,66358801
4888321,200,135,65,109333035
4021081,199,128,71,87885905
4768129,217,150,67,106333917
5485369,306,211,95,124351677
4296289,385,257,128,94641053
4598329,215,145,70,102110537
5950921,240,168,72,136189537
5062201,218,150,68,113687633
5620609,201,143,58,127779819
3857449,282,180,102,83894479
4474801,189,132,57,99048955
5193889,181,121,60,116995745
3448369,210,143,67,73999347
4159681,243,168,75,91281807
4021249,185,124,61,87890159
5775961,237,164,73,131728781
3129121,264,193,71,66368953
5345881,276,186,90,120826241
4888969,246,166,80,109349427
3705409,238,154,84,80202425
4768369,229,150,79,106339503
4599169,256,189,67,102131243
5485489,186,128,58,124354455
4297609,232,159,73,94673675
4474849,218,153,65,99049743
4159801,179,129,50,91284459
5951401,180,119,61,136202437
4022041,187,123,64,87909549
3857569,274,183,91,83897497
3448561,229,149,80,74003949
3129169,213,130,83,66370267
4889641,106,62,44,109366065
5063209,322,225,97,113711697
5345929,234,160,74,120827261
4768681,238,172,66,106347837
5776129,260,182,78,131732961
3705769,175,122,53,80211449
4599289,227,153,74,102134165
5620801,298,199,99,127784391
5194009,255,183,72,116998397
4160041,235,157,78,91290513
5485561,205,129,76,124356519
4022449,255,176,79,87919665
4474969,222,152,70,99052599
3129289,229,153,76,66372793
3449209,201,137,64,74020155
5951521,167,110,57,136205293
3857641,231,148,83,83899501
4299241,185,131,54,94713267
4890001,203,127,76,109374747
4768801,244,161,83,106350561
4599841,163,93,70,102147719
5347729,255,160,95,120872419
4160521,182,108,74,91302409
5776201,195,128,67,131734659
3706201,180,121,59,80221787
4022929,155,103,52,87931579
4475689,264,184,80,99070401
5486209,234,155,79,124372623
5064889,217,160,57,113754255
5620969,232,162,70,127788759
3129961,295,201,94,66388783
4890481,272,191,81,109386711
5194561,226,158,68,117012329
4768849,271,197,74,106351893
4599961,180,128,52,102150703
4160641,170,127,43,91304767
5951689,300,212,88,136209571
3857809,232,163,69,83903509
4023049,232,159,73,87934069
5348281,206,138,68,120886657
4299961,200,136,64,94731441
4475881,204,142,62,99075027
3706369,215,152,63,80225891
5777521,219,156,63,131768511
5487049,188,126,62,124393863
3130129,191,137,54,66392755
5621281,248,170,78,127797339
4023889,247,172,75,87954553
4160881,310,197,113,91310887
4890841,166,116,50,109396323
4600129,215,149,66,102154555
4768969,263,179,84,106354509
4476481,144,101,43,99089921
5065561,207,134,73,113771581
3858289,247,157,90,83914757
5951761,283,185,98,136211431
5348401,273,195,78,120889213
3706609,236,161,75,80231519
4300081,157,104,53,94734495
5778361,288,189,99,131789703
5194729,253,172,81,117016733
3131041,170,112,58,66414615
4024129,225,164,61,87961239
4161721,177,122,55,91331981
5487841,242,162,80,124414897
4600801,249,167,82,102171133
4891489,210,136,74,109412025
5621809,292,214,78,127809987
4769521,150,101,49,106368475
4477489,202,142,60,99115449
5348449,242,182,60,120891025
3859081,220,142,78,83934003
4024729,168,108,60,87975647
5952241,170,123,47,136223747
4162321,191,128,63,91346651
3131209,172,107,65,66418893
3706921,217,151,66,80239299
5778529,217,153,64,131793435
5065729,228,158,70,113775703
4601809,260,191,69,102196651
4769881,183,137,46,106377425
4300489,246,181,65,94744209
5488081,209,141,68,124420881
4891681,184,137,47,109416945
4477729,273,192,81,99121233
5622481,218,158,60,127827177
5194921,236,166,70,117021419
4025449,262,175,87,87993059
4163041,202,135,67,91364195
5348569,330,236,94,120893575
3131641,285,207,78,66429201
3859321,167,114,53,83940789
4602721,257,164,93,102218837
5952769,198,130,68,136237367
3707449,159,103,56,80252271
4771321,161,106,55,106413059
4478161,210,144,66,99131979
4892449,169,115,54,109435733
5778649,310,207,103,131796645
5488729,209,138,71,124437123
4026409,252,171,81,88017077
4163329,184,133,51,91371449
5622961,187,132,55,127839093
4300801,308,198,110,94752147
5066041,251,189,62,113783899
3132529,194,133,61,66450699
5348809,265,175,90,120900097
4602889,156,103,53,102223235
4479001,252,189,63,99152697
4773049,295,206,89,106455779
3860641,189,116,73,83972205
4026961,154,94,60,88030487
4892689,252,171,81,109441647
5195929,259,180,79,117047459
3708049,164,110,54,80266935
5953081,229,156,73,136245035
4163881,273,197,76,91385195
5488849,260,187,73,124439841
5780209,299,223,76,131836825
5623081,225,149,76,127842099
3134041,185,118,67,66486397
4605001,264,185,79,102275181
4300921,151,104,47,94754793
5349121,254,173,81,120908047
4027129,205,145,60,88034395
4479049,222,155,67,99154143
4773169,233,180,53,106459169
4164049,228,164,64,91389149
4893001,138,100,38,109450079
5066161,192,132,60,113787133
3861841,233,148,85,84001413
3708121,165,114,51,80268705
5953921,191,135,56,136266291
5488921,196,143,53,124441833
5780329,187,127,60,131840185
3134881,180,128,52,66506335
4028641,170,127,43,88071181
5624761,199,133,66,127884689
4605241,227,147,80,102281145
5196361,183,128,55,117058133
4479889,288,201,87,99174831
4164241,225,163,62,91393865
4773409,172,110,62,106465259
5349649,250,178,72,120921217
4893169,256,168,88,109454051
4301929,213,149,64,94779911
3708889,250,163,87,80286621
3862489,212,157,55,84017103
4028929,185,124,61,88077601
3135049,179,120,59,66510293
5489569,353,236,117,124458057
5954041,220,149,71,136269237
4605409,193,120,73,102286031
4165729,195,140,55,91430185
4480081,214,138,76,99179181
5780569,222,147,75,131846071
5066401,243,162,81,113792653
5624929,202,127,75,127889237
4773841,225,148,77,106475567
5196601,193,133,60,117064139
5351329,140,82,58,120963667
4029001,206,135,71,88079761
3135409,244,170,74,66518729
4302481,155,114,41,94793657
4165849,160,104,56,91433227
3708961,173,111,62,80288535
4605721,237,164,73,102293771
4480681,246,159,87,99193773
3862609,161,105,56,84019755
4893961,223,159,64,109473743
5490241,186,122,64,124475259
5956129,153,102,51,136323075
4774249,200,145,55,106486327
5780881,247,161,86,131853949
5196769,290,208,82,117068447
5625649,286,180,106,127907207
4029841,220,147,73,88100497
5351761,276,182,94,120974419
4166689,299,216,83,91453645
5066881,230,159,71,113804533
3135841,182,122,60,66528845
4481401,230,155,75,99212391
4606249,305,222,83,102306599
3709441,215,146,69,80300247
3862849,236,156,80,84025863
4302601,197,132,65,94797051
5490409,228,152,76,124479267
4774921,308,208,100,106502803
4030321,155,111,44,88112785
5197081,274,181,93,117076577
5781169,222,169,53,131861335
5956801,234,157,77,136340151
5625769,334,236,98,127910285
4894849,239,170,69,109495913
4168369,223,152,71,91495295
5352001,248,173,75,120981085
3136249,229,154,75,66538737
4481569,163,110,53,99216543
4606561,260,179,81,102315113
4030441,188,134,54,88115383
4775569,254,173,81,106519097
3709561,216,145,71,80302863
5490769,230,154,76,124488681
5068249,245,156,89,113838751
4169281,230,158,72,91517615
3863521,211,136,75,84042345
5197249,254,168,86,117080437
4303609,226,158,68,94821921
5781409,270,188,82,131867353
5626009,173,123,50,127917155
5957641,308,200,108,136361427
4482409,151,110,41,99236891
3136561,195,145,50,66546521
5352481,207,137,70,120993199
4607569,236,161,75,102339467
4030849,207,134,73,88125061
4894969,228,169,59,109499063
4775689,249,173,76,106521941
4169929,195,130,65,91533387
3710281,202,136,66,80320479
5491081,235,162,73,124496325
5198449,203,139,64,117110395
4482601,245,165,80,99241439
3864841,204,128,76,84074585
3136849,178,111,67,66552779
4607689,244,167,77,102342347
4031281,231,158,73,88135783
5626441,250,167,83,127927611
5352649,222,153,69,120997291
5781889,164,101,63,131879833
4303681,291,197,94,94823241
5958289,233,151,82,136378409
5068849,299,205,94,113853637
4170121,175,119,56,91538265
4776529,217,147,70,106542765
4483201,232,168,64,99256151
4032361,252,188,64,88161943
3711121,228,163,65,80341041
5491609,326,232,94,124509185
5198881,202,143,59,117121201
3137521,171,118,53,66569081
4607929,214,166,48,102348803
4895041,314,204,110,109500647
3865009,208,150,58,84078245
4170289,223,161,62,91541997
5353321,224,140,84,121014073
5627161,200,127,73,127946649
5782561,195,137,58,131896543
4776601,174,115,59,106544643
5959081,264,187,77,136398335
4304161,198,131,67,94834767
4033009,273,191,82,88177947
4483249,165,105,60,99257819
4608601,308,210,98,102365151
3137569,191,133,58,66570227
5069761,165,115,50,113876783
5199049,235,157,78,117125641
3711481,239,166,73,80350281
4170601,214,148,66,91550349
5492209,245,179,66,124525091
3865801,224,157,67,84097635
5353609,216,154,62,121021711
4776769,277,190,87,106548729
5627449,220,151,69,127953615
4033201,239,160,79,88182093
4895641,147,89,58,109516109
5782921,172,111,61,131905681
4484041,209,146,63,99277409
5959489,264,182,82,136408205
4609081,176,117,59,102377593
3138361,187,118,69,66588839
4170721,187,122,65,91553049
4305121,243,157,86,94858551
5199769,249,164,85,117143923
3712081,241,159,82,80364405
5493049,187,119,68,124546349
4033849,197,136,61,88198365
4777081,202,140,62,106556757
5353681,251,162,89,121023289
5070529,204,139,65,113896007
3865969,208,135,73,84101745
4484089,154,96,58,99278633
5627689,162,103,59,127959309
4171801,230,149,81,91579371
5783761,211,136,75,131926987
4609369,262,191,71,102384517
3138529,203,152,51,66592445
5959969,234,158,76,136420937
4896049,269,201,68,109526399
4034209,197,130,67,88207527
5200441,215,150,65,117160825
4305361,224,146,78,94864545
5494969,201,134,67,124595055
3712249,290,207,83,80368329
4777249,217,146,71,106561011
4484449,226,155,71,99287183
5353849,268,196,72,121027495
4173241,175,132,43,91614945
4609441,188,127,61,102386527
3866809,226,162,64,84121773
5628289,301,200,101,127974099
3138601,257,169,88,66594623
4034689,226,151,75,88218927
5784409,236,169,67,131943787
5070601,298,197,101,113897831
5960089,189,128,61,136424327
5200561,230,161,69,117163711
4778041,170,113,57,106580295
4484761,205,149,56,99295235
4173409,259,178,81,91619101
5495449,307,228,79,124606837
3712801,173,103,70,80382219
4896361,194,138,56,109533893
4306801,253,177,76,94900545
4609921,210,153,57,102398053
5354449,209,133,76,121041955
3138769,174,113,61,66598823
4034881,204,151,53,88223511
5628361,228,158,70,127976487
3866881,250,169,81,84123447
5784529,172,122,50,131946883
4174249,184,137,47,91639951
5200729,248,167,81,117168493
4485601,154,111,43,99316277
4779769,242,175,67,106623361
5960329,215,157,58,136430147
4035481,225,156,69,88238385
4611289,202,133,69,102431713
5496121,180,121,59,124624333
3713161,192,130,62,80390715
3139369,205,134,71,66612941
5071369,291,198,93,113917157
5355841,209,140,69,121077255
4306849,171,107,64,94902147
5628841,151,99,52,127988877
4176001,212,152,60,91682791
3867361,137,97,40,84135615
4896721,258,168,90,109542803
4485721,205,140,65,99319007
4779889,168,106,62,106626295
5785081,167,109,58,131960689
5200801,239,151,88,117170287
4036489,246,159,87,88262565
4611601,199,142,57,102440203
3140041,145,89,56,66628837
5960809,302,214,88,136442507
5496409,236,159,77,124631473
3713929,269,183,86,80408925
5356129,201,132,69,121084875
4176769,274,194,80,91700935
4486129,224,140,84,99329059
4037401,235,167,68,88284873
5629009,244,167,77,127992741
4779961,192,132,60,106628287
3867481,196,133,63,84138633
4306969,231,159,72,94904553
5071609,172,121,51,113923275
5200969,197,127,70,117174427
4612129,260,177,83,102453127
5786281,231,155,76,131991169
3140209,269,193,76,66632905
4897489,160,110,50,109561721
4177609,254,187,67,91721857
5496481,157,106,51,124633207
5961001,216,148,68,136447277
3714769,250,164,86,80429229
5356201,260,167,93,121086615
4037881,122,76,46,88297695
4487449,282,182,100,99361357
4780561,234,151,83,106642947
5631361,216,144,72,128052471
4612609,147,103,44,102465013
5201401,270,180,90,117184477
3867649,204,134,70,84142977
3140881,218,136,82,66648925
4178329,149,106,43,91739691
4307041,280,203,77,94906233
5786761,303,207,96,132004009
4038169,230,158,72,88304463
4487809,218,144,74,99370429
5071921,263,165,98,113930841
5496961,271,175,96,124645837
5356849,218,149,69,121103169
3716161,182,125,57,80463199
5961481,222,151,71,136460267
4780729,261,189,72,106647153
4897561,274,193,81,109563533
4612969,347,237,110,102473717
4179001,290,199,91,91756083
3141049,229,154,75,66652843
5631889,298,197,101,128066083
5201569,253,178,75,117189097
4038721,222,150,72,88317681
3867889,217,163,54,84148377
4488409,239,155,84,99385761
5787121,263,174,89,132012475
4308481,135,77,58,94941453
5497081,270,177,93,124648591
5357041,216,146,70,121108077
4781449,195,149,46,106665537
3718681,183,125,58,80524043
4179289,212,142,70,91763115
4613449,223,145,78,102485561
5962441,226,163,63,136484195
4039249,171,107,64,88330695
3141601,173,116,57,66666391
5073721,235,172,63,113976817
5201641,206,134,72,117190885
5632201,231,151,80,128074261
4488961,156,107,49,99398901
4899001,193,134,59,109599879
3868201,198,131,67,84156729
4179361,219,157,62,91764741
5787889,258,173,85,132032035
4782121,279,176,103,106682769
4613569,257,177,80,102488339
4039561,149,108,41,88338459
5497969,185,114,71,124670741
5357641,238,159,79,121122933
3718849,211,143,68,80527637
4309369,217,140,77,94963215
3141769,173,126,47,66670441
5962849,328,211,117,136494407
4489081,244,180,64,99401773
5202481,293,181,112,117212145
5633161,250,171,79,128098271
4180201,217,148,69,91785945
4039681,234,154,80,88341009
3868321,226,157,69,84159003
4782241,178,113,65,106685493
4615489,225,144,81,102536099
5073889,297,212,85,113980819
5787961,228,152,76,132034159
5358889,313,196,117,121154325
3142441,164,117,47,66686251
4899841,182,130,52,109621245
5498161,238,152,86,124675619
3720361,253,158,95,80564705
4489129,232,160,72,99403009
4309489,271,198,73,94965915
5203249,309,205,104,117231447
4180369,248,172,76,91789815
5963449,233,164,69,136510191
4040401,182,132,50,88359427
5634001,224,156,68,128120169
4615969,223,160,63,102547913
4782409,197,141,56,106689579
3868729,257,185,72,84169059
3142729,251,175,76,66693343
5359489,185,119,66,121169577
5788129,295,184,111,132038047
4491169,215,158,57,99454075
5498329,190,134,56,124680293
4180801,168,111,57,91800783
4041241,189,124,65,88379623
3720649,167,113,54,80571581
5203969,213,139,74,117249053
5074801,262,175,87,114002827
4901089,236,169,67,109651749
4616089,229,164,65,102551123
5964001,237,158,79,136523757
4309729,227,155,72,94972125
4782961,254,170,84,106703655
5634049,230,162,68,128120979
3142969,191,127,64,66698713
4491481,266,178,88,99461239
4180849,265,187,78,91801671
4041361,145,92,53,88382623
3869329,144,96,48,84183159
5360161,251,160,91,121186557
5498641,193,131,62,124688147
5788441,270,186,84,132046333
3720889,307,213,94,80577215
5205001,260,187,73,117275405
4616761,382,277,105,102568283
4783321,262,185,77,106712577
3143401,220,152,68,66708979
4181041,251,168,83,91806177
4041601,264,177,87,88388155
5634721,185,111,74,128138733
4491769,278,184,94,99467989
5964529,242,158,84,136538003
4310569,212,148,64,94992963
5076241,153,98,55,114038883
4901401,261,197,64,109660077
5360401,229,165,64,121192371
3869881,201,139,62,84196897
5498929,291,203,88,124695539
5788609,258,185,73,132050341
4616929,174,127,47,102572309
5205169,218,154,64,117279635
3721489,268,183,85,80591843
4783489,282,193,89,106716519
4181209,333,224,109,91810323
4042081,190,130,60,88400101
3143641,199,146,53,66714655
4491841,206,131,75,99469831
5635249,200,129,71,128150943
5965009,261,179,82,136549253
5360881,191,143,48,121204317
4311001,267,174,93,95003013
4617001,139,88,51,102574307
5499841,208,123,85,124718039
4042249,268,179,89,88404067
3870001,204,132,72,84199747
4181521,196,148,48,91818219
4784641,174,113,61,106745265
5205481,233,153,80,117287435
5788729,227,162,65,132053953
4901521,174,116,58,109663467
5077129,268,199,69,114061581
4492009,241,165,76,99474715
3723001,182,122,60,80629203
3144961,197,135,62,66745753
5635561,236,161,75,128159205
4042609,195,123,72,88412971
4182049,114,80,34,91831025
4617601,234,153,81,102588995
5965849,239,153,86,136572177
5361049,252,174,78,121208715
4784809,228,160,68,106749345
4492321,201,138,63,99482641
5500009,228,148,80,124722005
5205769,253,175,78,117294587
3145249,278,191,87,66752483
3870721,217,143,74,84217195
4311409,259,201,58,95013039
5790481,227,149,78,132098481
3723721,117,70,47,80646987
4043449,243,168,75,88433467
4902529,211,137,74,109687729
4182361,183,110,73,91839017
5077249,254,177,77,114064209
4617649,177,126,51,102589847
5635681,330,225,105,128162031
4492441,291,203,88,99485161
4785601,218,143,75,106769317
5361241,202,145,57,121213527
5966041,211,148,63,136576641
3145489,190,125,65,66758465
5206321,208,142,66,117308507
5500321,196,149,47,124729967
3871009,270,190,80,84224443
4043761,209,143,66,88441039
3724249,188,123,65,80658921
5791081,311,218,93,132113397
4182721,175,113,62,91847099
4312729,191,120,71,95046357
4618489,229,150,79,102610625
4492681,282,193,89,99491101
5635849,275,190,85,128166225
4785769,269,186,83,106772947
3145801,234,161,73,66766277
5362729,231,164,67,121251273
4903081,222,140,82,109701493
4044049,175,99,76,88447993
5206489,219,150,69,117312311
5967889,308,210,98,136623195
4183369,218,160,58,91863587
5077321,234,147,87,114066225
5500681,240,177,63,124739411
3871081,274,184,90,84226549
3724849,365,259,106,80673699
4619281,187,129,58,102630653
5791249,229,158,71,132118371
4493689,288,186,102,99516109
4313689,239,160,79,95069757
4786321,244,160,84,106786999
4044289,273,199,74,88453609
3146089,201,145,56,66772667
5635921,152,102,50,128168131
4184569,174,117,57,91892771
5363569,240,162,78,121272615
5206609,185,118,67,117315803
5501281,244,171,73,124755311
5969569,255,171,84,136665825
4619521,160,102,58,102635873
4494121,194,131,63,99526347
4903201,272,196,76,109705117
3725521,229,141,88,80689637
3871921,138,96,42,84246487
4044769,184,127,57,88465213
5791921,204,142,62,132135213
4787161,267,179,88,106807743
5077489,243,156,87,114070713
3146161,230,164,66,66774311
4184881,140,97,43,91901249
4314241,205,151,54,95083551
5636689,253,168,85,128187697
5364241,195,134,61,121289825
5206681,212,146,66,117317417
4620001,153,98,55,102648173
5501449,251,172,79,124759991
4494169,161,115,46,99527607
4044889,317,237,80,88468417
5970001,215,152,63,136677627
4185409,287,188,99,91913603
4787281,242,167,75,106810923
3725569,143,107,36,80691053
3146809,212,149,63,66789551
3872521,213,137,76,84261305
5792329,173,116,57,132145689
4904089,248,165,83,109727437
5636929,202,135,67,128194075
5364769,172,126,46,121303049
4620289,198,127,71,102655079
4045969,233,159,74,88495213
5206849,259,182,77,117322097
4494961,166,115,51,99547189
5078329,170,116,54,114092109
4314529,222,160,62,95090673
4186009,207,136,71,91928069
5502961,244,150,94,124797407
4787329,243,164,79,106811967
3147169,163,106,57,66798345
5970241,205,150,55,136683795
3725929,188,123,65,80699723
3872761,251,178,73,84267227
5792641,354,237,117,132152967
4046401,234,168,66,88505869
4620529,223,158,65,102661289
4495009,227,143,84,99548329
4186681,298,205,93,91945029
5365441,217,145,72,121319789
5207161,295,207,88,117329927
5639929,200,114,86,128270665
4788961,185,129,56,106852249
3147649,268,189,79,66809607
4905289,266,170,96,109756769
5503129,280,184,96,124801397
4314769,271,193,78,95096331
4047409,227,149,78,88530571
5078809,254,179,75,114103977
3726241,217,151,66,80706917
5970721,223,142,81,136696347
4620841,170,124,46,102669121
4186849,209,145,64,91948803
4495681,212,143,69,99565297
3872929,250,167,83,84271061
5793169,296,200,96,132166563
5207329,271,173,98,117333959
5366089,176,121,55,121336259
5640721,169,120,49,128290255
3148609,199,142,57,66832581
4789201,207,140,67,106858435
4047961,247,170,77,88543849
5504041,204,140,64,124824165
4187569,203,139,64,91966413
4620961,214,146,68,102672169
4495801,240,169,71,99568327
4315369,219,145,74,95111139
3726361,262,182,80,80709875
4905721,260,172,88,109767377
5971081,218,147,71,136705041
3873769,156,101,55,84291823
5794609,361,256,105,132202313
5208169,255,170,85,117355081
4048129,233,158,75,88547809
5366209,238,176,62,121339343
3148681,173,109,64,66834153
5079169,250,188,62,114113493
4789969,266,171,95,106877953
5640769,220,163,57,128291617
4187929,215,152,63,91975385
5504881,297,195,102,124845431
4495849,284,211,73,99569353
4621129,272,202,70,102676387
4048249,223,162,61,88550825
3726409,199,126,73,80710931
4315921,155,116,39,95124805
5972689,273,174,99,136745699
3149521,165,112,53,66854031
5208529,188,144,44,117363745
4790521,233,164,69,106891903
3874201,173,115,58,84302551
5794849,225,158,67,132209783
5366761,228,152,76,121352927
4189609,272,189,83,92016521
4906129,265,183,82,109777745
5640961,227,153,74,128296051
4496641,238,173,65,99589139
4622209,199,138,61,102702763
5505361,213,131,82,124857539
4048921,247,168,79,88567455
5080849,217,151,66,114154801
4316881,273,202,71,95148361
3726769,306,215,91,80719857
4191049,204,139,65,92051867
4791049,285,180,105,106905595
5209129,261,176,85,117379423
5367601,245,165,80,121374701
5973361,174,123,51,136762717
4496881,190,128,62,99595301
5795161,260,184,76,132217745
3874369,205,145,60,84306217
4623649,327,225,102,102738769
4048969,275,196,79,88568415
5642281,230,157,73,128330101
4317121,230,155,75,95154217
5505889,291,191,100,124870877
4192129,277,190,87,92078133
4906609,189,124,65,109790309
4791481,307,207,100,106915951
3727441,219,133,86,80736249
5209849,225,156,69,117397369
4497049,253,182,71,99599579
4049329,285,194,91,88577619
5081161,231,157,74,114163111
4624489,145,100,45,102759803
5367721,268,169,99,121377581
5973601,178,121,57,136768603
5795329,235,157,78,132222107
3874441,277,187,90,84308053
4317289,284,197,87,95157943
5642401,216,143,73,128332963
4192561,176,133,43,92089827
5507209,336,223,113,124904981
4906801,175,125,50,109794857
4791649,211,143,68,106920009
4497529,175,121,54,99611231
5210209,210,150,60,117406203
4625329,209,148,61,102780743
3727609,198,126,72,80740155
5082001,196,136,60,114184205
5367889,261,186,75,121381835
4317601,159,119,40,95166331
4193569,226,160,66,92113405
5796001,194,141,53,132239231
3875041,168,121,47,84323701
5974249,244,173,71,136785823
5642641,167,109,58,128339215
5507401,162,105,57,124909451
4792201,276,193,83,106933671
4906969,259,188,71,109799009
4497721,279,192,87,99615995
4626001,252,168,84,102796967
4317889,207,140,67,95173051
5211721,239,171,68,117444387
4194409,241,165,76,92134539
5082169,187,120,67,114188429
3728041,229,170,59,80750859
5367961,204,141,63,121384091
5796169,254,189,65,132242909
3875089,165,106,59,84324619
4498369,241,167,74,99632471
4792369,265,172,93,106937769
5643241,253,175,78,128355061
5974369,202,149,53,136789315
4908481,236,170,66,109836911
5508001,259,174,85,124925567
4626169,266,172,94,102801185
4317961,284,190,94,95174815
4194961,180,127,53,92148249
5212201,193,135,58,117456831
5082529,239,154,85,114197069
3729049,224,160,64,80775159
5368609,135,93,42,121399907
4498729,170,113,57,99640895
4792729,295,206,89,106946091
4908961,236,162,74,109849709
4195129,267,174,93,92152215
4318441,207,131,76,95186693
4626889,178,126,52,102818987
5796361,268,171,97,132248105
5643961,221,154,67,128372827
3875281,171,127,44,84328969
5975089,258,169,89,136807105
5508169,255,163,92,124929035
5083681,187,129,58,114226547
5212561,197,142,55,117465513
5369809,245,173,72,121429757
3729721,219,162,57,80791329
4499401,209,142,67,99657659
4195249,205,148,57,92154669
4318729,247,159,88,95193725
4793209,171,115,56,106958781
4909249,256,171,85,109856303
4627681,206,140,66,102838871
3875929,315,209,106,84344465
5796841,299,227,72,132260167
5644321,238,155,83,128381449
5508241,275,197,78,124931153
5975209,212,148,64,136810303
5084641,218,150,68,114250331
3729961,186,125,61,80797257
5212729,229,150,79,117469767
4195801,197,138,59,92168805
4318801,173,114,59,95196245
5370241,262,195,67,121440377
4794001,221,141,80,106978947
3877441,212,134,78,84381227
4628401,281,184,97,102856937
4909321,219,146,73,109858157
3730561,189,140,49,80812149
5644801,198,140,58,128393957
5797009,252,172,80,132264703
5084689,168,104,64,114251207
5508721,236,157,79,124943357
4195921,189,124,65,92171379
5213161,247,182,65,117480573
4319401,165,117,48,95210633
5975881,260,167,93,136827541
3877609,300,209,91,84385415
4794241,131,88,43,106984575
4628929,304,205,99,102870167
3730729,266,180,86,80816679
5370289,290,198,92,121441523
4909969,245,181,64,109873811
4195969,220,154,66,92172705
4320241,183,130,53,95232179
3877801,168,111,57,84390263
5084809,289,193,96,114254099
5645089,284,183,101,128401043
5797201,264,179,85,132268957
5213209,214,143,71,117482115
5509081,320,219,101,124952351
3730801,212,146,66,80818419
4629529,256,176,80,102884555
4794841,197,138,59,106999497
5976049,241,162,79,136831849
4910089,251,167,84,109877099
5370961,177,114,63,121459299
4196089,298,213,85,92175873
3878401,184,136,48,84404459
4321081,208,149,59,95252231
3732241,290,201,89,80852431
5085049,239,173,66,114260633
5645161,244,162,82,128402759
5214049,159,104,55,117502725
4629769,163,117,46,102891041
5797369,262,182,80,132273679
5509249,236,164,72,124956551
4795249,218,155,63,107009511
4196641,188,128,60,92189625
4910329,275,191,84,109883093
3878449,212,127,85,84405761
3732409,212,155,57,80857177
4321129,263,185,78,95253419
5371081,128,90,38,121462377
5976889,256,179,77,136853109
5085361,198,138,60,114268877
4630081,179,116,63,102899297
5214889,206,130,76,117524079
3879121,192,134,58,84422061
4795561,207,138,69,107017747
4196809,206,145,61,92193897
5645329,232,168,64,128406785
3732649,223,152,71,80862707
5509561,217,149,68,124964981
5797801,235,148,87,132284743
4911169,247,175,72,109904189
4322089,230,153,77,95276579
5371321,245,174,71,121467901
5976961,201,134,67,136855425
5085649,284,199,85,114275797
3732961,185,125,60,80870285
3880249,257,164,93,84450027
4197601,209,145,64,92213013
4630201,188,125,63,102901907
4796089,188,119,69,107030647
4322809,198,148,50,95294669
5215081,183,125,58,117528981
5646649,288,202,86,128441319
4911601,234,159,75,109914875
5510761,200,129,71,124995299
5798809,192,127,65,132310601
3733321,232,158,74,80879411
3880801,192,133,59,84463401
5371801,241,171,70,121480123
4197769,245,173,72,92216919
5085889,221,140,81,114281365
4630921,141,94,47,102919693
5977801,197,136,61,136876449
4323769,277,185,92,95318351
4796761,231,160,71,107047547
5215729,208,135,73,117545319
4911769,211,142,69,109919291
3733801,205,136,69,80890685
5647321,177,118,59,128458035
3881161,251,175,76,84471813
5511529,202,133,69,125014153
5799361,225,161,64,132324251
4198321,199,119,80,92230677
5372329,263,164,99,121493569
4631761,149,109,40,102940145
5086321,245,164,81,114292255
4323841,182,112,70,95320313
4796929,222,152,70,107051945
3733969,217,146,71,80894783
5977969,354,231,123,136880913
3882481,204,138,66,84503909
5215849,233,175,58,117548157
4912441,213,154,59,109935899
4199281,177,121,56,92253927
5648281,205,149,56,128482779
5511601,231,160,71,125016019
4324321,145,103,42,95332889
5799481,231,163,68,132327377
4631881,206,143,63,102943379
3734329,260,173,87,80903561
5086561,209,142,67,114298339
5372761,189,119,70,121504343
3882601,241,164,77,84506861
4797241,219,152,67,107059889
4912489,233,160,73,109937363
5215921,239,156,83,117550125
5978449,148,96,52,136892907
3735169,292,195,97,80923921
4325161,167,110,57,95352951
4633609,265,184,81,102985875
5648329,186,127,59,128484159
5512609,249,169,80,125041355
3882649,185,123,62,84508223
5087161,213,140,73,114313543
5799529,253,168,85,132328415
5372929,180,130,50,121508963
4797361,253,166,87,107062289
3735481,219,143,76,80931463
4913281,237,165,72,109957045
4325281,191,132,59,95355561
5216521,257,167,90,117565073
3882841,228,162,66,84513023
4633969,285,200,85,102995481
5978809,257,176,81,136902279
5648449,215,148,67,128486745
5513089,237,148,89,125053445
5087569,311,217,94,114323899
3735601,160,94,66,80934133
4797769,262,181,81,107072417
5799649,249,174,75,132331805
5373169,179,112,67,121514911
4326121,239,179,60,95376027
3883441,205,141,64,84527789
4913449,223,142,81,109961083
4634281,203,151,52,103003395
5216689,163,111,52,117569355
3735649,208,142,66,80935081
5088169,175,115,60,114338565
5979409,255,171,84,136917551
5649001,217,145,72,128500995
4798081,155,109,46,107080259
5513449,262,180,82,125062497
4326169,210,141,69,95377305
3883489,163,105,58,84528911
5374009,188,134,54,121535905
5800321,230,150,80,132348383
4914289,232,160,72,109981915
3736609,323,235,88,80958597
4634401,283,199,84,103006269
5217601,163,106,57,117592179
3884161,180,130,50,84545291
5088241,216,156,60,114340227
4326841,171,117,54,95394173
4798609,243,150,93,107093189
5649121,217,139,78,128503437
3736849,194,152,42,80964711
5980081,281,181,100,136934333
5513929,233,155,78,125074881
5374489,274,175,99,121547845
4635289,222,156,66,103027857
4914529,206,133,73,109987681
5800369,231,145,86,132349631
3884689,227,131,96,84557441
5218441,255,164,91,117613599
4327201,208,142,66,95403035
3737449,139,89,50,80978993
4798921,264,194,70,107101477
5089081,373,243,130,114361043
5650009,258,177,81,128526627
4635649,246,164,82,103036989
5514601,195,131,64,125092101
4914841,225,149,76,109995553
5980129,189,134,55,136935509
5374609,216,149,67,121550833
3885001,209,143,66,84565409
5800489,236,165,71,132353037
3737521,223,151,72,80981153
4327369,243,159,84,95406917
5219089,265,187,78,117629847
4799089,187,129,58,107105713
5089561,232,161,71,114373941
4636129,159,104,55,103048985
3885121,150,103,47,84568493
3738001,175,122,53,80992275
4914961,281,198,83,109998775
5652649,181,119,62,128593131
5515441,204,141,63,125113413
4328521,220,154,66,95435917
5375521,280,203,77,121574701
5980321,224,139,85,136940813
5801041,206,132,74,132367671
5219881,203,143,60,117649929
4799281,247,168,79,107110435
5089729,280,194,86,114378075
3738169,251,187,64,80996283
3885361,200,137,63,84573989
4636249,198,142,56,103052183
4328641,186,116,70,95438593
4915369,260,177,83,110009041
5653201,217,147,70,128607597
5515729,316,215,101,125120775
5376529,301,204,97,121599601
3738289,207,148,59,80999235
3885841,222,163,59,84585935
5801401,211,140,71,132376587
5980921,279,195,84,136956485
5220049,274,187,87,117653937
4636921,184,128,56,103068117
5089849,267,182,85,114381075
4329649,177,131,46,95463175
4916809,307,220,87,110045281
3738529,214,149,65,81005781
3885961,211,141,70,84588821
5654161,219,156,63,128632353
5515801,223,148,75,125122311
5377369,416,279,137,121620673
4637929,242,158,84,103093605
5090401,263,181,82,114394263
5220601,231,157,74,117668319
4330201,269,182,87,95476867
5801881,225,164,61,132388761
5981641,255,158,97,136974833
3739009,200,135,65,81016845
3886801,212,149,63,84609265
4917049,224,158,66,110051071
5654569,279,200,79,128642055
4638001,224,153,71,103095315
5378521,209,138,71,121650251
4330321,294,203,91,95479435
5516281,115,79,36,125134843
3739129,194,117,77,81019437
5091241,140,89,51,114416949
5220889,263,179,84,117675063
3887641,213,148,65,84629527
5802169,234,166,68,132396021
5982601,225,149,76,136999499
4917361,167,107,60,110059903
3740689,237,157,80,81057643
4639321,231,157,74,103128077
4330489,215,155,60,95483773
5654881,159,113,46,128650857
3887881,184,118,66,84635653
5378689,177,126,51,121654385
5091529,246,167,79,114423759
5516809,197,134,63,125147773
5220961,242,161,81,117676905
3740809,278,181,97,81060235
5802409,342,241,101,132401625
4917481,269,171,98,110062273
4331161,203,144,59,95500693
4639489,319,231,88,103131821
5982841,281,183,98,137005295
3888721,223,139,84,84655931
5655049,160,102,58,128654633
5091769,287,199,88,114429909
3742201,135,87,48,81094603
5380369,250,181,69,121697101
5517409,319,217,102,125162881
5221129,239,156,83,117681039
4332001,249,176,73,95520973
4917721,258,177,81,110067721
3888889,179,117,62,84659713
5803249,297,200,97,132423429
4639849,235,166,69,103140811
3742369,212,151,61,81098287
5983009,313,222,91,137010381
5092369,372,254,118,114444429
5655241,178,122,56,128659343
5380729,247,157,90,121705849
5221729,266,183,83,117695901
4332241,206,145,61,95526769
3889201,264,182,82,84667729
5517649,241,155,86,125169253
4919209,182,126,56,110105179
4640329,188,132,56,103152919
3742561,178,133,45,81102871
5803729,237,166,71,132435561
5092441,229,152,77,114446103
3889489,224,145,79,84674893
4332409,267,175,92,95530843
5983441,184,113,71,137020917
3742729,196,136,60,81106951
5655409,217,145,72,128663285
5381041,202,127,75,121713949
5221969,207,142,65,117701817
4641001,200,131,69,103170553
4919569,264,185,79,110114513
5519641,264,181,83,125219327
5803849,205,142,63,132438873
3889729,284,186,98,84680431
4332721,212,150,62,95539009
3743041,139,92,47,81114685
5092921,259,174,85,114458427
4641361,245,167,78,103178911
5983489,229,163,66,137022309
5655721,227,155,72,128671295
5222401,266,174,92,117712821
5381329,286,195,91,121721011
4920241,299,203,96,110130653
5520001,238,150,88,125228777
3890329,187,122,65,84695173
3744001,211,148,63,81137743
4333009,265,187,78,95546113
5804521,300,208,92,132455523
5093089,192,128,64,114462339
4641841,228,156,72,103191163
3744049,199,141,58,81138751
3891049,239,165,74,84712879
5222641,238,182,56,117718941
4920841,223,151,72,110146287
5656921,184,135,49,128701721
5381881,233,157,76,121734673
5983849,254,181,73,137030811
4333081,159,101,58,95547655
5520169,224,154,70,125233523
4642009,223,159,64,103195189
5093929,212,140,72,114483177
3744409,187,113,74,81147775
5805529,272,191,81,132481353
3891241,172,110,62,84717067
4921009,192,131,61,110150475
4334089,249,176,73,95572455
5223121,191,140,51,117731181
5657761,185,124,61,128722781
5382001,182,117,65,121737889
3745249,249,145,104,81168139
5984521,296,198,98,137048049
5520649,218,149,69,125245115
3891721,217,151,66,84728977
4642969,233,163,70,103218355
5094121,325,235,90,114488235
4334401,196,138,58,95580453
5806081,243,170,73,132495573
4921849,157,108,49,110171841
5223409,181,125,56,117738225
3746089,219,148,71,81188803
5382049,263,171,92,121738891
3891841,305,197,108,84731737
5658769,256,158,98,128748203
4643641,250,176,74,103235125
5520769,208,136,72,125248265
5985169,211,140,71,137064477
5094601,235,152,83,114500203
4334569,294,197,97,95584041
3746521,168,113,55,81199009
4921921,196,137,59,110173251
3892249,286,201,85,84741529
5806369,231,149,82,132502861
5223649,250,175,75,117744627
4643689,228,156,72,103236589
5382241,183,133,50,121743703
5659201,256,176,80,128759489
3746689,164,106,58,81203047
4337209,328,236,92,95649617
5094961,199,138,61,114509755
5521489,247,166,81,125266709
3892849,155,106,49,84756031
5985289,338,246,92,137067789
4922089,289,191,98,110177345
5223961,262,176,86,117752325
3746929,252,170,82,81208819
4644361,213,151,62,103253605
5806441,183,130,53,132504757
4337449,229,152,77,95655191
5382721,220,155,65,121756393
5659441,322,231,91,128765465
3892921,290,208,82,84757429
5095729,224,148,76,114528421
5522281,223,157,66,125286335
4923601,224,147,77,110214969
3747241,185,123,62,81216625
5985841,226,150,76,137082107
4644481,191,126,65,103256341
4337881,189,125,64,95665817
5224969,212,140,72,117777111
3893089,214,152,62,84762571
5807209,191,133,58,132524575
5382841,199,149,50,121759495
5096281,191,130,61,114542419
5659609,286,203,83,128769911
3748441,161,115,46,81245059
4923769,297,191,106,110219073
5523361,290,205,85,125314049
4645489,226,154,72,103281195
4338121,328,239,89,95671793
3894409,190,127,63,84794347
5226841,271,182,89,117825027
5986009,194,139,55,137086835
3749281,295,186,109,81265639
5807929,200,129,71,132542751
5096569,185,129,56,114549937
5382889,249,168,81,121760587
5659921,180,139,41,128777901
4338721,221,149,72,95686769
3894529,178,117,61,84797341
4645561,230,158,72,103283505
4924609,276,176,100,110240121
5524369,226,159,67,125339027
3749761,156,117,39,81277957
5227009,244,158,86,117829401
5988361,203,147,56,137146073
5096809,211,153,58,114555721
5808601,258,176,82,132559697
3895921,276,184,92,84831883
4338769,291,212,79,95687939
5383681,187,123,64,121780375
3749881,171,109,62,81280435
4646209,214,150,64,103299375
5660209,208,132,76,128785083
4925209,220,157,63,110255395
5524681,247,164,83,125347033
5227441,229,169,60,117839939
3896041,283,203,80,84834247
4339129,192,131,61,95696585
5097241,266,188,78,114566185
4646329,263,191,72,103302459
5989561,262,192,70,137177313
5809129,272,188,84,132573227
5385361,168,116,52,121822663
4925281,168,113,55,110257447
5660449,264,190,74,128790693
3896089,272,171,101,84835291
5525041,236,152,84,125356315
5227681,275,183,92,117846185
4339561,200,140,60,95707095
4646401,267,187,80,103304049
5097289,221,152,69,114567661
5385409,275,170,105,121823935
4925761,142,92,50,110269045
5809729,221,150,71,132588543
5990401,188,121,67,137198877
3896449,207,147,60,84844219
5660761,225,155,70,128798997
4339609,181,132,49,95708595
5228161,113,75,38,117858731
5525809,216,142,74,125375725
4647889,158,107,51,103340967
5097409,234,161,73,114570901
3896929,152,103,49,84855647
4925881,228,155,73,110271775
5385769,178,116,62,121833107
4340449,182,124,58,95729457
5810401,181,123,58,132605703
5991169,234,171,63,137218161
5660929,266,172,94,128803041
4648009,235,164,71,103343409
5228329,340,228,112,117862667
3897121,253,176,77,84860441
5526481,147,93,54,125393167
5098081,252,167,85,114588055
4340641,333,241,92,95733549
4926049,268,181,87,110276287
5386081,284,191,93,121840955
5811121,289,205,84,132624213
5661121,216,145,71,128807865
4648561,187,131,56,103357605
3897721,170,109,61,84875235
5991241,202,132,70,137219523
5228449,331,255,76,117865619
5098129,188,122,66,114588991
4342081,183,136,47,95768655
5526529,297,198,99,125394187
4927801,273,190,83,110320309
3897889,245,163,82,84879225
4648681,312,226,86,103361091
5386921,254,170,84,121862321
5661961,303,210,93,128829759
5811241,381,270,111,132626769
5230129,347,242,105,117907559
4342321,179,112,67,95775609
5991721,252,170,82,137232099
5098969,222,141,81,114610223
5528041,220,147,73,125432497
4928281,212,156,56,110332207
3898561,310,227,83,84895827
4648849,247,174,73,103365393
5388121,240,185,55,121892423
4342969,238,151,87,95791641
5230969,268,177,91,117928985
5662561,266,170,96,128845197
5811649,243,171,72,132637485
5099089,264,182,82,114612581
3899569,260,184,76,84920015
5991841,215,152,63,137235795
4930129,219,140,79,110378101
5528161,148,97,51,125435299
4649401,190,129,61,103379101
4343329,175,119,56,95800201
5388289,255,172,83,121896713
3899809,189,130,59,84926171
5231041,248,172,76,117930677
5099329,196,124,72,114619271
5662609,229,152,77,128846469
5811961,152,103,49,132646011
4930489,193,132,61,110387443
4649521,287,183,104,103381675
5993089,192,131,61,137267005
4343641,184,116,68,95808115
5528401,221,156,65,125441347
5388769,206,139,67,121908407
5231521,183,127,56,117943361
5662729,296,215,81,128848923
4649929,255,180,75,103391521
4344169,266,185,81,95821003
5812129,198,132,66,132650097
4931761,198,136,62,110419099
5993521,199,147,52,137278291
5529001,170,118,52,125456623
5231881,246,174,72,117951869
5388961,279,205,74,121913387
4344601,209,138,71,95831941
5663569,286,199,87,128870271
4932769,229,152,77,110444041
5812801,228,147,81,132666837
5993761,250,168,82,137283805
5529841,185,117,68,125478401
4344649,185,124,61,95833075
5233321,179,127,52,117987971
5389441,206,136,70,121926131
4933849,296,197,99,110471353
5665081,302,204,98,128908673
5813761,260,188,72,132691089
4344841,212,146,66,95837863
5994361,217,156,61,137300353
5234401,323,227,96,118015193
5529889,233,160,73,125479265
5390449,127,84,43,121951493
4934161,179,119,60,110479639
5665969,187,133,54,128931761
4345609,193,129,64,95856267
5814001,229,157,72,132697563
5234569,344,240,104,118019375
5994529,322,216,106,137304217
5530849,220,133,87,125503661
5391961,173,128,45,121989459
4934521,242,164,78,110488609
4345849,230,154,76,95862705
5666641,271,187,84,128948507
5814481,182,132,50,132709565
5235721,233,141,92,118048915
5995081,201,136,65,137318869
4346161,199,139,60,95870397
5392081,213,141,72,121992117
5531089,250,179,71,125510009
4934689,221,143,78,110492563
5667601,207,140,67,128972927
5814769,221,145,76,132716681
5237569,203,140,63,118095617
4346281,241,169,72,95873103
5392129,242,150,92,121993263
5995609,179,116,63,137331715
4935121,154,100,54,110504275
5531521,224,161,63,125521039
5667769,317,208,109,128977673
4346521,157,111,46,95878947
5237689,301,208,93,118098191
5814841,279,197,82,132718319
5392249,237,165,72,121997113
4935361,157,116,41,110509939
5996041,248,174,74,137342917
5532409,255,174,81,125543011
4347001,189,137,52,95891421
5667841,278,183,95,128979155
5237761,188,134,54,118100375
5815009,260,168,92,132723047
5392489,211,154,57,122003171
4935529,195,132,63,110513791
4347169,290,207,83,95895129
5997721,183,120,63,137385919
5533441,186,116,70,125568997
5668489,256,175,81,128995355
5237929,157,96,61,118104281
4347841,159,104,55,95911827
5815489,155,106,49,132735581
4936201,220,143,77,110530443
5393329,296,214,82,122023667
5997961,243,176,67,137391847
5534209,259,180,79,125589001
5239081,145,106,39,118134137
5668609,203,146,57,128998283
4348369,192,113,79,95925147
4937041,296,201,95,110551461
5393761,162,111,51,122034995
5816521,232,140,92,132761375
4348681,213,141,72,95932695
5998609,240,170,70,137408497
5239369,243,154,89,118140551
5534281,231,164,67,125591275
5668681,262,184,78,129000533
4937641,212,144,68,110566085
5393809,253,172,81,122036171
5816689,343,239,104,132765539
4349881,290,187,103,95962221
5240089,240,157,83,118159121
5999449,167,118,49,137429773
5534761,191,129,62,125603059
5670529,305,212,93,129046743
4938049,229,145,84,110576453
5394769,310,207,103,122060183
5817001,178,112,66,132773795
5240761,189,128,61,118175927
5670961,255,166,89,129057693
5999569,284,188,96,137433139
5534929,171,104,67,125607319
4938361,322,240,82,110584703
5396689,183,124,59,122108507
5818129,216,145,71,132802319
5240881,186,143,43,118178681
4938529,260,186,74,110588489
5535121,236,167,69,125611501
5671681,207,133,74,129076581
5397001,209,144,65,122117045
5819689,314,212,102,132841355
5240929,190,140,50,118179509
4939369,235,158,77,110609719
5535769,256,181,75,125628301
5671801,220,136,84,129079669
5397529,207,137,70,122130431
5241289,143,102,41,118189097
5819881,246,161,85,132846821
4939729,261,194,67,110618971
5537401,194,140,54,125669665
5671969,203,139,64,129083545
5397841,201,135,66,122138327
5241601,196,131,65,118196513
4940161,267,185,82,110629129
5820049,218,138,80,132851465
5538241,164,103,61,125690627
5672809,330,233,97,129105283
5397961,229,152,77,122141195
4941241,316,211,105,110656555
5241889,200,140,60,118204301
5820361,237,157,80,132860279
5538289,242,163,79,125691971
5398369,241,167,74,122151209
5673361,204,126,78,129119323
4942921,227,148,79,110698131
5241961,288,195,93,118206113
5820481,270,191,79,132862805
5539081,250,157,93,125712311
5398849,210,137,73,122164085
5673649,237,174,63,129126277
4944361,221,141,80,110734397
5242561,201,128,73,118221055
5821729,279,197,82,132894297
5539129,209,138,71,125713337
5398969,159,105,54,122166945
4944409,267,179,88,110735345
5674489,279,198,81,129147795
5242609,219,142,77,118222033
5823001,290,179,111,132926061
4945081,226,157,69,110752991
5399041,249,169,80,122168979
5539249,252,180,72,125716361
5675401,191,140,51,129171237
5242729,320,217,103,118224835
4945609,273,193,80,110765657
5823409,161,114,47,132937215
5399881,224,154,70,122189439
5539801,215,144,71,125730653
5242801,213,134,79,118226641
5675881,242,164,78,129183633
4946041,233,169,64,110776569
5539921,226,152,74,125733323
5823889,257,184,73,132949143
5242969,199,133,66,118231117
5676001,182,123,59,129186615
4946089,165,119,46,110777667
5540641,243,160,83,125751479
5243281,225,163,62,118238641
5824921,308,210,98,132975099
5676841,201,122,79,129208397
4946209,207,144,63,110780749
5541841,297,206,91,125781157
5243569,182,130,52,118246225
5825569,200,131,69,132992421
5676889,218,149,69,129209651
4946761,159,101,58,110794555
5245321,239,160,79,118289955
5542321,197,126,71,125793949
5828209,297,198,99,133059351
4947121,186,120,66,110803279
5677081,287,205,82,129213983
5245489,294,207,87,118294587
5543449,240,153,87,125822707
4947601,196,129,67,110815543
5828281,289,199,90,133061493
5677249,314,219,95,129218135
5245921,232,163,69,118305507
5544001,165,106,59,125837311
4948441,205,129,76,110837191
5828761,146,104,42,133073979
5677729,198,127,71,129230945
5245969,245,172,73,118307001
4948729,242,164,78,110844253
5544361,182,129,53,125845993
5829049,250,170,80,133080873
5678521,287,207,80,129250545
5246089,237,155,82,118309839
4948969,181,132,49,110850079
5544529,211,140,71,125850445
5829121,196,140,56,133082997
5679601,227,166,61,129277669
5246809,320,223,97,118327587
4949449,285,202,83,110861755
5545681,266,186,80,125879617
5829601,222,152,70,133094859
5679769,248,166,82,129281653
4949641,189,142,47,110866495
5247001,224,144,80,118333125
5545801,212,153,59,125882683
5680249,213,146,67,129293983
5829721,256,160,96,133098027
5249161,238,161,77,118386533
5545849,201,128,73,125883685
5680369,276,193,83,129296971
5829961,158,120,38,133104285
5546209,207,152,55,125892319
5680921,201,126,75,129311039
5830129,369,268,101,133108347
5548321,131,88,43,125946847
5681089,345,242,103,129315863
5830801,237,157,80,133125471
5548369,248,176,72,125947765
5681449,281,202,79,129324695
5831281,182,130,52,133138497
5549209,259,179,80,125969065
5681761,210,145,65,129333095
5831401,175,117,58,133140831
5549569,225,150,75,125978197
5682049,224,162,62,129340547
5832121,201,139,62,133158905
5682961,219,151,68,129363575
5832289,196,134,62,133163279
5683129,151,102,49,129367913
5834089,253,182,71,133209407
5683609,209,149,60,129379929
5834329,338,230,108,133215143
5683801,279,199,80,129384465
5834809,241,169,72,133227775
5684449,229,161,68,129401115
5835001,208,148,60,133232467
5684641,239,165,74,129406377
5835601,246,165,81,133247497
5685241,145,95,50,129421667
5835769,257,177,80,133251505
5685481,224,145,79,129427601
5836009,197,143,54,133258201
5685649,285,196,89,129431387
5837281,209,140,69,133290203
5685961,229,149,80,129439661
5837521,286,192,94,133296677
5686921,247,171,76,129463667
5839681,202,139,63,133352607
5687089,238,168,70,129468005
5840041,250,166,84,133361097
5687761,202,140,62,129485159
5840521,248,186,62,133373217
5690689,211,132,79,129560357
5840881,190,123,67,133382217
5691001,245,149,96,129567815
5841481,235,136,99,133397399
5691121,335,237,98,129570563
5842201,170,118,52,133416683
5691529,272,190,82,129580733
5843041,151,117,34,133438043
5692009,277,198,79,129593151
5843161,210,147,63,133440995
5692129,231,164,67,129596013
5843329,286,196,90,133444877
5692801,262,161,101,129613215
5843401,212,143,69,133446911
5693209,194,136,58,129623737
5843881,199,145,54,133459307
5693641,206,141,65,129634441
5844049,277,192,85,133463027
5693881,210,147,63,129640645
5844169,264,190,74,133466261
5694649,236,164,72,129660163
5844721,178,122,56,133480595
5695321,268,183,85,129677383
5696161,239,161,78,129698563
5845009,121,83,38,133488233
5696329,332,229,103,129702625
5845681,215,138,77,133504491
5696569,312,212,100,129709123
5846089,266,186,80,133514523
5697049,263,192,71,129721207
5846689,250,164,86,133530381
5697841,271,192,79,129741853
5847529,247,181,66,133551571
5698249,252,181,71,129751669
5847769,222,147,75,133558399
5698921,270,192,78,129768713
5848369,244,178,66,133572991
5699761,242,160,82,129790325
5848441,182,117,65,133575029
5849089,176,110,66,133591127
6202561,201,127,74,142631875
6400489,260,172,88,147718521
6600001,180,125,55,152864063
6800089,335,233,102,158040851
7600849,242,147,95,178922845
7800409,272,181,91,184165015
6000121,195,134,61,137447009
8400529,242,173,69,200015779
8600041,264,163,101,205313049
7000009,296,201,95,163230369
7200481,223,159,64,168451041
7401769,222,152,70,173708297
8000689,276,201,75,189441259
8200441,300,208,92,194716847
6202681,177,111,66,142634977
6400921,277,185,92,147729793
8800009,193,141,52,210636063
6600169,186,115,71,152867927
6800161,189,129,60,158042681
9200881,313,214,99,221345351
9000049,248,167,81,215973919
9400969,341,255,86,226709219
9600889,293,190,103,232082237
7601521,212,144,68,178940767
9800281,215,144,71,237451673
7800769,261,172,89,184174897
8400841,271,186,85,200024587
6000481,205,130,75,137456123
8600089,254,172,82,205314327
6203089,302,198,104,142644625
6401761,276,193,83,147751281
6600721,236,163,73,152882255
6800329,312,207,105,158046767
7000249,283,191,92,163236717
7200769,308,206,102,168458121
7402201,262,162,100,173719631
7601689,305,213,92,178944817
7801081,248,173,75,184183345
8001289,176,123,53,189457099
8200921,195,131,64,194729867
6204409,266,175,91,142678687
6401929,274,181,93,147755529
8401201,251,179,72,200034385
6000961,208,147,61,137468873
6601081,212,134,78,152891285
8800201,292,186,106,210640911
8600881,216,143,73,205336047
6800641,156,115,41,158055599
9000289,200,136,64,215979937
9201481,202,136,66,221361329
9401569,272,185,87,226725143
9601201,231,160,71,232090725
9800641,269,193,76,237460819
7602841,233,153,80,178975249
6204769,252,170,82,142688653
7000849,257,180,77,163252773
7801921,263,180,83,184205233
6402001,288,207,81,147757617
7203289,246,157,89,168523839
6601561,212,138,74,152904539
7402441,300,204,96,173725475
6800809,233,167,66,158059455
8401681,232,156,76,200046817
6001249,291,204,87,137475635
8601121,222,138,84,205342227
8001841,208,144,64,189471771
6205369,216,137,79,142703647
8201449,233,145,88,194743733
6402169,258,167,91,147761775
7603201,246,159,87,178983811
7802281,220,152,68,184214419
6601849,249,174,75,152911661
8800801,206,136,70,210657123
6800929,337,244,93,158062635
9000601,206,140,66,215988301
7001089,254,177,77,163259019
9202489,279,183,96,221388579
7203961,242,165,77,168541583
8401801,250,183,67,200050423
9401809,301,189,112,226732295
6206089,289,189,100,142722197
6001921,158,120,38,137492963
9601561,231,151,80,232099923
8601289,307,233,74,205346391
7402921,290,185,105,173738267
6402841,238,168,70,147779151
9802249,352,228,124,237503929
6601921,198,134,64,152913461
7603969,209,147,62,179004715
7802929,242,172,70,184231597
6801001,219,152,67,158064531
8002009,200,138,62,189476001
6206449,319,230,89,142731239
8201881,280,201,79,194755109
6403321,147,99,48,147792045
8402041,235,156,79,200056351
7001689,259,192,67,163274429
6002089,274,193,81,137496755
6602689,264,171,93,152933495
8601961,363,238,125,205363923
8801209,299,206,93,210668541
7204009,275,199,76,168542951
7604521,175,122,53,179019097
6802321,214,150,64,158098567
9000721,208,145,63,215991385
7803721,250,168,82,184252787
6206929,166,109,57,142743869
7403089,299,213,86,173742431
9202561,173,116,57,221390529
9402121,205,132,73,226741223
6403489,210,143,67,147795975
9603241,361,252,109,232144851
6603529,239,154,85,152955633
8002201,226,158,68,189480591
8403481,219,140,79,200094391
9802921,416,284,132,237522481
6002641,209,139,70,137511197
6802441,261,169,92,158102365
7604689,271,190,81,179023459
6208441,252,171,81,142782707
8602729,283,185,98,205384119
8201929,275,181,94,194756369
7002409,270,209,61,163292527
7804441,257,180,77,184271951
6403681,178,131,47,147800703
7204201,171,116,55,168547421
6604249,218,137,81,152973579
8801521,240,148,92,210676929
7403281,210,146,64,173747339
6208561,274,195,79,142785623
6802681,268,180,88,158108473
8403721,281,195,86,200100221
9000961,267,187,80,215997949
7605721,250,170,80,179050459
9203041,230,155,75,221403507
6003001,253,183,70,137520629
6404161,216,137,79,147812793
8604241,298,202,96,205424771
7804561,294,205,89,184274891
9403129,310,214,96,226767437
8003041,264,186,78,189502911
6604369,288,187,101,152976603
7002529,232,152,80,163296013
9603409,257,181,76,232149465
6209449,190,130,60,142808313
8203729,299,196,103,194803977
6803161,237,163,74,158121199
7204801,264,193,71,168563483
9803329,283,187,96,237533143
6404449,304,212,92,147820401
8404489,242,174,68,200120951
7606321,298,209,89,179066443
7404289,231,148,83,173773843
6003649,297,197,100,137536793
7804609,226,165,61,184276121
6605041,177,108,69,152994239
8604481,285,200,85,205431077
8803369,140,94,46,210725173
6209569,244,170,74,142810953
9001561,342,247,95,216014521
6404521,268,184,84,147822057
7003081,196,134,62,163310467
9203209,328,233,95,221407653
8003521,250,173,77,189515163
9603889,215,155,60,232162533
6803521,224,166,58,158130319
6605089,246,177,69,152995427
9403921,223,160,63,226789247
7204849,255,177,78,168564739
6210241,241,170,71,142828415
7805401,304,210,94,184296239
8204281,306,200,106,194818695
8405209,345,232,113,200140643
7606561,211,156,55,179072767
6003769,286,192,94,137540375
7404769,254,171,83,173786665
6404689,225,139,86,147828015
8604649,250,162,88,205435235
9803929,244,177,67,237548939
9001969,284,186,98,216024497
6605281,172,109,63,153000689
6804121,222,151,71,158145743
6210289,259,177,82,142829981
8804161,210,144,66,210746605
7004281,214,142,72,163341535
7805449,184,121,63,184297625
7607161,225,163,62,179088387
6405169,261,179,82,147839757
8405329,159,112,47,200143817
8003641,278,187,91,189518451
6004321,236,157,79,137553851
7205041,275,187,88,168569059
9604081,229,160,69,232167687
9203569,220,160,60,221418171
6606121,292,194,98,153021599
6210409,288,214,74,142832663
6804289,322,228,94,158150999
8204569,325,244,81,194826099
7404961,215,148,67,173791477
9404641,226,152,74,226808447
9002449,202,142,60,216037895
6406369,281,192,89,147870225
7806241,258,169,89,184318829
7607209,247,161,86,179089455
8604961,218,143,75,205444199
7005121,249,175,74,163363741
8406001,263,198,65,200160761
6210481,299,205,94,142834259
6006361,263,169,94,137606247
6607729,301,207,94,153064205
6804361,157,109,48,158153063
9804481,205,131,74,237563771
8804209,352,247,105,210747559
7205521,226,146,80,168582349
8004649,218,148,70,189545441
6406681,220,158,62,147878303
7607881,345,234,111,179107131
7806289,344,237,107,184320179
9002569,267,189,78,216040793
6211321,270,195,75,142856327
7405129,354,260,94,173795785
6608281,149,109,40,153078245
8204809,312,208,104,194832513
9604681,287,200,87,232183257
6805369,271,189,82,158178285
8406049,214,157,57,200161901
9204409,384,260,124,221439813
6006961,171,114,57,137621993
7006561,216,150,66,163400719
9404761,270,191,79,226811777
6406849,223,150,73,147882449
8605801,246,165,81,205467213
6211489,234,162,72,142860281
7608049,299,205,94,179111151
6608809,209,138,71,153091997
7807321,294,195,99,184346917
7205641,190,136,54,168585217
6805681,252,173,79,158186163
9002641,371,267,104,216042701
8804329,282,198,84,210750715
8004889,328,232,96,189552167
9805489,231,156,75,237591467
8406841,181,116,65,200183297
6407209,246,161,85,147891887
7405729,247,182,65,173811697
6007369,306,226,80,137632253
6212161,214,134,80,142877891
8205121,164,112,52,194841147
7006729,231,167,64,163404625
6609409,238,164,74,153107483
7608169,312,209,103,179114811
6806521,291,185,106,158208329
7807489,287,186,101,184351561
9604729,266,164,102,232184877
9205249,205,141,64,221462291
6407809,222,154,68,147907049
9003409,297,214,83,216063245
6212761,182,124,58,142893743
9405481,289,202,87,226831823
7206649,236,156,80,168612541
8606329,258,175,83,205480857
8407249,314,222,92,200194655
6609649,309,208,101,153113291
6008521,201,136,65,137661653
8005729,328,226,102,189573437
6807649,221,155,66,158236853
7608241,221,152,69,179116665
7406569,259,178,81,173833861
8804569,299,200,99,210757537
7808161,186,125,61,184368961
6407881,229,164,65,147908771
7006969,292,202,90,163410919
6212809,222,157,65,142895093
9806281,184,135,49,237614057
8205409,214,148,66,194849295
6610249,210,145,65,153128819
9004249,295,204,91,216085649
8407849,360,246,114,200209847
6810169,235,158,77,158302061
7207561,200,135,65,168635611
6008881,237,167,70,137670833
6408481,212,150,62,147925579
7608409,232,161,71,179120937
6213601,242,165,77,142914737
9206521,201,133,68,221496959
7808329,167,104,63,184373239
9604849,227,139,88,232188021
8606929,214,154,60,205496439
9405601,365,246,119,226834601
6610321,201,130,71,153130793
7407241,326,203,123,173851735
8006209,222,149,73,189587285
7007401,222,161,61,163423033
6810409,190,130,60,158308535
6409201,271,183,88,147943309
8408401,216,151,65,200225243
8805169,229,156,73,210773737
9004921,189,132,57,216103841
6213769,279,184,95,142918883
7608841,246,161,85,179132019
6009361,246,166,80,137683049
7809601,312,219,93,184407111
8206129,246,166,80,194868033
6610489,247,167,80,153134603
9806689,290,206,84,237624359
7207729,231,156,75,168639625
6810841,285,194,91,158320049
6409321,173,127,46,147946807
6214321,224,146,78,142933415
8408689,205,129,76,200232377
7407649,242,168,74,173862277
9206569,205,144,61,221498237
7608889,301,216,85,179133585
8607481,211,137,74,205511649
7007449,216,138,78,163424275
9004969,261,173,88,216105101
8006329,204,142,62,189590471
9606529,175,126,49,232233399
6610801,197,149,48,153142727
7810321,191,147,44,184426257
6009481,171,112,59,137685947
9405841,192,119,73,226840775
6409369,238,174,64,147947881
6811249,220,151,69,158330243
6214441,186,126,60,142936043
8806081,240,154,86,210798091
7208161,176,123,53,168651091
8206969,230,157,73,194890353
7609681,235,146,89,179154435
6611329,280,187,93,153157361
8408929,220,156,64,200238629
7810609,261,180,81,184433655
9005089,243,160,83,216108635
6410161,225,161,64,147967885
6215281,231,149,82,142958285
6811681,272,195,77,158342009
9807001,242,149,93,237633629
7007569,284,197,87,163427131
7408129,193,135,58,173874769
6010201,217,150,67,137705123
8006569,281,183,98,189596387
8607601,236,162,74,205514631
6612169,240,151,89,153178457
9206761,255,168,87,221503547
7610521,320,208,112,179176191
6215449,278,188,90,142962095
9607201,268,186,82,232251939
6410401,276,184,92,147974179
8409409,323,214,109,200251097
6811729,240,156,84,158343527
7810681,323,218,105,184435383
7208209,258,181,77,168652261
9406849,191,138,53,226867541
8807401,313,218,95,210833299
9005329,210,136,74,216114773
8207161,212,161,51,194895135
6010489,237,157,80,137712167
6612481,254,172,82,153186323
7007809,178,116,62,163433311
6216841,226,158,68,142997679
7408321,349,247,102,173879737
6411049,250,165,85,147990741
7610689,174,115,59,179180619
6811921,160,113,47,158348285
8409529,281,211,70,200255051
7811281,212,137,75,184451499
8007001,302,214,88,189607517
9808681,191,142,49,237678383
8607769,288,194,94,205518975
6612601,279,200,79,153189571
9006169,267,191,76,216137493
6216961,183,125,58,143001015
7208569,234,158,76,168662185
6411241,223,155,68,147995787
9207409,181,126,55,221520233
6010729,229,159,70,137718137
7610929,344,234,110,179186907
6812401,252,165,87,158360861
9607249,329,217,112,232253199
8208001,266,186,80,194917221
8807521,242,183,59,210835861
9407329,278,197,81,226880297
7008121,224,158,66,163441705
7811521,209,138,71,184457391
8409601,207,152,55,200256665
7411321,179,117,62,173958393
6614449,260,158,102,153237319
6217681,210,151,59,143020017
6412249,307,202,105,148021923
9006601,311,209,102,216148845
6813361,229,152,77,158385119
8008009,216,142,74,189634483
6011209,261,177,84,137730419
7612201,173,112,61,179220249
7208881,229,157,72,168670267
8608009,283,203,80,205525317
6218689,208,139,69,143045103
6615289,306,219,87,153258485
7812001,225,151,74,184469907
6413401,199,144,55,148051149
9808849,309,218,91,237682841
8410081,269,174,95,200269229
7009801,257,167,90,163484849
9207769,328,232,96,221529677
6813409,168,116,52,158386373
8208601,251,169,82,194932989
7412161,180,128,52,173980065
8808361,262,184,78,210859381
7612441,229,156,73,179226627
9607441,331,230,101,232258335
9006649,230,153,77,216150015
6218881,249,196,53,143049939
9407521,344,236,108,226885811
6011329,197,133,64,137733473
6615361,221,153,68,153260345
6413569,335,214,121,148056075
7812121,252,183,69,184472499
8008081,313,203,110,189636385
7209841,158,109,49,168694731
8410201,279,193,86,200272373
6813529,277,182,95,158389433
6219049,248,163,85,143054901
7009921,264,194,70,163488419
7613209,277,191,86,179246891
8608321,341,240,101,205533849
6615529,265,185,80,153264797
6414361,300,198,102,148075623
9006769,292,205,87,216153039
6013081,347,235,112,137778117
7413001,288,198,90,174002487
7812169,293,202,91,184473819
9808969,237,177,60,237685889
8208649,205,143,62,194934333
9208081,237,147,90,221538593
6814609,324,228,96,158417231
6220321,212,135,77,143087105
8410921,232,158,74,200292293
8810041,289,209,80,210903039
6616681,216,149,67,153294585
6414601,221,155,66,148082319
9607921,308,204,104,232271019
7614121,238,174,64,179270735
7209889,224,150,74,168695877
9407689,241,167,74,226889909
8008249,257,169,88,189640867
7009969,255,185,70,163489715
7812289,195,138,57,184477497
9007441,165,102,63,216171267
6815041,171,108,63,158428799
6013561,153,97,56,137790693
6220369,229,160,69,143088803
6617521,198,130,68,153316789
8608489,287,207,80,205537833
6415081,278,214,64,148094235
7414129,271,183,88,174031033
8411089,163,109,54,200296007
7614601,249,159,90,179283647
8209009,303,182,121,194943351
6220729,288,201,87,143097905
6816049,236,147,89,158455111
9208201,208,143,65,221542085
7812361,265,185,80,184479315
9809809,252,177,75,237708729
7210249,296,201,95,168705351
8810089,242,162,80,210904221
6415249,297,194,103,148098879
6618529,198,133,65,153342559
9007849,315,211,104,216181587
6013729,227,146,81,137794929
8009569,254,157,97,189675207
7010089,234,157,77,163492475
9608761,279,191,88,232293609
8411761,243,171,72,200313605
9408169,209,137,72,226903037
7615441,215,147,68,179305997
6221041,211,146,65,143106211
6816721,285,187,98,158471569
7414201,288,203,85,174033301
6415441,288,214,74,148103655
6619369,254,166,88,153364255
7812529,193,121,72,184484075
8608609,155,107,48,205541475
8209489,258,170,88,194956291
9008281,219,147,72,216193221
6013849,269,181,88,137797767
7210561,272,187,85,168714459
6221161,268,186,82,143109193
7616281,246,162,84,179327549
8412049,283,190,93,200321363
6816889,239,174,65,158476585
7010329,354,248,106,163498817
6416209,201,136,65,148123245
6620209,243,178,65,153386491
9208249,259,184,75,221543609
8811601,246,165,81,210945035
8009761,227,143,84,189680265
9810049,336,249,87,237714843
7812841,206,150,56,184492283
6221209,155,102,53,143110549
7414369,354,243,111,174037075
9409801,316,238,78,226946847
9609601,220,153,67,232316217
6818401,264,177,87,158515705
9009961,233,156,77,216238737
7618249,244,168,76,179379147
6014521,280,205,75,137815089
6417049,206,137,69,148145091
6620401,202,152,50,153391453
8412121,331,223,108,200323307
8609281,220,151,69,205559289
7210681,281,175,106,168717255
8209609,250,173,77,194959471
7813129,193,134,59,184499927
6222049,226,160,66,143131915
7011001,404,273,131,163516895
6819121,203,142,61,158534959
6417121,275,172,103,148146843
8009929,161,112,49,189685131
7618921,292,204,88,179397045
6621841,218,160,58,153428461
8811721,261,174,87,210948389
9209089,308,225,83,221565069
6014929,370,250,120,137825319
9010849,155,107,48,216262035
7414681,260,180,80,174045451
8412289,278,185,93,200327927
6222169,220,144,76,143134633
9810529,220,156,64,237727323
7813369,216,136,80,184507061
6417889,238,172,66,148166805
6819289,228,156,72,158539045
7210729,206,138,68,168718545
9410881,277,179,98,226975259
6622009,189,124,65,153432709
9610129,201,143,58,232330273
7012009,193,120,73,163543167
8609449,234,143,91,205563261
7618969,263,185,78,179398143
8209681,295,207,88,194961739
6222241,186,127,59,143136937
6016609,258,175,83,137868795
9011521,217,150,67,216280203
8412769,255,179,76,200341043
6420961,220,148,72,148245759
7813801,210,145,65,184518257
8010361,379,264,115,189696137
6819481,169,114,55,158543791
7414801,141,88,53,174048871
6622081,223,154,69,153434875
6222409,313,213,100,143140711
8811769,258,175,83,210949613
7619089,266,189,77,179401545
9209881,287,177,110,221585727
7211521,184,131,53,168738717
7012849,256,184,72,163564725
6421249,224,152,72,148253603
9813241,226,144,82,237801271
6819649,241,165,76,158547883
6016921,135,96,39,137877171
8412889,278,193,85,200344115
7813849,228,159,69,184519223
9011689,391,280,111,216284463
6622729,217,152,65,153451345
8610001,280,179,101,205578195
9411049,297,197,100,226980149
6223561,240,158,82,143170273
8209849,278,178,100,194965675
9610609,241,182,59,232343359
7619329,186,125,61,179408007
8011921,194,136,58,189737657
7414969,238,165,73,174053551
6422089,250,176,74,148274873
6820129,231,157,74,158560879
7211569,297,205,92,168739887
8412961,305,215,90,200345873
6017041,268,191,77,137880141
7013521,228,165,63,163582545
8811961,287,204,83,210954557
9210121,304,210,94,221592249
6623401,233,166,67,153469675
6224089,234,164,70,143184427
9011881,320,224,96,216290253
7814689,269,180,89,184540859
7620169,225,168,57,179429787
9612481,224,166,58,232393561
6820921,291,196,95,158580835
6422641,233,155,78,148289265
8211121,219,139,80,195000499
8610169,214,142,72,205582497
9813409,270,178,92,237805387
9411481,249,176,73,226992335
6224401,214,142,72,143192817
7415209,179,123,56,174060595
8413609,265,181,84,200363073
8012209,263,179,84,189745997
6017929,202,140,62,137902113
6623521,172,114,58,153472105
7814809,370,266,104,184544063
9012049,235,155,80,216294587
7621609,242,161,81,179467129
9210769,282,184,98,221610225
7211761,291,209,82,168744855
7014121,191,131,60,163597341
6422761,211,133,78,148292619
6821161,203,145,58,158587561
6224689,239,164,75,143199759
8812801,360,237,123,210976793
9612961,239,162,77,232406209
8413729,160,94,66,200366001
7815721,255,168,87,184568019
6422929,309,211,98,148296357
7621681,232,180,52,179469151
6018769,188,116,72,137923959
8211169,252,175,77,195001693
6821809,259,192,67,158603695
9012529,215,161,54,216307205
7415641,246,171,75,174070927
8610961,297,194,103,205603935
9210961,254,173,81,221614683
6624769,289,210,79,153504319
6225409,219,152,67,143217543
8012449,188,121,67,189751541
9813889,313,217,96,237818743
7014841,247,164,83,163616679
7212529,194,140,54,168764883
9411529,333,216,117,226993433
6423481,226,156,70,148310955
6822481,231,142,89,158621473
8414449,247,178,69,200385789
7816321,259,174,85,184584117
7622281,261,190,71,179485231
6225529,256,192,64,143220519
6019609,297,228,69,137945643
8813281,165,119,46,210989357
9012889,262,179,83,216316721
9211441,278,202,76,221627877
6625921,158,106,52,153533819
6423649,228,157,71,148315047
7416049,297,207,90,174081589
8211361,189,130,59,195006667
6824161,294,187,107,158664943
9613129,275,192,83,232411021
6226201,184,112,72,143238393
7015969,213,141,72,163645509
7212769,297,181,116,168771549
8611201,173,118,55,205610511
7622449,301,201,100,179489581
7816561,281,203,78,184590021
8012881,298,204,94,189762941
8414641,172,118,54,200390673
6019801,236,172,64,137950509
6424609,193,128,65,148340541
9412369,274,187,87,227015801
9814921,243,162,81,237846793
9013321,328,229,99,216328151
9212641,227,156,71,221659209
6226609,206,135,71,143248833
6824281,229,145,84,158668117
6626089,235,150,85,153538451
7622689,273,176,97,179495971
7816729,328,222,106,184594473
8813569,276,186,90,210997025
7416361,269,180,89,174089923
8415241,289,201,88,200406837
7016041,362,241,121,163647063
6424681,325,220,105,148342281
8211961,260,175,85,195021697
7213081,237,152,85,168779955
6226921,199,131,68,143256987
6020281,190,125,65,137962893
6824329,230,148,82,158669047
8012929,273,183,90,189763691
8611849,242,165,77,205627731
9013369,263,173,90,216329291
9613489,358,257,101,232420093
9212809,258,172,86,221664201
7623289,218,162,56,179511661
7817041,299,204,95,184603005
6425329,114,75,39,148358571
6626881,210,135,75,153558455
6227209,248,182,66,143264487
8416081,276,189,87,200428329
9412489,343,234,109,227018687
6825001,260,173,87,158686957
9815569,342,229,113,237863749
7416481,255,174,81,174092779
7016641,195,131,64,163662737
6020401,186,111,75,137965833
7213201,237,173,64,168782811
8814121,284,171,113,211011507
9013561,260,176,84,216334553
6425521,233,149,84,148364277
7623529,178,122,56,179518201
8212681,185,130,55,195041047
6228121,234,158,76,143287881
7818001,219,136,83,184627545
9215641,279,183,96,221740629
8013121,222,141,81,189769691
6825289,218,144,74,158694217
8416129,288,194,94,200429643
8611969,253,177,76,205630641
6627601,152,105,47,153577823
9615841,281,199,82,232483063
6426001,171,117,54,148376259
6228289,233,160,73,143292183
6020449,306,215,91,137967049
7624009,289,201,88,179530813
7016809,307,224,83,163667543
7416889,304,196,108,174103189
7818049,275,191,84,184629075
9013729,212,138,74,216338633
7213441,221,148,73,168788589
6826801,252,183,69,158733325
9215809,195,133,62,221745231
9413881,290,215,75,227056237
9816601,300,216,84,237891133
8416249,285,192,93,200433069
6427969,289,193,96,148426259
8814241,303,209,94,211014177
8212801,226,156,70,195043819
6228721,306,203,103,143303313
6628561,272,175,97,153602177
8013601,221,169,52,189782201
7625041,321,212,109,179557705
6021289,259,166,93,137988031
6826849,269,176,93,158734867
7819681,191,128,63,184672437
8612209,344,230,114,205636665
9014209,231,156,75,216351755
7018321,228,159,69,163707035
6428041,201,143,58,148428797
6228889,257,169,88,143307267
9216481,195,137,58,221762569
7418209,239,154,85,174138091
8417641,262,172,90,200470161
7215121,158,106,52,168832193
9617449,309,208,101,232526711
7625209,303,201,102,179561935
6826969,279,198,81,158738593
6628729,233,150,83,153606965
7819729,216,150,66,184673559
6021649,256,173,83,137997349
9414001,217,149,68,227059375
6428809,181,112,69,148448837
6228961,256,163,93,143309085
8212849,289,193,96,195044833
8814409,347,254,93,211019079
8013769,172,127,45,189786251
9817369,210,149,61,237911905
9015001,247,173,74,216373371
8418001,284,195,89,200479215
9217321,237,156,81,221786453
7019041,235,161,74,163725737
6827521,222,160,62,158752033
8612641,247,162,85,205648503
7625689,249,169,80,179574367
7419169,255,180,75,174162883
6229129,202,141,61,143313171
7215601,230,150,80,168845303
6429481,225,152,73,148466093
7819921,273,175,98,184679067
6629281,262,181,81,153620423
6022129,150,101,49,138009753
9618001,270,184,86,232541657
9015169,247,182,65,216377895
6827881,242,172,70,158761639
8418169,239,162,77,200484033
6229441,158,113,45,143321571
6429529,297,204,93,148467209
8212969,318,224,94,195048529
7626481,255,180,75,179595469
9217441,222,156,66,221789393
8014129,288,206,82,189795389
9414409,255,168,87,227069935
8815321,245,159,86,211043121
7820089,349,238,111,184683285
7019329,286,192,94,163732943
7419889,176,113,63,174181697
9817441,267,180,87,237913687
7215961,198,138,60,168854399
6022321,268,192,76,138014763
8612689,309,217,92,205649247
6829729,257,168,89,158809381
6231241,288,197,91,143367677
6630121,250,149,101,153643031
6429649,349,253,96,148470209
9015889,232,159,73,216396675
8418481,259,170,89,200492187
7626649,314,221,93,179599497
9218161,207,136,71,221808647
7820929,197,139,58,184704933
6231481,263,191,72,143373707
6830041,208,142,66,158817421
6430201,252,171,81,148483531
8214529,297,211,86,195089007
7020889,190,122,68,163773707
9618361,260,178,82,232551167
8014801,243,169,74,189814061
6022801,236,164,72,138026817
7216129,278,187,91,168859199
7626721,241,166,75,179601609
8815489,280,194,86,211047363
7420009,195,131,64,174184709
6630409,233,168,65,153649991
8418601,223,160,63,200495685
9016561,215,153,62,216415035
9414841,276,193,83,227082373
7821361,219,133,86,184716747
6232321,219,144,75,143395337
6430321,213,150,63,148486837
8613481,310,207,103,205670559
6830569,251,177,74,158831555
9218281,323,219,104,221811287
9817609,257,180,77,237919033
6022921,206,132,74,138029565
7626889,329,201,128,179605599
7021081,193,130,63,163779149
6232801,134,86,48,143408501
8419441,333,224,109,200518107
6430561,231,158,73,148492669
8214889,229,146,83,195098979
7821601,318,219,99,184722819
6831889,260,178,82,158864921
8015809,289,203,86,189840083
6630961,249,175,74,153664175
9016921,230,146,84,216424971
7216609,276,186,90,168871463
7420561,219,147,72,174199525
9619201,260,182,78,232574233
9218689,302,217,85,221822525
8815801,202,130,72,211056363
6233329,238,160,78,143422211
7627729,293,199,94,179628537
9415249,338,236,102,227092837
6431401,281,189,92,148514915
6022969,237,171,66,138030801
8613529,276,193,83,205672119
6832009,355,261,94,158868209
8420281,220,145,75,200540001
7821769,302,221,81,184727091
7021249,196,127,69,163783637
9017689,264,179,85,216444699
9818089,320,216,104,237931147
6631081,274,206,68,153666893
6233761,168,123,45,143432849
7216801,244,161,83,168876701
6431569,232,169,63,148519199
9219169,264,189,75,221835329
8016289,289,191,98,189852933
8216161,387,271,116,195132591
7628041,236,159,77,179636499
7420681,211,134,77,174202399
6832729,271,192,79,158886617
6023161,224,149,75,138036201
7822201,216,138,78,184738359
8420449,249,148,101,200544279
6233809,267,196,71,143433923
8816641,302,208,94,211078653
9619369,246,177,69,232578979
6432721,210,141,69,148548617
9018409,279,190,89,216463785
7022569,158,105,53,163817117
8614369,193,128,65,205693965
6631129,310,219,91,153668303
6832921,235,152,83,158891081
7628209,234,163,71,179640645
9415561,200,142,58,227101321
9219289,270,186,84,221838465
7217281,227,150,77,168889175
6234001,181,122,59,143439233
7823089,267,169,98,184762473
7420729,214,142,72,174203527
6024169,221,148,73,138062005
8420521,247,167,80,200546079
8017969,224,150,74,189896805
6432889,226,149,77,148552865
9818449,230,156,74,237941233
8217169,238,158,80,195159387
6833089,232,151,81,158896797
9018601,177,121,56,216469689
7629841,203,146,57,179683297
6234169,327,226,101,143443085
7023361,173,124,49,163837917
6631321,292,199,93,153673265
9219841,210,144,66,221853321
8816809,232,150,82,211083177
6433249,190,119,71,148562381
7824721,313,230,83,184804539
9620041,254,193,61,232596637
8421529,213,152,61,200572597
6024769,218,152,66,138077149
8614561,236,161,75,205699203
6833401,186,111,75,158904807
7217569,300,215,85,168896723
6234649,230,161,69,143455253
9415921,312,196,116,227110957
7420921,287,190,97,174208759
7630009,272,186,86,179687599
9019081,241,161,80,216482163
8018089,244,153,91,189900969
6433561,199,139,60,148571447
8217241,299,201,98,195160959
7824961,177,119,58,184811463
6633001,253,169,84,153716741
9818761,266,181,85,237949333
9219961,213,154,59,221856363
7023529,296,213,83,163842219
6833929,305,210,95,158918499
6234841,293,203,90,143460017
8421961,196,140,56,200584817
6025009,234,156,78,138083359
7630081,276,181,95,179689627
6434401,202,135,67,148592435
8817481,299,200,99,211101027
7218121,225,160,65,168911627
9019249,276,190,86,216486825
8614729,287,198,89,205704495
7421569,158,103,55,174226075
7826281,223,150,73,184846241
6834241,299,208,91,158926455
6236521,309,211,98,143503241
9620641,291,198,93,232612405
8018929,249,188,61,189922131
9220369,241,163,78,221867355
9416689,255,178,77,227131645
6434569,232,151,81,148596629
6634009,360,248,112,153742841
8422201,280,198,82,200590799
8217721,277,196,81,195174157
7630849,304,212,92,179709685
7024081,166,105,61,163856695
6025321,265,169,96,138091555
6236689,247,163,84,143507423
6835201,231,163,68,158951409
7826569,249,169,80,184853261
9020281,244,180,64,216514059
9818881,289,212,77,237953455
7218649,202,124,78,168924737
6435529,208,153,55,148621429
7422409,298,216,82,174247933
8817649,211,140,71,211105209
8423209,266,181,85,200617607
7630921,235,168,67,179712007
9220969,281,190,91,221883219
6238009,229,167,62,143541135
8615161,204,139,65,205715577
6635521,201,139,62,153781841
6025681,258,169,89,138100807
6835249,225,141,84,158952525
8019001,213,136,77,189924093
7024441,293,213,80,163865893
7826809,207,138,69,184858853
6435601,308,216,92,148622923
9621481,213,141,72,232635463
8217841,224,145,79,195177037
9020881,217,141,76,216530451
9417361,341,228,113,227149615
6238369,218,152,66,143550045
7631401,230,149,81,179724715
7219081,223,157,66,168935825
8425321,294,203,91,200674061
6835369,267,171,96,158955171
9221041,345,240,105,221885289
6436201,251,156,95,148638133
6025849,315,225,90,138105025
7423249,279,188,91,174270541
7828129,256,178,78,184894733
6635689,314,213,101,153786017
9818929,250,170,80,237955237
6238801,253,169,84,143561517
8818009,270,208,62,211116261
7025209,246,168,78,163885801
8615881,243,159,84,205734687
9020929,258,174,84,216531687
7631761,273,180,93,179733847
8019169,287,197,90,189928287
6836281,200,137,63,158979765
6437881,280,195,85,148681469
8426161,223,156,67,200695785
8218009,262,191,71,195181369
9221809,249,174,75,221905803
6239209,264,181,83,143571447
7828921,215,145,70,184915977
7219129,277,191,86,168936965
9622489,300,207,93,232661663
6026281,276,187,89,138116293
9418081,204,137,67,227168933
6636169,172,120,52,153798991
6837769,223,171,52,159018165
7423369,279,188,91,174273373
7633369,321,215,106,179776153
6437929,210,150,60,148682735
9021601,243,166,77,216549651
7025881,175,113,62,163903171
6241201,199,142,57,143624093
8426569,305,210,95,200706849
7830169,234,148,86,184948101
8818681,204,122,82,211133793
9819289,215,144,71,237963841
8019481,300,195,105,189936513
9222649,327,236,91,221928537
8616169,157,101,56,205742679
6026521,301,208,93,138122089
6838441,225,141,84,159035283
6438721,219,143,76,148703117
7633921,210,137,73,179790559
8218681,288,194,94,195198943
7219801,267,198,69,168954605
6242161,246,164,82,143647829
6636961,253,169,84,153819061
9021769,254,170,84,216554073
8427049,213,127,86,200719311
7423609,289,194,95,174280033
9623161,240,164,76,232680761
7830481,200,146,54,184956609
7026121,242,153,89,163909171
6438889,232,170,62,148707461
6838561,197,135,62,159038361
9418369,279,182,97,227176709
9223321,351,232,119,221945907
6243049,284,200,84,143670817
6027529,231,144,87,138147891
7634041,302,195,107,179793469
8019769,231,142,89,189944109
8819329,234,157,77,211150935
6438961,204,135,69,148709651
6637129,319,228,91,153823627
7220089,275,189,86,168962123
8616241,231,172,59,205744347
9022129,274,184,90,216563841
8427721,179,115,64,200737743
6838729,236,173,63,159043323
7832281,255,179,76,185003419
8218729,279,188,91,195200623
9819889,284,180,104,237980143
6243409,241,172,69,143680135
7423921,218,150,68,174288451
7634281,186,138,48,179800015
7026289,224,133,91,163913245
9223561,202,146,56,221953167
6027961,194,134,60,138158799
6439561,275,186,89,148724807
6838801,234,165,69,159045075
6245401,283,205,78,143731355
9623209,241,175,66,232681889
7832689,351,248,103,185014459
8427841,346,250,96,200740359
9418921,215,156,59,227192507
9022441,371,254,117,216571863
6637369,185,134,51,153829747
8020681,267,184,83,189968369
7220761,274,187,87,168979211
7634929,150,94,56,179816993
6439729,253,170,83,148728635
8819449,305,211,94,211153611
8616721,218,146,72,205757115
6245521,294,206,88,143734817
6839281,204,150,54,159057399
8219401,219,137,82,195218887
9224161,230,162,68,221968971
6028129,265,189,76,138162927
7424761,313,207,106,174310039
7026769,249,165,84,163926235
7833121,287,189,98,185025699
9819961,344,242,102,237982213
8428081,220,157,63,200746581
9023809,300,205,95,216607935
6439969,386,255,131,148735307
7635049,346,228,118,179819591
6245761,209,144,65,143740973
6637681,254,177,77,153837781
6839401,256,178,78,159060135
7221169,283,188,95,168990353
8022121,200,131,69,190006655
9623401,300,202,98,232687277
6028801,211,134,77,138180197
9228361,235,149,86,222080559
9420049,244,170,74,227221625
7833289,220,165,55,185030007
6440641,240,160,80,148753331
8428729,300,193,107,200763579
7027729,271,186,85,163951855
6245929,265,174,91,143744975
7425601,228,152,76,174332065
7636441,303,218,85,179856855
8219521,238,156,82,195221701
8617561,246,171,75,205779753
8820001,195,130,65,211168827
6840241,227,159,68,159082047
9024121,235,171,64,216616693
6638689,241,166,75,153864451
6440809,170,109,61,148757783
7833361,296,208,88,185032011
6246601,177,120,57,143762003
6028969,247,180,67,138183893
9228601,322,206,116,222087387
9820729,231,167,64,238002661
7221649,275,201,74,169002761
6840289,243,169,74,159083361
8429089,204,145,59,200773197
7636561,144,104,40,179860017
8022169,288,196,92,190007681
7028401,275,194,81,163968793
9024409,252,177,75,216624061
7425721,242,176,66,174334711
6441241,193,124,69,148768481
6247081,269,177,92,143774519
9623569,289,211,78,232691195
9420121,232,138,94,227223569
7834201,245,165,80,185054043
8219569,213,150,63,195222931
8617681,332,226,106,205782693
6639049,258,174,84,153873589
6840649,237,166,71,159092997
8820121,258,173,85,211172097
6029041,269,175,94,138185663
7637401,272,187,85,179882451
9229201,271,178,93,222103689
8429689,180,123,57,200789483
6441481,240,157,83,148774749
6247201,202,134,68,143777471
7221769,214,141,73,169005545
9024649,273,188,85,216630793
7834969,281,191,90,185073885
6841801,305,205,100,159123849
7028449,251,174,77,163970377
8022841,297,198,99,190025663
9820801,262,179,83,238004653
7426129,263,177,86,174345061
7637569,198,144,54,179886987
6442081,271,189,82,148789767
6247369,311,227,84,143781659
6029209,345,228,117,138190925
6639481,197,134,63,153884555
8429761,317,213,104,200791181
9229369,324,222,102,222108003
8220409,250,170,80,195245215
9420721,265,188,77,227239757
9623881,261,195,66,232700333
8618089,303,191,112,205793205
6841921,205,126,79,159126507
8820169,317,225,92,211173051
9025801,211,140,71,216662781
7835209,325,233,92,185080179
7222009,197,136,61,169011689
6247609,261,181,80,143787947
6442129,183,133,50,148791273
7638289,279,183,96,179905503
7028569,235,154,81,163973173
8430529,264,177,87,200812373
6029521,181,126,55,138199679
9230209,204,129,75,222130497
7427281,159,103,56,174375191
8022961,230,154,76,190029065
6842929,236,173,63,159151371
6639889,154,100,54,153894753
6248089,252,174,78,143800499
6442801,205,136,69,148808981
7835881,240,141,99,185098557
9820969,345,229,116,238009045
9026761,288,185,103,216687603
7639249,301,210,91,179929917
8221249,175,108,67,195267373
7222321,250,174,76,169019975
8618689,239,160,79,205809687
6843841,216,142,74,159175251
8430769,224,156,68,200818589
9421129,234,145,89,227250431
8820529,266,183,83,211182789
6248881,243,162,81,143820863
9624001,244,160,84,232703177
6029641,243,164,79,138202157
6443329,254,181,73,148822445
7029241,251,171,80,163990543
9230449,346,237,109,222136917
6640321,217,153,64,153905817
7836481,218,155,63,185114211
7639921,172,116,56,179948119
7427449,213,145,68,174379739
8023009,307,227,80,190030067
9028009,232,160,72,216721323
6844441,320,228,92,159190923
6249889,241,161,80,143846435
6444169,221,131,90,148843851
8431369,212,152,60,200833835
7222609,300,200,100,169027493
6029689,225,156,69,138203291
8221921,280,183,97,195285133
7836529,253,173,80,185115231
9230929,273,191,82,222149851
7640161,207,137,70,179954971
9821281,287,190,97,238018453
7029961,290,177,113,164009293
6250129,238,154,84,143852883
6845161,271,193,78,159209553
8619241,274,192,82,205824225
6640369,254,173,81,153907173
6444481,326,207,119,148852329
8820961,224,162,62,211194401
9028609,336,249,87,216737019
9421441,291,195,96,227259593
7427809,240,160,80,174389459
9624409,296,215,81,232713887
8431441,281,186,95,200835749
8023369,287,186,101,190040165
7836649,387,284,103,185118393
6250729,208,135,73,143867925
7640329,244,155,89,179958799
6029809,245,162,83,138206471
6846361,255,161,94,159240579
6444601,225,162,63,148855299
9231049,290,204,86,222153019
7222849,235,163,72,169034753
7030489,372,271,101,164023349
8222089,211,155,56,195290377
6641329,315,227,88,153932313
9029689,350,242,108,216765255
6250801,353,238,115,143869509
8432089,225,152,73,200853419
6445441,267,171,96,148876725
8619601,247,162,85,205833527
6846841,167,115,52,159254439
7837321,307,202,105,185136555
7640929,230,157,73,179974921
7428409,249,165,84,174405269
9821569,211,147,64,238025867
8821009,306,220,86,211195589
6030361,236,161,75,138219953
9231721,246,177,69,222171007
8023969,297,204,93,190055393
9421609,350,229,121,227263619
6253129,174,111,63,143929811
9624721,312,221,91,232722475
7224121,192,129,63,169067147
6445849,279,198,81,148887219
9030001,244,174,70,216774021
6847681,226,155,71,159275385
7031641,204,140,64,164053203
6642169,281,186,95,153953271
8433121,277,192,85,200880359
7641001,261,179,82,179976439
7837369,280,196,84,185137821
8222449,189,139,50,195299095
6253321,263,165,98,143934611
6030481,290,204,86,138222701
7428649,279,179,100,174411485
6447121,279,203,76,148920237
9234649,279,209,70,222249721
6847801,161,105,56,159278493
8620369,285,193,92,205853907
7641649,214,153,61,179993595
9030121,230,162,68,216777297
8821129,272,189,83,211198961
7838041,246,171,75,185155773
8433769,241,170,71,200897897
8024521,319,225,94,190069795
9821641,341,231,110,238027601
7224289,303,233,70,169070951
6253969,258,174,84,143952005
6642409,246,170,76,153959835
7032481,208,140,68,164074779
9421729,284,206,78,227267609
6447841,197,133,64,148938783
6030721,258,172,86,138229187
6847969,319,216,103,159282645
9624841,251,184,67,232726105
9235921,265,177,88,222283879
8223289,277,175,102,195320929
7642321,246,173,73,180011241
6254329,173,109,64,143960489
7430161,336,234,102,174450785
7838569,271,197,74,185168901
8434609,238,164,74,200919959
9030361,282,193,89,216783897
6448009,255,167,88,148942863
6848521,226,155,71,159296895
8621089,228,157,71,205872897
6643249,306,208,98,153980899
7226521,201,135,66,169129575
8024641,190,122,68,190073137
7033321,203,114,89,164096883
6254641,215,147,68,143969147
6031321,300,211,89,138244979
8821201,269,173,96,211200725
7642681,263,172,91,180020607
9236089,257,178,79,222288355
7840081,259,186,73,185209087
6448369,361,253,108,148951899
9821809,331,229,102,238032161
8436409,243,172,71,200968229
9031681,219,150,69,216818651
9421801,295,202,93,227269307
6850369,224,153,71,159345381
7430329,237,154,83,174455129
8223601,172,125,47,195329743
6254761,289,198,91,143971529
9624889,308,218,90,232727659
6643729,211,141,70,153994429
6448681,283,182,101,148960155
7642849,213,134,79,180024999
6031561,236,152,84,138250535
7840561,196,144,52,185221945
7226641,263,190,73,169132743
7033681,250,159,91,164106087
9237649,221,156,65,222329255
6850489,223,156,67,159348171
8621209,193,129,64,205876131
8024881,340,236,104,190079281
8437081,202,146,56,200985335
6255481,230,160,70,143990687
9031969,247,170,77,216825875
8823361,291,196,95,211258195
6449041,164,118,46,148969599
7643161,231,161,70,180033807
7430809,224,160,64,174467933
7840849,209,137,72,185229505
6852169,216,147,69,159391461
6255649,213,145,68,143994863
9822121,251,180,71,238040109
6032041,205,135,70,138263493
6644761,262,172,90,154020867
8224441,245,168,77,195351811
9423961,296,201,95,227327333
8437129,290,211,79,200986649
9237769,254,183,71,222332771
6449881,157,102,55,148990983
7227721,216,152,64,169161785
7034281,190,132,58,164121801
9625081,209,148,61,232732285
9032041,242,165,77,216827453
8025361,253,158,95,190092379
7644001,261,174,87,180055899
6257161,161,102,59,144033851
6853081,195,135,60,159415015
8621281,309,208,101,205877769
7841089,180,122,58,185235589
6450049,222,154,68,148994721
6033169,208,130,78,138292041
8824201,232,158,74,211281649
8437489,293,191,102,200995883
7431169,196,132,64,174477475
6645601,224,160,64,154042329
9238609,274,194,80,222356723
6257281,249,168,81,144036461
6853921,294,198,96,159437425
7644529,349,234,115,180068753
8224561,308,212,96,195355345
9032689,251,176,75,216846173
7034449,271,176,95,164126379
7228201,350,242,108,169174091
7841401,223,152,71,185243689
6451321,286,199,87,149028091
9822289,195,123,72,238044927
9424321,239,145,94,227336861
8026561,195,133,62,190123555
6257521,199,143,56,144043181
6034081,142,94,48,138315963
9625729,243,157,86,232750111
8437969,207,136,71,201008779
6854401,238,152,86,159449915
8622721,232,143,89,205915947
6646921,258,185,73,154076973
9238681,236,163,73,222358385
7644961,217,142,75,180080645
6451561,247,163,84,149034349
7431481,248,165,83,174485395
7841929,236,155,81,185256901
9033049,286,205,81,216856325
8824489,311,216,95,211288777
6258361,296,205,91,144064199
7035001,234,165,69,164141199
7228321,222,137,85,169177061
8224609,216,140,76,195356407
6854761,161,99,62,159458531
8438161,254,178,76,201014059
6034849,283,201,82,138335433
6453049,249,179,70,149072403
7645681,213,143,70,180099827
9239161,301,207,94,222370835
7842361,274,183,91,185268481
6259129,264,185,79,144084219
6647041,206,134,72,154079895
9425161,215,153,62,227359423
8027209,196,139,57,190140679
9822409,234,167,67,238048011
9033361,313,195,118,216864337
7431649,263,183,80,174489457
6855529,260,166,94,159478853
8623729,188,121,67,205944291
9625849,257,183,74,232753063
6453721,215,150,65,149090403
7036129,201,131,70,164170245
8438329,215,144,71,201018667
7646641,264,184,80,180124619
6259681,186,122,64,144098577
7228729,266,188,78,169187021
6035089,244,178,66,138341175
8824561,262,174,88,211291345
7842529,237,160,77,185273767
8224729,334,241,93,195359533
9239521,227,147,80,222380543
6855769,270,191,79,159485087
6454009,231,165,66,149097411
6647089,241,168,73,154081107
9033649,154,92,62,216872023
6259801,206,141,65,144101409
8029009,275,194,81,190188859
7647889,290,201,89,180157367
8438761,318,224,94,201029839
7431769,246,166,80,174492973
9425329,234,150,84,227363893
6035761,167,111,56,138358731
7843201,195,130,65,185291011
7036681,375,285,90,164184501
6454729,231,164,67,149116049
6856249,135,98,37,159497267
9822961,190,118,72,238063461
8623801,255,188,67,205946265
7229569,242,171,71,169208951
9239689,308,205,103,222384923
6260041,312,218,94,144107127
9625921,304,208,96,232754935
9033889,286,199,87,216878227
6647209,293,205,88,154083771
8825041,196,129,67,211303477
7648369,145,96,49,180170519
8225641,209,141,68,195383953
8438929,324,210,114,201034309
6455521,253,167,86,149136185
6857041,216,137,79,159518537
7843609,222,148,74,185301601
6036361,205,133,72,138374145
6260521,227,154,73,144119881
8029081,217,144,73,190190353
7433689,386,256,130,174542981
7036801,225,147,78,164187399
9240001,210,135,75,222392801
7649209,235,152,83,180191909
7231849,191,131,60,169268807
9034369,218,140,78,216890707
6455689,207,139,68,149140469
9425641,209,136,73,227372029
6857281,227,154,73,159524279
8623969,293,205,88,205950111
8439601,174,112,62,201052297
6261649,193,128,65,144148369
6647761,180,118,62,154098063
7844041,189,129,60,185313367
9823129,257,175,82,238067751
6036409,228,167,61,138375471
9627601,191,126,65,232800161
8226409,272,181,91,195403699
8825569,217,141,76,211317193
6455929,238,160,78,149146817
7650241,178,116,62,180219185
6262369,180,117,63,144167005
9240169,270,183,87,222397319
6857449,248,167,81,159528719
7037209,252,170,82,164198043
8029249,264,189,75,190194277
9034489,244,162,82,216893869
7434001,236,146,90,174551621
7844281,229,144,85,185319397
8440321,298,206,92,201071443
7232569,247,174,73,169287281
6648121,237,159,78,154107477
6456361,211,147,64,149158247
6262489,305,211,94,144170107
6036769,268,172,96,138384483
6857881,225,154,71,159540155
7651009,285,197,88,180239179
8624449,159,111,48,205963215
9427321,196,135,61,227417381
9240961,223,152,71,222419017
7845121,266,187,79,185341615
9035329,293,197,96,216916201
8226649,356,257,99,195410443
8440441,222,146,76,201074503
9824161,302,228,74,238094745
6456529,267,189,78,149162759
7037521,297,199,98,164206335
8825881,165,107,58,211326247
6262561,191,141,50,144171853
7434169,286,191,95,174555503
9627769,312,218,94,232804661
8030089,304,216,88,190216585
6858289,232,155,77,159550133
7232761,355,224,131,169292243
6648721,223,150,73,154123539
7651681,215,147,68,180256459
6037441,248,171,77,138401163
6457249,281,192,89,149180927
7845889,237,156,81,185361829
6263161,231,144,87,144187645
9241369,285,191,94,222429445
8442121,238,153,85,201119869
9035569,186,129,57,216923359
6858721,138,93,45,159561617
8625121,271,193,78,205980615
7651849,239,158,81,180261031
7037689,256,176,80,164210943
9427849,374,273,101,227431163
8227081,257,177,80,195421341
6457441,154,96,58,149185967
7435369,260,190,70,174587031
6038041,225,148,77,138416811
6264001,274,198,76,144209167
6649441,259,184,75,154141623
7233529,237,158,79,169312835
7846561,304,207,97,185379547
8826721,214,145,69,211348891
8030569,192,132,60,190229539
9824641,236,151,85,238108467
6859441,167,115,52,159580117
8443969,253,177,76,201167791
9241681,280,197,83,222438411
9628081,220,157,63,232813355
9036721,225,152,73,216954097
7652401,193,125,68,180275637
6457921,232,160,72,149198465
6264169,284,197,87,144213343
7038049,258,182,76,164219697
7847641,264,183,81,185407669
6038089,255,176,79,138418533
6859561,227,149,78,159582997
8625289,201,141,60,205985223
6649609,271,192,79,154146375
7436881,232,161,71,174626571
8444041,226,151,75,201169729
8227321,237,157,80,195427599
6458449,244,179,65,149212275
7234609,344,232,112,169340227
6264241,162,105,57,144215185
9242209,345,225,120,222452409
7652521,309,209,100,180278235
9037681,225,151,74,216979351
9428449,269,199,70,227447567
8030761,285,197,88,190234459
8826889,242,165,77,211352857
6859609,186,129,57,159584545
7848409,293,192,101,185428495
9824761,237,162,75,238111671
6039289,210,139,71,138449403
6264409,310,219,91,144219451
6459049,173,106,67,149227383
9628921,216,133,83,232835927
7039321,229,157,72,164252675
8444521,250,170,80,201183211
6649801,233,163,70,154151265
7652569,218,146,72,180279663
9242641,285,195,90,222463875
9037849,310,215,95,216983881
6861121,252,171,81,159623291
7437361,259,169,90,174638925
7235209,188,130,58,169356525
8625649,290,199,91,205994259
6265561,202,129,73,144249673
7848481,220,148,72,185430487
6459121,257,171,86,149229165
8227489,246,154,92,195432195
8030929,217,148,69,190238887
6039601,325,214,111,138457479
7652761,212,141,71,180284793
9429001,253,171,82,227462285
8444809,290,191,99,201190795
8827081,204,150,54,211358305
6861241,283,201,82,159626567
7040041,227,146,81,164271713
6265681,256,165,91,144252289
6651649,166,108,58,154198923
6460801,175,130,45,149272803
9038569,218,138,80,217003345
9242689,198,137,61,222465093
7848649,261,168,93,185434549
9825001,224,153,71,238117803
9629209,239,171,68,232843649
7438489,281,207,74,174668283
7235281,171,118,53,169358415
7652929,262,178,84,180289035
6861409,268,183,85,159630857
6040561,257,176,81,138481521
6265849,310,228,82,144256637
8625961,236,171,65,206002875
8445049,316,214,102,201196529
6461401,254,173,81,149287959
8228161,272,185,87,195449499
8031409,301,224,77,190251217
7848961,209,136,73,185443553
9040201,195,111,84,217046717
9243049,232,156,76,222474765
6652081,286,200,86,154209885
7040569,216,142,74,164285207
6265921,179,132,47,144258491
8827729,194,141,53,211375135
6862489,325,226,99,159659339
9429289,211,148,63,227469809
7653601,275,197,78,180307461
6462289,236,154,82,149310677
8445529,256,192,64,201209727
7236121,172,116,56,169380179
6041281,189,123,66,138500037
7439161,262,174,88,174686547
7850929,273,192,81,185493953
6266521,203,137,66,144273821
9825649,351,250,101,238134945
9629761,234,162,72,232858853
9040249,226,158,68,217047797
6862969,169,102,67,159672359
6462409,290,206,84,149313479
9243649,211,144,67,222490449
8626129,316,220,96,206006919
8230609,230,164,66,195515265
6652249,317,210,107,154214379
7654081,205,140,65,180319809
8033041,268,189,79,190294643
7041049,287,198,89,164297549
8445649,210,139,71,201212937
6267361,255,171,84,144294893
6041401,191,125,66,138502841
7851001,409,287,122,185495843
6463081,188,122,66,149331197
6864601,262,172,90,159714253
7236289,196,117,79,169383947
8828689,186,139,47,211400093
7439209,299,208,91,174687885
9429841,329,228,101,227484731
7654441,251,165,86,180328833
9041281,263,165,98,217075043
9244369,242,172,70,222510057
6267529,170,123,47,144299963
6652801,189,124,65,154229055
8446201,208,146,62,201227441
6463129,209,135,74,149332637
7041241,246,166,80,164302955
6864769,278,200,78,159718459
8230681,278,197,81,195516801
7851601,237,158,79,185511979
8033209,325,219,106,190298615
8626249,249,169,80,206009583
6041569,213,145,68,138506789
9825841,192,131,61,238141245
9629881,303,209,94,232861775
7655281,283,188,95,180350937
6267769,247,153,94,144305567
7236721,204,149,55,169395395
9041761,213,134,79,217089047
9246841,313,224,89,222576411
6463489,257,183,74,149341583
7439401,313,240,73,174692931
6864841,223,154,69,159719953
8828929,246,166,80,211406981
8447041,186,130,56,201249911
7852489,322,221,101,185535307
6652969,246,172,74,154232909
9429961,312,203,109,227487389
6268201,231,144,87,144317009
6041641,246,159,87,138508643
7041409,252,170,82,164307047
7655761,207,121,86,180363933
6463969,252,176,76,149353763
8231329,359,253,106,195533961
8033281,198,133,65,190300835
6865009,333,243,90,159724567
9042769,296,199,97,217114955
8626801,300,207,93,206025201
9246889,288,196,92,222577539
7236961,284,190,94,169402355
7852609,267,182,85,185539357
8447161,326,220,106,201252833
6268369,268,176,92,144320975
9827281,240,155,85,238179191
9630889,296,186,110,232887521
7439569,229,167,62,174697089
6464329,254,161,93,149363441
7655881,240,170,70,180366945
6653329,192,137,55,154241969
6041809,183,118,65,138513201
6866329,246,175,71,159758563
7041721,257,177,80,164315555
8829241,192,145,47,211415423
6268441,289,201,88,144322859
9042889,266,187,79,217118201
7854169,232,155,77,185579775
9247009,368,269,99,222580659
8447209,281,192,89,201254291
6465601,211,144,67,149395869
9430009,262,182,80,227489069
8034049,223,149,74,190321205
7657561,232,153,79,180410397
8231449,241,174,67,195537405
7237129,166,113,53,169406357
6866449,260,161,99,159761791
8627161,306,203,103,206033925
6042409,316,224,92,138528657
6653641,321,216,105,154250165
6268609,284,191,93,144327227
7440049,189,119,70,174709803
6466489,287,197,90,149418713
7854361,217,138,79,185584761
7042081,201,146,55,164324483
9044401,312,220,92,217159115
9630961,254,175,79,232890041
9827329,263,175,88,238180271
8447401,272,190,82,201259313
9247921,270,186,84,222605427
7657609,251,187,64,180411531
6867001,261,180,81,159776551
6269881,236,160,76,144359969
8830369,209,149,60,211445561
6467161,242,158,84,149435957
6042481,199,140,59,138530211
7237561,235,167,68,169417283
8034121,276,188,88,190322999
6653761,257,174,83,154253033
8232001,229,165,64,195552585
7855009,401,279,122,185601453
9430129,201,141,60,227492267
7440409,202,137,65,174719097
6867121,269,168,101,159779413
6270049,175,113,62,144364791
9045409,264,180,84,217186319
8448049,180,127,53,201276875
7658281,172,119,53,180430023
8627329,271,187,84,206038821
9248089,314,212,102,222609691
7042681,267,177,90,164340239
6467689,338,218,120,149450543
6043129,240,172,68,138546699
6270289,155,94,61,144371001
7855849,200,128,72,185624085
6867361,264,188,76,159785399
9631561,254,170,84,232905953
9828001,221,157,64,238199255
7658401,228,159,69,180432975
6654481,174,112,62,154271665
8830441,246,169,77,211447235
7237609,287,199,88,169418507
6468001,229,151,78,149458265
8448721,329,234,95,201295085
9046249,251,174,77,217208327
8034601,323,193,130,190336271
8232121,305,211,94,195555537
9248689,204,147,57,222626041
7441009,175,103,72,174734199
6270601,208,134,74,144378537
7043401,251,166,85,164359697
6867529,230,157,73,159790001
9430969,311,216,95,227514959
7856881,251,171,80,185651257
8627809,279,185,94,206051625
6043489,184,130,54,138555837
6468289,254,178,76,149465153
7658641,200,134,66,180439287
8448841,280,189,91,201297881
6654649,170,123,47,154276213
6270769,248,174,74,144382755
9047089,322,217,105,217230803
7237729,306,224,82,169421813
6867841,222,159,63,159798101
9248761,220,153,67,222627721
6469849,177,115,62,149505905
7857481,230,157,73,185666497
9632401,174,122,52,232929563
8831089,258,182,76,211463945
8035129,385,281,104,190349897
7441561,233,146,87,174749151
9828121,235,155,80,238201985
7659241,304,206,98,180455385
7043521,183,121,62,164362457
8232361,178,117,61,195561309
6043801,280,178,102,138563733
6270889,268,188,80,144385737
8449249,328,203,125,201308099
6868201,309,208,101,159806711
8628481,120,82,38,206069635
9047161,270,187,83,217232477
6470641,222,151,71,149526341
6655009,259,184,75,154285387
9432361,178,117,61,227552801
7857529,253,169,84,185667841
9248929,268,194,74,222632665
6270961,172,118,54,144388023
7660129,267,181,86,180477913
7237969,330,221,109,169427675
6868681,193,137,56,159820169
6044089,244,167,77,138571515
6470689,222,147,75,149527403
7441849,281,192,89,174756207
8449681,209,140,69,201319811
7044529,288,187,101,164388313
8035609,295,181,114,190362617
8831209,242,178,64,211467797
8233201,257,171,86,195583647
6271129,218,159,59,144392325
9047761,333,224,109,217248821
9633241,281,208,73,232951445
7857649,240,168,72,185671327
7660801,172,120,52,180496147
9828961,278,197,81,238224227
6655321,205,129,76,154294093
9249529,208,134,74,222648751
6868801,150,105,45,159822809
6470881,232,154,78,149532539
8628601,220,146,74,206072611
7238401,162,101,61,169439261
6045769,206,136,70,138614157
8449729,291,190,101,201320657
6271561,250,173,77,144402999
9432481,291,205,86,227555501
7858561,304,199,105,185695225
7044769,292,201,91,164394655
7442521,271,192,79,174773665
7660921,232,160,72,180498799
9048601,250,170,80,217271227
6471649,287,200,87,149552171
6869521,190,130,60,159841865
8036401,176,119,57,190383221
9250441,290,205,85,222672919
6656449,309,225,84,154322813
6271609,282,187,95,144404175
8233369,296,203,93,195587991
8831281,303,205,98,211469831
8450089,240,160,80,201330787
6045841,213,143,70,138616269
9633289,295,186,109,232952927
6471889,304,205,99,149557991
7859041,277,189,88,185707897
7239289,221,152,69,169463291
6869689,191,115,76,159845795
7660969,270,179,91,180499957
9829129,358,265,93,238229135
8629009,266,175,91,206083861
6272401,219,148,71,144424921
9048649,194,124,70,217272217
7045081,246,175,71,164403043
7444081,274,182,92,174815057
9250609,175,111,64,222677395
9432529,325,231,94,227556767
6658129,256,187,69,154366481
6472561,243,164,79,149575771
8450521,223,142,81,201342295
8036569,226,153,73,190387607
6870481,195,130,65,159866195
6046489,274,195,79,138632907
7859161,246,184,62,185711437
7661089,368,245,123,180502939
6273121,206,137,69,144444193
8233681,167,115,52,195596693
8831881,277,192,85,211485605
9049441,237,167,70,217293631
7239409,246,162,84,169465769
6473041,182,132,50,149588279
9250921,217,153,64,222685837
6871201,265,179,86,159884939
7047049,164,117,47,164453859
6273481,279,187,92,144452707
9633409,240,163,77,232956263
8451241,307,218,89,201361477
8629441,230,165,65,206095117
7859329,189,121,68,185715847
7662001,194,143,51,180528395
7444201,285,197,88,174817877
6658369,213,138,75,154372385
9829681,238,158,80,238244057
6046609,293,203,90,138636063
6473329,232,164,68,149595683
8037409,242,167,75,190409861
6273649,279,200,79,144457207
9049849,172,108,64,217304851
9433201,242,163,79,227575499
6871561,209,159,50,159894821
8233801,238,153,85,195599801
7239649,256,176,80,169472039
9251449,269,161,108,222699493
7662169,275,185,90,180532085
8452441,276,178,98,201393269
7860049,310,212,98,185734603
8831929,283,198,85,211487177
7047289,333,235,98,164460339
6473569,219,158,61,149601731
6047329,227,151,76,138654273
6658969,220,155,65,154388333
6274249,202,152,50,144472585
7444369,272,174,98,174822287
6872329,257,177,80,159914867
8629681,263,198,65,206101561
9050329,286,212,74,217317427
9633961,267,177,90,232971197
7662481,249,168,81,180540515
7860241,159,110,49,185739727
6473881,233,157,76,149609681
8037961,200,133,67,190424429
8453041,271,180,91,201408917
9829969,331,222,109,238251857
9251881,273,188,85,222711217
6274969,287,188,99,144490729
7239961,169,125,44,169480919
6873001,214,150,64,159932039
8234209,231,163,68,195610157
6047521,195,133,62,138658929
9434401,265,179,86,227607821
7048441,213,143,70,164490291
6659041,193,131,62,154390277
6474049,247,166,81,149614061
8832049,317,224,93,211489895
7663009,250,164,86,180554177
6275161,238,164,74,144495781
9050449,329,221,108,217320559
7444441,136,92,44,174824171
7860841,261,179,82,185755271
8453089,263,181,82,201410447
6873721,305,190,115,159950747
9252721,240,163,77,222733927
8630449,207,140,67,206122357
8039761,263,186,77,190471623
6474241,207,138,69,149618627
6048841,278,187,91,138692953
7240921,270,201,69,169505819
6275641,187,120,67,144508069
9634249,162,117,45,232979309
7663489,271,177,94,180566627
6659209,359,254,105,154394729
7861849,266,176,90,185781449
7048729,288,190,98,164498193
6876361,335,239,96,160018983
8234641,312,220,92,195622415
9831361,151,103,48,238290009
9050521,273,188,85,217322911
8453281,381,252,129,201415409
9434569,269,173,96,227611787
7445761,235,161,74,174858593
6474409,313,202,111,149622899
6276169,213,133,80,144521359
9252961,297,213,84,222741049
8832289,229,156,73,211496585
6050641,165,112,53,138739675
7664281,203,133,70,180587729
6876409,257,183,74,160020171
7862521,260,194,66,185798877
7242481,221,141,80,169546421
8631001,249,166,83,206137243
8040169,231,158,73,190483243
6659689,217,140,77,154406585
6475681,236,163,73,149655413
9051841,240,177,63,217358143
8454889,242,171,71,201458385
6276481,174,129,45,144530299
7048801,228,148,80,164500299
9253561,247,163,84,222756529
9634921,256,176,80,232996785
8235049,306,210,96,195632663
6876601,199,137,62,160025631
7664329,269,187,82,180589037
7446121,207,140,67,174868853
7863601,233,157,76,185828307
6050881,262,189,73,138745159
6276841,219,146,73,144538903
6476089,229,159,70,149665919
9831889,227,161,66,238303893
9435169,203,148,55,227628099
8455561,162,96,66,201476025
9052009,292,187,105,217362577
8832721,286,193,93,211508513
6660649,282,188,94,154431359
7242601,216,146,70,169549235
6876769,224,144,80,160029423
7049401,283,203,80,164514975
7666849,252,176,76,180654467
8040481,162,113,49,190491379
6277009,269,188,81,144542851
6477241,220,160,60,149695955
8632009,182,122,60,206163231
9253609,222,150,72,222758119
7864201,166,116,50,185843649
6051361,233,163,70,138757567
7446601,253,187,66,174881339
8236321,202,146,56,195666623
8455729,262,190,72,201480981
6877249,197,128,69,160041939
9052129,258,169,89,217365619
6277849,282,186,96,144565249
6477409,186,132,54,149699903
9634969,320,222,98,232998201
7667641,238,163,75,180675187
6660721,216,140,76,154433333
7865281,260,181,79,185872507
7242649,222,157,65,169550417
9254281,220,166,54,222775393
9832321,275,191,84,238315011
7051129,287,199,88,164560431
9435721,261,175,86,227642211
8832961,194,140,54,211514169
6051649,286,191,95,138764777
6877441,167,108,59,160047291
6278329,252,175,77,144577111
8040601,231,162,69,190494019
6477769,206,144,62,149709035
8456641,277,187,90,201504859
8632801,268,191,77,206185329
7668049,286,197,89,180685663
9052369,263,177,86,217371739
7446889,263,175,88,174888101
7865881,267,181,86,185887609
8236729,334,236,98,195677075
6662041,217,149,68,154467743
6278449,165,102,63,144580231
6877609,278,184,94,160051437
9254449,257,182,75,222779575
6478201,197,142,55,149721473
7243441,242,154,88,169570959
6052369,237,168,69,138783515
7051249,245,180,65,164563293
8456809,266,189,77,201509083
9635089,246,158,88,233001723
7668481,259,179,80,180697567
9052801,194,136,58,217383337
7865929,262,199,63,185889139
6278521,297,213,84,144581749
8833609,204,135,69,211531347
8041609,237,137,100,190520653
9832369,307,213,94,238316445
6479041,294,199,95,149742713
9435889,251,169,82,227647293
6877921,244,173,71,160059459
7446961,219,151,68,174889799
8633641,174,112,62,206206755
9254569,220,141,79,222783277
6662209,177,116,61,154471379
8457481,255,181,74,201526783
8237329,208,142,66,195692937
6052489,144,95,49,138786497
7668889,310,221,89,180708283
6279289,153,114,39,144602051
7243849,374,265,109,169581495
6479089,220,141,79,149744045
7052809,215,136,79,164603979
7866289,244,164,80,185898139
6878089,218,152,66,160063719
9052969,283,202,81,217387279
6279841,270,176,94,144616319
8041681,272,191,81,190522489
9636481,258,168,90,233039107
7669489,201,123,78,180724669
9255241,254,170,84,222801523
8833969,167,113,54,211541261
7447801,228,165,63,174912123
6662329,344,269,75,154474349
8457649,319,228,91,201530947
6479929,185,131,54,149765807
6052729,195,135,60,138792515
6879049,156,108,48,160088571
7866769,207,135,72,185911129
9436249,201,142,59,227656257
9833881,239,163,76,238358283
8634049,279,188,91,206217357
7244161,188,133,55,169590165
9053041,440,291,149,217388965
7053001,314,216,98,164609073
8237881,212,159,53,195707565
6279961,195,134,61,144619133
6480049,180,110,70,149768489
7669561,251,177,74,180726463
6879889,286,188,98,160110123
8458081,282,200,82,201542281
7866889,284,213,71,185913955
7244449,205,136,69,169597725
6053041,170,118,52,138800591
6662401,177,114,63,154476347
6280801,238,172,66,144640613
8042329,221,161,60,190539937
7448569,285,195,90,174932613
9054049,192,125,67,217416853
6480289,228,155,73,149774871
8834281,191,130,61,211549829
9255289,247,167,80,222803197
9636769,276,194,82,233046595
6880441,235,163,72,160124859
7053481,191,142,49,164621781
7670161,225,143,82,180742159
8634481,244,173,71,206229687
9436729,256,170,86,227670171
6281641,225,158,67,144661781
7244521,265,173,92,169599777
7867441,243,153,90,185928607
8238169,168,125,43,195715017
8458921,267,185,82,201564661
9834241,268,178,90,238367187
6053329,292,201,91,138808061
6481609,202,134,68,149808753
6662881,245,168,77,154488761
6880561,240,149,91,160127805
9054649,257,183,74,217433521
7448641,305,209,96,174934245
6282361,226,158,68,144680735
8042449,310,191,119,190542703
7245001,166,117,49,169612433
7868449,262,187,75,185956345
8458969,238,172,66,201566263
7053601,278,193,85,164624313
6481729,270,194,76,149811537
7670401,206,137,69,180748549
8835241,308,213,95,211575065
6880609,293,206,87,160129377
6053881,237,162,75,138821993
9255409,244,173,71,222806509
6282481,282,187,95,144683549
8634889,371,256,115,206240463
9637489,230,156,74,233066575
6663841,249,165,84,154513589
8239249,254,185,69,195743709
9055201,192,132,60,217448125
9437401,217,148,69,227688373
7245361,231,163,68,169621229
6483241,194,140,54,149851073
7869241,204,134,70,185976559
9834841,211,145,66,238383699
8459641,244,146,98,201584023
7449241,340,241,99,174949569
6882289,307,219,88,160172875
6282889,295,197,98,144694433
8042521,251,145,106,190544563
7054441,216,144,72,164646543
6054001,344,245,99,138825191
6483481,169,116,53,149856989
7670881,200,140,60,180760531
9055561,187,128,59,217457521
7869481,223,144,79,185982895
8239921,288,190,98,195762339
6664729,270,189,81,154537067
7246969,285,188,97,169663227
6283201,207,127,80,144702779
8835481,210,150,60,211581869
6883489,208,142,66,160204357
8459809,322,217,105,201587965
8635321,315,228,87,206251671
9256969,304,209,95,222847525
9637609,261,189,72,233069509
6484129,260,184,76,149873581
6054721,202,140,62,138843653
9437689,273,194,79,227695867
9834889,254,182,72,238384803
7449289,174,106,68,174950865
7054849,290,191,99,164657031
7870081,278,187,91,185998327
7247641,335,216,119,169680933
6283561,263,158,105,144711707
8240929,258,186,72,195787587
8043361,300,187,113,190566719
9055729,192,125,67,217461727
7671049,239,164,75,180765103
8460601,333,236,97,201609793
6484249,252,170,82,149877055
6884641,137,93,44,160234039
6665089,299,208,91,154546319
6055081,307,207,100,138852611
6284209,295,186,109,144727925
7247881,207,131,76,169686873
8836129,260,171,89,211598925
7870321,325,219,106,186004675
8635729,267,189,78,206261979
8241361,258,172,86,195799677
6484801,194,128,66,149891341
9835009,303,210,93,238387761
7450249,226,158,68,174976277
6055681,244,161,83,138868047
7055281,162,110,52,164668521
9637681,248,168,80,233071717
9257329,249,165,84,222857611
8460769,214,154,60,201614329
6284401,278,196,82,144733349
8044681,274,200,74,190601855
6665689,241,164,77,154561265
9437761,299,208,91,227697697
7248049,241,161,80,169691145
6885001,267,176,91,160243261
7871329,308,214,94,186031555
6055729,190,131,59,138869361
7671241,252,176,76,180770077
6485329,230,167,63,149904811
8241529,332,230,102,195804117
9056041,300,211,89,217469407
7450921,214,138,76,174993791
6284569,223,164,59,144737315
7055329,316,229,87,164669349
8461009,366,272,94,201620593
9835561,252,170,82,238403763
8638849,293,208,85,206345593
8836249,246,159,87,211602405
6486001,177,119,58,149922391
7871761,249,167,82,186042961
8045809,233,158,75,190631979
9438529,220,153,67,227718043
7249369,241,157,84,169726365
7671721,262,173,89,180783151
6055849,266,181,85,138872103
8241601,174,112,62,195805839
9258001,206,143,63,222875845
9638281,217,147,70,233088301
6885481,211,135,76,160256207
6666241,253,170,83,154575473
7450969,207,151,56,174994913
6285241,186,128,58,144755441
6486841,227,156,71,149943765
8461489,216,151,65,201632791
7872001,183,114,69,186048805
6285841,220,139,81,144770417
7055449,288,205,83,164672505
7672009,213,142,71,180791551
9056209,316,211,105,217473841
6666769,202,144,58,154590531
7451161,175,129,46,174999989
8242081,254,177,77,195818683
6056569,247,175,72,138890283
8639089,251,154,97,206351725
7249729,240,171,69,169735839
8046889,300,209,91,190659921
6885649,178,116,62,160260521
8837089,237,160,77,211624477
6487441,214,157,57,149959319
6285889,159,111,48,144771605
9439081,228,145,83,227733235
8462161,244,173,71,201651925
9835681,225,150,75,238406313
9639169,228,152,76,233111773
7873009,200,129,71,186075581
6667369,241,162,79,154605475
7451809,184,128,56,175017551
7673401,197,120,77,180827343
9258481,269,186,83,222888895
7056121,280,194,86,164689559
6056929,261,170,91,138900309
6286009,226,156,70,144774425
8242609,270,191,79,195832395
6487849,207,153,54,149969537
6886441,227,142,85,160281093
8462329,281,194,87,201656473
9056329,238,159,79,217477171
6668209,232,159,73,154626679
7250161,238,156,82,169746963
9439249,213,156,57,227737447
7452169,340,225,115,175026443
7673521,301,213,88,180830073
8639401,187,120,67,206360947
6286081,288,200,88,144776477
6488281,276,198,78,149980487
8047489,313,207,106,190675743
8837329,293,216,77,211630729
6886489,204,137,67,160282065
8243041,185,131,54,195843975
6057241,245,165,80,138907683
7873321,212,134,78,186083865
7056289,244,173,71,164694227
9639529,231,156,75,233121433
8462449,253,166,87,201658987
7453009,323,209,114,175048921
9835729,282,186,96,238407549
6286561,229,155,74,144788675
6668881,371,263,108,154644327
7673569,272,171,101,180831327
6489361,233,148,85,150008381
9258841,290,192,98,222897793
7250209,346,233,113,169747959
8837929,197,127,70,211647169
8243281,251,184,67,195849705
6886609,248,171,77,160285017
8640241,195,137,58,206382937
9056401,220,149,71,217479463
6286681,239,156,83,144791939
9440449,288,208,80,227769751
7453321,246,165,81,175056913
6490201,225,141,84,150030053
6669121,254,162,92,154650561
6058369,245,168,77,138936897
8463289,264,184,80,201681277
7676041,261,193,68,180896567
7057201,342,241,101,164718107
8047561,265,171,94,190677897
7873849,212,130,82,186097343
6286849,316,211,105,144795695
8838481,263,175,88,211660825
8243761,232,166,66,195862619
7453441,285,206,79,175059679
8640409,341,241,100,206387011
6669769,282,189,93,154667895
7250401,209,142,67,169753197
9640129,232,167,65,233137597
9259321,294,204,90,222911011
7677049,217,131,86,180922667
6490369,314,210,104,150034541
9835849,206,148,58,238410657
6887161,218,159,59,160299063
6059041,212,138,74,138954363
8463529,221,151,70,201687247
8047729,453,316,137,190682205
6287089,214,141,73,144801803
7058209,281,194,87,164744639
9057001,314,222,92,217495449
8245129,324,215,109,195898985
7454281,302,207,95,175081591
6669889,275,208,67,154670919
9441721,224,147,77,227803747
7874161,164,105,59,186106073
8640601,229,154,75,206392663
7677601,213,144,69,180937553
8838769,225,146,79,211668517
6287929,249,183,66,144823637
8464369,207,150,57,201709799
8048881,194,136,58,190712333
6059761,236,143,93,138972579
7251169,229,149,80,169773023
6490801,225,166,59,150046361
7454521,208,148,60,175087759
6888289,254,160,94,160328529
8245441,268,171,97,195907649
9057049,197,133,64,217496943
7058521,294,211,83,164752733
9640849,208,146,62,233157247
9259681,296,198,98,222920721
6288241,241,173,68,144831557
8641249,277,191,86,206409955
9836569,314,220,94,238429311
6669961,248,173,75,154673097
8464681,227,151,76,201718019
8049001,321,221,100,190715813
7874329,200,133,67,186109895
6060049,217,140,77,138979929
7677889,303,207,96,180944585
7455121,282,190,92,175103515
6288769,199,143,56,144845963
6490969,188,133,55,150050501
8246281,290,191,99,195929735
9441889,297,207,90,227807563
8841529,274,193,81,211742803
9058249,314,210,104,217529271
7251721,295,213,82,169787837
8642281,246,165,81,206436979
6888841,225,166,59,160343259
7058641,350,231,119,164755193
6060961,200,138,62,139003663
8049049,248,170,78,190716851
8465209,171,113,58,201732461
6670801,269,162,107,154694661
7457641,186,123,63,175170087
6290761,191,135,56,144896805
9641041,194,133,61,233162389
9260161,198,135,63,222933777
8246809,263,172,91,195944255
7677961,217,142,75,180946697
6061441,187,127,60,139015633
7875169,205,135,70,186132065
9836689,212,149,63,238432833
6491689,186,118,68,150068801
8642449,322,221,101,206441347
8049169,253,169,84,190720419
7253089,240,174,66,169823153
9058729,201,136,65,217541925
6291721,275,171,104,144921843
6889009,227,150,77,160347595
7457689,306,208,98,175171209
7059049,370,250,120,164766005
8842969,298,209,89,211781515
9441961,176,123,53,227810623
6061729,244,173,71,139022823
8247241,235,164,71,195955253
6671281,172,109,63,154707231
7678609,166,119,47,180963713
6292129,266,178,88,144931737
9260281,282,182,100,222936771
8642761,252,175,77,206449945
8466361,232,164,68,201763019
6493321,301,198,103,150110663
7457881,253,171,82,175176303
8049841,307,212,95,190737525
9059689,249,178,71,217567173
6889969,195,136,59,160372371
7875841,244,162,82,186150245
9641881,314,239,75,233184415
7254601,272,196,76,169862615
9836929,254,178,76,238438899
6062449,245,157,88,139041101
6292441,216,151,65,144940377
7059529,210,137,73,164778683
8248081,260,173,87,195977141
6671569,230,147,83,154714065
8843641,217,145,72,211799331
8643121,248,177,71,206459125
7458889,225,149,76,175202181
8049889,173,104,69,190738773
9442729,329,219,110,227831029
9261361,331,229,102,222965231
6062809,237,150,87,139050119
6890209,253,177,76,160378845
6493561,330,222,108,150116987
9059761,343,213,130,217569423
7679281,227,161,66,180981641
8466529,256,162,94,201766853
6293449,283,193,90,144966183
7875961,225,157,68,186152843
7255081,241,158,83,169875359
8248249,209,143,66,195981965
6063289,204,147,57,139062809
7060489,237,158,79,164803103
6671809,251,163,88,154719939
8050729,226,156,70,190761747
8643721,252,185,67,206475355
6890641,231,177,54,160389357
9838441,302,204,98,238479945
9642049,327,212,115,233188873
7459201,256,184,72,175210515
6293569,231,157,74,144968877
9060409,333,228,105,217587229
7255201,305,207,98,169878131
6494041,274,186,88,150129167
8843881,314,214,100,211805265
8248321,237,163,74,195983939
7680289,189,121,68,181007651
6063649,211,134,77,139071161
9442969,428,279,149,227836893
6890809,198,139,59,160394085
9262009,222,144,78,222982733
6293809,322,211,111,144974973
8051401,292,194,98,190779507
8466889,292,215,77,201776873
8643889,216,142,74,206479771
7876369,372,254,118,186163991
7061401,195,140,55,164826895
6673081,303,194,109,154753149
9061249,250,172,78,217609825
7255609,198,139,59,169888811
6064129,224,148,76,139084049
8248921,301,204,97,196000353
7459321,266,186,80,175213647
9642889,195,124,71,233212345
6494209,276,184,92,150133271
6294241,241,166,75,144986269
6891529,272,201,71,160413315
8052241,270,183,87,190801287
7680649,237,174,63,181016969
9839449,254,186,68,238507771
8644609,277,192,85,206498657
6064489,358,267,91,139093295
8844049,358,234,124,211809549
6673321,227,164,63,154759761
7061569,283,192,91,164831953
6294289,192,132,60,144987541
9445921,216,156,60,227916631
9061441,219,134,85,217615135
8249089,219,149,70,196004523
6891721,209,148,61,160418145
7876801,183,135,48,186175919
8467201,218,150,68,201784933
9262129,328,227,101,222985913
7256089,229,154,75,169901447
9643321,242,161,81,233223649
6064921,148,93,55,139104695
6494881,289,201,88,150150847
7460209,190,127,63,175236969
8052361,243,166,77,190804353
8644729,228,155,73,206502149
6294481,280,188,92,144992407
6892201,261,183,78,160430179
8249161,242,155,87,196006401
7681489,373,251,122,181038911
6065329,300,207,93,139114295
9062089,171,120,51,217632199
6673969,210,146,64,154776501
7062049,240,169,71,164844223
8844361,283,198,85,211817679
8052601,321,229,92,190810261
6294649,167,113,54,144996925
9839761,279,185,94,238516459
9643729,287,200,87,233234281
7256209,194,138,56,169904639
6495409,316,219,97,150164101
7876969,235,161,74,186179765
6892489,265,181,84,160437565
8645281,181,122,59,206516963
8467729,254,159,95,201798289
9446161,289,211,78,227922949
7460329,293,194,99,175240785
6065809,280,181,99,139126733
9262849,242,168,74,223005351
6674809,228,146,82,154798071
9062281,278,197,81,217636819
8249809,285,194,91,196023477
6295129,215,148,67,145008805
8053249,236,157,79,190827817
6892729,314,218,96,160443427
7681969,214,140,74,181052663
6065929,202,138,64,139130069
7062721,225,144,81,164862361
9645169,220,145,75,233272975
8645449,347,254,93,206521079
6495721,195,130,65,150172933
6674929,264,184,80,154801449
6295249,179,115,64,145012141
7257721,147,101,46,169943643
8844721,269,196,73,211828071
7877809,242,146,96,186202025
6066769,214,158,56,139152031
7460881,233,166,67,175254579
9063121,248,176,72,217659709
6893401,256,171,85,160462249
8468041,219,134,85,201806683
8053369,273,196,77,190830697
9840049,269,177,92,238523545
9446329,291,198,93,227927767
6295489,259,161,98,145017913
6675601,203,120,83,154818141
8250481,319,224,95,196041115
8646961,268,185,83,206561489
9263041,334,250,84,223010703
9645241,218,141,77,233274811
7063729,291,195,96,164888011
7682089,258,169,89,181055309
6067681,221,149,72,139175413
6495889,172,113,59,150176821
6894001,191,124,67,160477075
7258129,254,174,80,169954385
8053921,247,178,69,190845835
9063889,276,181,95,217679575
6295801,233,157,76,145026115
6675649,282,186,96,154819401
7878649,271,171,100,186224129
7461169,253,173,80,175262037
6067849,213,153,60,139179253
8647129,235,161,74,206566343
8845201,195,135,60,211841295
6894049,268,180,88,160478251
8468401,307,204,103,201815597
9646081,208,139,69,233296825
6297481,176,116,60,145069891
7064089,305,206,99,164897425
6496729,220,139,81,150198499
6675769,247,156,91,154822695
8251489,163,111,52,196067851
8054089,319,220,99,190850065
6069121,216,141,75,139212001
9446809,311,201,110,227940331
7682329,301,219,82,181061897
9840121,262,183,79,238525243
9064129,259,184,75,217686421
9263689,299,202,97,223027257
7259449,294,205,89,169988741
6894241,331,220,111,160482991
8647801,283,188,95,206584121
6297649,228,151,77,145074343
6496849,362,254,108,150201661
7462849,204,134,70,175306857
7878721,301,196,105,186225695
9646249,342,259,83,233301547
6069529,254,176,78,139222203
8054281,170,115,55,190855181
8846209,204,131,73,211867177
7064569,260,180,80,164909653
8251849,186,127,59,196077823
8469049,323,229,94,201833477
6676321,206,129,77,154836903
7682641,269,190,79,181070525
6895249,201,140,61,160509007
9064441,211,147,64,217694827
6298009,191,118,73,145083259
8648929,221,146,75,206613891
6069841,240,168,72,139230099
7259809,351,245,106,169997591
6497761,217,149,68,150225175
9446929,337,227,110,227943565
9840601,289,189,100,238539067
8054881,234,146,88,190870745
9263809,208,147,61,223030683
9646561,242,156,86,233310355
6895849,247,165,82,160524613
7462921,236,174,62,175308729
6298321,251,155,96,145090915
7879321,236,167,69,186242339
7682809,234,152,82,181074497
6070969,249,179,70,139259961
9064801,264,178,86,217703989
8847169,201,142,59,211893157
7064689,216,150,66,164912275
6676441,330,222,108,154840269
8254369,281,196,85,196143955
8649001,193,126,67,206615669
8469841,275,190,85,201854981
6896089,236,146,90,160531059
6298609,237,164,73,145098265
8054929,241,163,78,190871987
6497929,197,135,62,150229861
7260961,248,163,85,170028213
6071641,215,155,60,139276613
9647569,259,168,91,233337095
9064969,207,155,52,217708471
8847409,374,272,102,211899379
7463761,301,213,88,175330047
9447481,242,159,83,227958115
6299521,284,200,84,145121467
6676609,190,118,72,154844385
7879369,220,142,78,186243401
7683601,202,144,58,181095011
6896761,289,206,83,160548369
8650321,203,134,69,206650623
7065601,349,226,123,164936289
9264481,230,158,72,223048785
9841441,175,121,54,238561453
6072361,201,132,69,139295033
8055049,232,162,70,190875521
8254801,163,105,58,196155949
6498769,292,181,111,150251259
7261081,197,137,60,170031501
8469889,262,171,91,201856391
6300121,248,180,68,145136991
9647761,305,205,100,233341451
6897409,200,133,67,160565677
9065401,239,162,77,217720221
6072481,232,156,76,139297865
8847889,273,174,99,211912111
8650849,250,161,89,206664855
6677329,271,173,98,154863041
7464409,269,178,91,175346923
7683649,273,198,75,181095941
8055121,243,172,71,190877135
7065769,214,151,63,164940495
6300169,243,176,67,145138209
7879489,348,230,118,186246347
6499081,217,161,56,150260175
6898081,168,103,65,160582663
6072721,218,148,70,139304333
9447601,268,179,89,227960899
7261801,199,132,67,170051451
9264529,296,208,88,223050393
8254849,187,127,60,196156957
9647929,234,153,81,233347415
9065449,234,148,86,217721541
9841561,272,185,87,238564227
8849521,205,143,62,211956373
8651161,307,217,90,206672763
6300529,236,146,90,145147233
8470081,220,151,69,201861491
8055889,268,188,80,190897151
6072889,223,155,68,139308221
6678289,181,132,49,154887977
6898249,300,204,96,160586569
7464529,249,170,79,175349911
7684009,224,162,62,181105139
7066249,199,136,63,164952561
6499369,261,183,78,150266967
6301129,330,233,97,145162665
7880209,222,145,77,186265557
9066481,226,166,60,217749123
6073201,249,168,81,139317005
9648241,233,165,68,233355683
8651281,208,144,64,206676237
8850601,241,167,74,211984915
7261921,282,200,82,170054523
8055961,271,192,79,190899395
6898609,186,124,62,160596379
8255521,169,112,57,196174861
9448489,258,174,84,227985373
9264721,276,174,102,223055061
6679009,223,151,72,154905869
6301201,167,115,52,145164573
6073321,212,144,68,139319963
8470681,282,199,83,201877241
9841609,309,217,92,238565505
7465369,292,210,82,175372037
7067089,248,174,74,164975619
6500209,201,131,70,150288873
6898921,196,129,67,160604473
7684441,233,157,76,181116239
9066649,214,156,58,217753527
8056801,227,159,68,190921601
8651329,219,155,64,206677389
8852449,326,219,107,212034157
9648361,278,208,70,233359019
7881241,227,156,71,186292387
6301681,185,120,65,145177035
6074041,240,169,71,139338179
7264009,262,177,85,170108189
6679369,224,153,71,154915811
6899281,225,138,87,160613905
8255881,194,125,69,196184105
6301969,242,181,61,145184547
8057281,280,208,72,190934279
6500281,270,191,79,150290697
6074209,245,170,75,139342589
8651689,290,197,93,206686167
9067249,287,193,94,217769703
8852881,255,166,89,212045497
7067209,308,214,94,164978655
9449281,213,151,62,228006151
9267169,282,201,81,223120221
7466209,228,162,66,175394519
8470729,224,164,60,201878553
9649201,180,112,68,233381663
7684489,271,180,91,181117685
6900121,303,205,98,160635211
9844129,228,160,68,238634197
7881721,253,176,77,186305047
7264489,249,168,81,170120417
6302521,255,163,92,145199013
6074329,240,168,72,139345679
8057449,246,163,83,190938761
6679681,237,162,75,154924421
8652361,269,193,76,206704497
8853289,241,167,74,212055913
9067321,284,186,98,217771707
6500449,214,136,78,150295149
6900601,310,214,96,160648609
8256361,215,144,71,196196441
7067761,275,181,94,164993115
6302689,266,170,96,145203627
9649249,186,127,59,233383013
6074569,303,206,97,139351547
7467049,259,187,72,175416815
7685521,231,176,55,181145597
8471569,329,237,92,201901029
8057809,277,185,92,190947917
9267241,208,150,58,223122363
9449521,234,147,87,228012621
7265281,156,106,50,170141237
8654521,200,127,73,206761883
7881889,240,171,69,186309823
6900889,345,264,81,160655389
6303529,240,179,61,145224711
6679801,261,189,72,154927181
6076249,172,125,47,139395633
8854129,251,172,79,212078849
9067489,332,216,116,217775673
6500761,228,163,65,150303201
9845089,194,126,68,238659775
9649609,298,202,96,233392679
7067881,256,169,87,164996229
8058409,243,163,80,190964309
6076849,229,166,63,139409745
6305041,198,135,63,145263651
8256889,245,157,88,196210067
7467121,272,176,96,175418507
6900961,239,156,83,160657291
8654641,220,164,56,206765135
7688209,195,123,72,181215883
8855281,201,151,50,212109665
9068161,272,184,88,217793805
7265329,243,166,77,170142497
6680041,247,168,79,154933235
8473369,231,153,78,201948489
6078361,261,174,87,139448439
6501049,219,145,74,150310623
7882009,241,167,74,186313051
6305401,220,154,66,145272693
9267721,241,160,81,223135821
9450169,254,175,79,228030363
9649921,285,206,79,233400725
6901441,249,169,80,160670065
8059489,196,148,48,190992197
7068049,266,163,103,165000429
8654689,263,172,91,206766983
6078409,240,171,69,139449651
7467721,261,177,84,175433693
9845161,246,168,78,238661863
8855401,252,171,81,212112341
6306049,187,126,61,145289487
9068929,238,172,66,217814565
8257321,225,156,69,196221707
6903121,242,163,79,160713181
6680521,248,156,92,154945733
7688809,278,186,92,181231609
7266001,246,175,71,170160273
8061169,218,151,67,191036873
6501601,279,185,94,150324615
9650281,262,187,75,233410445
6078529,280,198,82,139452543
8473609,261,169,92,201954999
7882681,209,139,70,186330883
6306409,233,155,78,145298991
8654809,228,163,65,206770133
7068601,197,140,57,165015219
6904081,253,173,80,160738597
8855569,277,200,77,212116775
9268681,248,172,76,223161615
9450289,300,204,96,228033051
9069169,298,204,94,217821375
6079201,302,202,100,139470351
8061481,222,150,72,191045531
7468129,204,148,56,175444139
6680689,307,211,96,154950257
6306721,263,176,87,145307013
6501721,256,175,81,150327637
8258401,250,176,74,196250283
7266169,223,156,67,170164731
7688881,284,197,87,181233313
9650761,398,263,135,233424143
9845809,241,164,77,238679711
6904129,203,138,65,160739563
8655649,345,228,117,206791893
6080281,219,149,70,139497705
8856121,304,205,99,212131391
7882729,235,159,76,186331969
6307009,153,102,51,145314615
8474761,192,130,62,201986685
7069609,298,200,98,165040865
9070609,259,172,87,217859967
8061841,317,221,96,191054483
6904321,270,182,88,160744681
6681361,188,125,63,154967465
7468801,269,182,87,175462403
6080761,227,152,75,139510437
6501889,188,124,64,150331825
9268921,251,172,79,223168401
9651289,255,180,75,233437619
9451009,219,144,75,228052935
6307921,231,162,69,145337217
8655721,255,185,70,206794017
7266289,266,193,73,170167545
7690321,236,156,80,181270699
8856241,316,205,111,212134397
8260009,267,170,97,196292597
8062009,311,213,98,191059373
9070681,202,141,61,217861995
6080881,118,88,30,139513233
6904801,172,109,63,160757093
7069801,364,251,113,165046139
7883761,303,212,91,186359035
6308089,317,215,102,145341477
9846649,302,213,89,238701689
8474929,200,134,66,201990657
6681481,218,143,75,154970021
6502129,237,171,66,150338133
7267009,205,140,65,170186307
8656321,211,152,59,206809449
9652441,282,197,85,233468027
7470481,281,205,76,175505691
6081289,310,199,111,139523319
8856649,287,207,80,212145667
6904921,278,173,105,160759427
6308521,285,214,71,145353137
9071521,250,181,69,217884093
7690489,182,123,59,181275511
9269761,222,146,76,223190343
9451969,267,175,92,228077989
8261521,201,146,55,196333349
8062321,195,128,67,191067257
7267849,231,140,91,170208321
7071121,152,116,36,165080963
6081601,211,155,56,139531317
7884529,216,151,65,186379459
8656369,385,263,122,206811453
6905329,354,231,123,160770311
6681529,215,147,68,154971671
6502609,202,152,50,150350373
6308569,288,202,86,145354247
9652561,285,193,92,233471675
8857489,273,190,83,212167997
8475289,331,229,102,201999819
7470961,205,134,71,175518441
9072361,200,145,55,217906725
9846841,259,189,70,238706237
6081961,224,166,58,139541139
7268641,259,169,90,170229229
6308761,250,173,77,145359041
7691041,282,203,79,181290245
6906169,287,180,107,160792343
8656561,175,112,63,206816205
7071241,230,146,84,165083711
8063161,256,177,79,191089475
9270361,237,163,74,223206507
6082441,228,168,60,139553997
8261689,317,227,90,196337279
6681721,259,176,83,154976051
6503281,217,156,61,150367917
8858329,265,178,87,212190347
9653641,316,210,106,233501289
9452809,252,167,85,228101009
7885081,219,160,59,186393845
7268881,175,120,55,170235265
6309529,253,173,80,145379075
9073369,376,260,116,217933497
6906649,225,149,76,160804517
7471081,250,157,93,175521585
8475721,201,144,57,202011615
6082561,240,162,78,139556157
8656729,276,201,75,206820369
6309769,244,170,74,145384985
7691209,232,157,75,181294955
7269481,242,163,79,170251255
8859481,253,163,90,212221727
7071409,220,153,67,165087881
9847009,303,202,101,238711403
6504649,305,198,107,150403515
9654241,216,132,84,233516703
6681889,241,166,75,154980155
6907441,249,185,64,160825709
6083641,218,147,71,139584111
9074521,193,135,58,217964149
8063329,227,148,79,191093753
8262601,324,240,84,196362701
7885201,238,159,79,186396497
9270409,263,184,79,223207629
6310201,175,118,57,145396449
8657041,240,161,79,206829969
7471249,295,193,102,175525959
7269529,236,147,89,170252389
9452881,219,148,71,228103151
6907609,242,164,78,160830317
6083809,190,133,57,139587975
8859841,209,139,70,212231699
8475769,228,156,72,202012809
6506089,296,216,80,150440295
9654649,226,156,70,233527977
7072129,231,160,71,165106421
7691329,214,132,82,181297943
6682369,197,131,66,154993097
9074881,299,212,87,217973137
6310921,244,152,92,145414893
7271569,359,249,110,170306245
6084289,258,175,83,139600457
6908281,258,166,92,160847375
8657161,315,215,100,206832789
8064169,181,114,67,191116161
9847609,370,268,102,238727293
8262769,230,163,67,196367471
7885369,251,165,86,186401567
8860849,311,197,114,212258045
6311881,178,128,50,145439709
7471801,250,182,68,175540803
9270529,296,219,77,223211169
6084409,240,172,68,139603289
9654961,227,153,74,233536365
6506161,283,192,91,150442179
9075049,292,202,90,217978321
7271881,214,151,63,170314039
6908329,227,140,87,160848713
6682561,317,215,102,154997735
7072321,276,172,104,165111545
9453889,262,181,81,228130451
8476801,272,180,92,202039881
7691401,244,169,75,181299533
8657569,252,176,76,206843331
6313129,217,147,70,145471329
6084961,183,130,53,139617563
8863201,255,176,79,212320443
8064361,266,185,81,191121051
7272049,203,131,72,170317909
6908521,294,202,92,160853747
7887601,283,197,86,186460487
8263249,261,178,83,196379543
7472089,190,132,58,175548909
9075361,221,129,92,217987615
6313969,267,166,101,145492983
9655489,464,319,145,233550527
6506329,196,129,67,150446607
9848281,261,176,85,238745171
6682729,212,150,62,155002403
6086809,209,140,69,139664603
8657881,336,228,108,206851737
7072801,280,192,88,165124109
9270769,298,209,89,223217271
6909289,306,209,97,160874651
7691569,361,240,121,181303289
8863801,267,183,84,212336523
7272409,308,214,94,170327053
8477281,233,159,74,202053033
6314569,310,203,107,145508241
9454201,286,190,96,228138701
6086929,256,195,61,139668173
9075889,270,178,92,218000617
9655801,231,158,73,233559629
6507649,171,110,61,150480819
8064841,190,128,62,191133763
8659009,352,253,99,206881989
7472161,294,208,86,175550379
7887721,230,172,58,186464147
6909841,247,163,84,160888637
6683161,199,136,63,155013389
8263369,191,129,62,196382657
6314641,228,159,69,145510701
7272721,230,147,83,170335957
7073089,194,145,49,165131873
6088009,220,157,63,139695515
8863969,275,194,81,212340957
9850129,283,184,99,238795449
7692001,250,171,79,181315067
9076201,291,202,89,218009263
6314809,290,204,86,145515171
6910201,166,106,60,160898075
9271081,243,157,86,223225973
8477449,293,199,94,202057065
8659921,195,125,70,206905425
6088441,240,159,81,139706645
7272841,248,162,86,170338693
9656089,255,172,83,233566889
6509449,180,132,48,150526493
9454321,343,240,103,228141257
6683401,211,140,71,155020087
7472761,258,186,72,175565951
8065009,243,168,75,191137813
8864041,268,180,88,212342907
7887889,180,116,64,186468641
7073329,291,197,94,165138179
6315121,318,220,98,145522965
8263441,203,136,67,196384469
6088681,231,151,80,139713107
6910369,204,129,75,160901609
7273249,231,160,71,170349429
9077161,275,183,92,218034271
8660401,256,179,77,206918673
7692241,334,240,94,181321061
9657001,242,164,78,233592077
6509689,240,163,77,150532955
6315481,223,152,71,145532249
6089521,221,153,68,139734425
8864521,252,170,82,212356335
8478961,276,190,86,202097263
6910801,267,190,77,160913285
6684001,160,101,59,155035999
9850369,239,157,82,238802745
9271441,217,146,71,223235711
7273921,234,157,77,170366399
7472929,244,167,77,175570493
7073761,237,161,76,165149375
8065129,338,245,93,191140591
7888729,237,175,62,186489549
9077329,297,206,91,218039245
9454369,324,218,106,228142439
8660569,282,188,94,206922843
6316249,163,114,49,145551737
6090001,235,156,79,139746599
8264281,255,189,66,196406623
6912049,168,109,59,160945213
9658489,208,155,53,233631341
6511801,189,141,48,150587201
8864641,180,127,53,212359455
7692409,331,234,97,181326413
7274401,226,153,73,170379623
6686569,346,253,93,155102067
6090121,261,171,90,139749735
6316801,190,127,63,145565669
8479321,327,216,111,202105897
9077401,237,160,77,218040981
8660689,278,182,96,206926581
7473841,252,165,87,175594117
7074481,232,167,65,165168407
6912361,159,108,51,160953691
9272041,215,153,62,223251225
7888801,293,197,96,186491673
8065201,193,127,66,191143255
9850801,232,152,80,238813737
7274569,243,156,87,170383913
9658609,249,168,81,233634359
6090289,351,229,122,139753899
6316969,254,179,75,145569521
8864881,252,177,75,212365719
6512521,215,158,57,150606215
8265121,302,212,90,196429333
9454561,314,203,111,228148949
6912649,252,177,75,160960879
7692889,246,161,85,181338515
6686761,335,224,111,155106891
8660929,305,211,94,206932797
9078241,308,230,78,218063565
6090529,194,121,73,139760163
7275361,260,168,92,170404259
6317929,266,193,73,145595273
7076281,206,137,69,165214593
7474009,226,153,73,175598143
8479489,276,187,89,202110085
8868721,225,146,79,212467843
9659161,207,144,63,233649317
6913201,174,114,60,160974777
6513361,313,208,105,150627709
7889281,198,138,60,186504183
8066209,249,176,73,191170269
6092041,255,175,80,139798471
6318001,268,184,84,145597127
9273049,217,149,68,223279197
7275529,291,191,100,170408501
8661241,239,151,88,206941199
6687529,251,172,79,155127077
9080089,299,203,96,218112423
9850849,227,156,71,238815015
8265289,278,184,94,196433329
7693009,230,160,70,181341677
6914161,197,136,61,161000577
9455161,212,133,79,228164963
6092689,178,131,47,139815445
8868841,188,130,58,212470867
7076521,179,120,59,165220663
6319441,302,197,105,145633847
9660841,179,133,46,233696053
7474321,268,187,81,175606141
7275601,214,150,64,170410481
6513649,240,159,81,150635263
8661529,333,230,103,206949243
8480089,238,151,87,202126773
7889569,271,180,91,186511479
9081409,265,169,96,218148075
6092809,271,197,74,139818331
6914569,209,149,60,161011419
6689281,202,129,73,155171975
8066689,172,116,56,191183073
6319681,175,112,63,145639559
8868889,351,226,125,212472175
7693681,261,182,79,181359125
8265769,282,203,79,196445467
7275769,291,205,86,170414957
9273289,192,126,66,223284501
9661009,367,259,108,233700079
7077289,251,166,85,165240805
6093481,195,131,64,139836427
9851689,247,163,84,238837857
6513889,247,182,65,150641311
6915841,225,156,69,161043849
8661769,330,222,108,206955519
7474681,288,194,94,175615693
6320329,262,180,82,145656737
9455401,239,158,81,228170993
9081769,234,164,70,218157273
6690289,288,207,81,155198135
7276081,189,129,60,170423213
6093721,191,142,49,139842199
7889641,283,187,96,186513627
8869009,332,240,92,212475313
8480929,353,248,105,202148487
8066881,193,119,74,191188287
6320689,276,185,91,145665683
6916081,239,173,66,161050125
9661129,299,213,86,233702965
7694569,194,141,53,181383389
8662201,202,143,59,206966193
7077361,234,162,72,165242863
6514201,174,118,56,150649771
8265889,233,151,82,196448581
6094489,219,161,58,139861765
9082081,187,127,60,218166237
7276369,253,168,85,170430383
9273961,238,165,73,223302799
7475521,187,125,62,175637397
6321121,216,147,69,145676849
6916561,187,128,59,161063011
6690601,143,95,48,155206587
8869681,279,192,87,212493601
9852361,262,173,89,238856535
6094729,201,126,75,139867717
9455881,252,173,79,228183713
7891801,325,211,114,186570441
8662249,248,171,77,206967843
9661681,275,190,85,233717839
8068729,224,159,65,191236731
7276609,325,226,99,170437067
8481169,284,189,95,202155819
6321169,322,222,100,145678001
6514489,236,153,83,150656593
7078009,204,136,68,165259527
9083281,190,131,59,218197855
6916681,268,188,80,161065489
7694689,314,219,95,181386215
6095209,322,222,100,139879993
8266129,286,201,85,196455229
8870401,205,144,61,212512663
7476289,310,200,110,175658001
6690721,227,164,63,155209569
6321361,249,162,87,145682879
7277761,234,157,77,170467103
9274561,249,161,88,223318837
8662441,319,225,94,206972859
6917761,269,182,87,161094087
9661849,255,183,72,233722027
6095329,228,143,85,139883203
9084961,231,159,72,218243283
6515329,228,166,62,150678463
7891969,291,193,98,186575169
9852529,266,189,77,238860573
7078129,246,163,83,165262791
8069041,256,171,85,191244579
6321961,289,195,94,145698353
9456049,238,165,73,228188087
8870689,195,138,57,212519775
8481481,311,228,83,202163547
7695241,178,124,54,181400725
7277929,216,147,69,170471347
6918361,257,189,68,161109669
6096049,216,153,63,139900975
6691129,256,180,76,155219467
7476529,338,233,105,175664445
8663089,284,193,91,206990133
8266561,210,142,68,196466501
9661969,249,168,81,233725207
6322009,182,130,52,145699511
9085129,207,140,67,218247159
6515881,185,123,62,150692485
7278721,242,146,96,170491867
6096241,303,217,86,139906963
6918409,159,109,50,161110923
8870761,190,128,62,212521755
9275281,196,142,54,223339153
7078369,178,125,53,165269055
7892329,290,177,113,186584919
8070169,306,218,88,191274513
8663209,228,146,82,206993499
6322681,182,123,59,145717931
7695601,195,138,57,181410283
6691801,255,179,76,155237599
8482681,244,166,78,202196019
6096721,201,133,68,139918821
9852649,336,231,105,238863429
7476841,230,161,69,175673505
9456241,260,180,80,228193385
9662041,272,182,90,233726767
7278961,308,213,95,170498431
6919441,202,140,62,161137141
9085561,257,168,89,218258655
8268241,199,144,55,196511189
6516001,299,211,88,150695647
8871241,278,208,70,212534715
6322969,199,130,69,145724345
6097681,269,183,86,139943491
8664961,342,232,110,207039807
7078969,281,208,73,165284403
7893169,242,149,93,186606405
6920041,272,182,90,161153179
7279729,364,251,113,170518419
6691969,209,144,65,155241907
9275569,236,161,75,223346377
8070241,178,112,66,191276433
6323209,180,129,51,145730807
7695769,207,136,71,181414315
9086401,292,206,86,218281353
9662689,177,124,53,233744463
6098401,174,110,64,139962565
7476961,257,168,89,175676433
8871409,281,202,79,212539317
8483521,284,205,79,202217925
6516241,193,125,68,150701479
6920449,245,164,81,161163541
8665441,261,182,79,207052695
8270761,279,190,89,196577709
7279969,187,126,61,170525049
9456409,262,165,97,228197969
9852889,307,222,85,238870053
6324049,271,187,84,145752293
7079041,257,181,76,165286179
6098761,299,212,87,139971013
6692281,284,191,93,155249659
9087241,261,187,74,218304459
9663481,213,147,66,233765841
7893649,210,143,67,186619797
8871769,148,103,45,212549253
6920761,217,138,79,161172739
7696201,283,195,88,181425451
6324481,242,166,76,145762955
8070409,224,144,80,191280873
7280569,199,129,70,170540913
6517249,317,219,98,150727525
7477801,232,161,71,175698047
6098929,226,144,82,139975081
8665561,200,137,63,207055719
9276121,287,183,104,223360603
8484001,229,158,71,202230297
8271169,247,178,69,196588023
6324529,214,149,65,145764119
6921961,296,202,94,161202779
7079209,247,180,67,165290643
9087409,268,174,94,218308479
6692809,298,211,87,155263015
6099409,215,141,74,139987759
7280809,291,191,100,170547333
9663721,285,191,94,233771775
8873041,288,204,84,212582715
9457009,260,179,81,228214205
9853369,217,149,68,238883397
8666809,308,200,108,207088685
7894321,210,141,69,186637791
6517561,238,160,78,150735883
7696369,253,173,80,181430449
6325201,272,180,92,145782077
7478209,265,181,84,175708493
8070721,266,183,83,191289153
6922129,251,168,83,161206943
6099601,234,157,77,139993159
7281289,248,182,66,170559675
9087961,247,151,96,218323833
9276481,408,279,129,223369981
8873089,223,156,67,212583825
6693289,134,86,48,155275537
7079521,210,142,68,165299319
8484121,321,216,105,202233471
9663889,194,124,70,233776989
6325321,225,180,45,145784843
8667121,211,145,66,207097685
8271841,264,182,82,196606303
6100201,224,153,71,140007907
6922801,215,156,59,161224709
6517921,257,182,75,150744685
7281649,209,144,65,170568621
7894489,355,241,114,186642117
9457561,219,149,70,228229859
7697281,219,142,77,181453939
7480729,149,104,45,175774107
9854041,266,181,85,238901133
6326041,205,142,63,145803719
9088801,303,208,95,218346297
6101089,254,164,90,140030441
8070889,343,237,106,191293449
8874049,280,198,82,212609337
6922969,190,132,58,161229419
9664321,332,226,106,233788827
6693481,238,157,81,155280307
8667289,255,167,88,207102111
7079641,238,171,67,165302109
7282129,293,201,92,170581839
6519361,211,158,53,150782353
8484169,244,153,91,202234563
6327241,283,191,92,145834253
9276649,279,174,105,223375015
6101449,236,159,77,140039759
8272321,277,193,84,196619413
6924241,236,156,80,161262423
9089929,234,159,75,218376351
8875129,267,179,88,212639111
7895281,220,158,62,186662583
7697761,185,115,70,181467787
7481209,270,174,96,175786353
7282801,258,180,78,170598897
8667961,211,143,68,207119433
9664729,257,176,81,233799693
6102769,229,153,76,140073875
6327721,264,182,82,145846721
6693649,218,151,67,155284513
9457849,281,176,105,228237095
8071009,229,152,77,191296671
7080889,286,190,96,165334289
6924409,307,221,86,161266329
9854329,223,152,71,238908231
6519529,219,143,76,150786781
6104281,229,159,70,140112439
9090649,268,185,83,218394873
6327889,261,158,103,145851293
7283761,217,143,74,170624391
8875609,291,198,93,212651657
8484361,226,166,60,202240017
8272441,226,155,71,196622341
8668081,224,143,81,207123225
9277921,283,179,104,223409527
9665041,206,135,71,233808033
6924961,262,177,85,161281047
7895449,213,147,66,186667515
7481401,278,187,91,175791747
7697881,252,165,87,181470865
6693961,250,168,82,155293357
6104569,200,148,52,140119417
6328249,289,214,75,145860671
7081201,228,160,68,165342473
6520081,253,180,73,150801037
8071249,400,284,116,191303031
7283929,244,160,84,170628393
9091009,213,146,67,218405573
8875969,244,169,75,212661065
9458521,292,204,88,228254825
8668489,307,200,107,207133467
6925249,225,164,61,161288133
6104641,177,117,60,140121061
6328849,259,185,74,145875821
9854401,341,237,104,238910289
9665209,232,167,65,233812275
8484961,160,96,64,202256391
8272609,275,191,84,196626931
7284649,182,125,57,170647575
6694249,210,141,69,155300593
7482001,302,197,105,175806831
7895521,258,181,77,186668859
7697929,226,157,69,181471873
9278329,276,203,73,223420175
6520441,248,159,89,150810673
6925489,297,202,95,161294511
7082209,241,150,91,165368729
6106081,188,128,60,140157793
9091441,272,180,92,218416823
8876449,190,131,59,212673797
6329689,267,178,89,145897335
8668801,232,167,65,207142257
8072521,256,176,80,191335881
7284769,300,224,76,170650761
9665329,198,128,70,233815449
6106249,267,195,72,140162557
6926761,217,145,72,161327657
9460249,257,176,81,228301469
6330529,253,185,68,145919309
6695641,268,175,93,155336695
8877409,219,153,66,212700059
6520609,275,196,79,150815125
9091609,342,243,99,218421635
7483561,280,195,85,175848197
8272681,247,162,85,196628731
8485129,324,210,114,202260735
8669329,268,179,89,207155949
7698049,237,171,66,181474813
7896529,198,130,68,186694945
9854569,234,151,83,238915719
7082329,281,200,81,165371867
7285441,196,136,60,170667939
6106489,174,119,55,140168707
6331081,226,143,83,145932995
6926809,283,186,97,161328815
9278809,269,180,89,223433273
8072689,177,117,60,191340273
9666001,256,182,74,233833539
6696169,188,134,54,155350233
6106801,246,170,76,140176693
8877481,398,264,134,212701577
7285849,303,213,90,170678745
9092449,263,178,85,218443793
8669929,286,188,98,207171725
6331249,226,161,65,145937309
6521041,264,182,82,150826003
6927169,305,210,95,161337809
7483681,227,151,76,175851107
7083049,201,130,71,165391085
9460609,331,217,114,228311339
7698121,288,212,76,181476625
8273449,233,165,68,196649005
7897849,301,208,93,186729439
8485201,244,163,81,202262469
6106921,295,197,98,140179513
9666169,357,253,104,233838321
7286449,201,145,56,170694483
6331609,244,172,72,145947245
9855049,237,165,72,238928541
6927841,314,218,96,161355877
8878249,283,185,98,212721785
8072761,232,165,67,191342301
9093121,274,188,86,218461193
6696601,322,244,78,155361375
8670481,240,165,75,207187349
9279169,168,118,50,223442423
6521089,217,149,68,150826927
6107329,267,179,88,140190115
6332089,304,210,94,145959173
7084249,228,146,82,165422265
7484089,290,194,96,175862267
7286689,276,189,87,170700297
6928489,265,184,81,161372575
7698289,168,116,52,181480381
9666409,212,153,59,233844513
7898641,242,159,83,186750115
8274841,247,164,83,196685203
6107809,244,167,77,140202781
8878921,227,159,68,212740247
8671009,282,197,85,207201017
8485681,190,134,56,202276065
9461209,263,178,85,228327407
9093169,248,170,78,218462759
6697321,206,148,58,155380395
6332761,246,174,72,145976735
6521209,207,146,61,150830149
8074249,242,162,80,191382549
7287001,196,136,60,170708679
6928609,289,193,96,161375323
6108001,237,151,86,140207917
9855169,235,152,83,238931463
9279481,253,177,76,223451245
7084849,302,203,99,165437847
6332881,288,197,91,145979627
9667081,347,236,111,233862663
7484401,144,101,43,175871081
8879161,250,165,85,212746415
8671321,245,180,65,207209843
9093289,235,152,83,218466587
7698961,205,138,67,181497985
7287289,220,157,63,170716251
6929161,340,227,113,161389891
6108169,247,170,77,140211955
7898809,314,217,97,186754939
6697441,225,156,69,155383107
8275369,269,183,86,196699711
6521929,257,181,76,150848691
8485801,204,133,71,202278633
6333121,240,174,66,145986017
9461281,219,145,74,228329615
8075281,299,195,104,191408259
6108841,331,240,91,140229307
8671441,231,151,80,207212609
8879641,227,159,68,212759171
9667729,210,145,65,233880483
6930529,273,201,72,161425429
7287361,173,119,54,170718183
7085521,222,144,78,165455457
9093529,208,129,79,218472251
7485529,223,149,74,175899575
6333601,247,164,83,145998593
9856081,217,148,69,238956033
9279601,229,160,69,223454695
7699561,196,148,48,181513995
6697489,293,189,104,155384151
6109009,163,103,60,140234101
6522601,323,222,101,150866007
7899361,274,191,83,186769603
6930961,302,226,76,161436547
8276689,201,140,61,196735057
7288129,227,142,85,170737725
8672161,193,122,71,207231659
6333961,224,162,62,146007083
8879809,213,147,66,212763359
8485969,360,252,108,202283379
9667921,256,171,85,233885613
9093961,353,253,100,218483459
8075449,396,263,133,191414331
6109321,230,145,85,140241883
7085569,270,176,94,165456975
9461929,170,115,55,228346125
7486441,235,151,84,175923443
6931129,215,141,74,161440891
7288849,271,182,89,170756213
6697681,242,159,83,155389635
6334561,217,152,65,146023109
6522889,280,188,92,150873147
7699609,249,171,78,181515045
8673121,231,169,62,207256793
6110521,252,150,102,140272609
8881681,243,163,80,212812951
7899481,318,215,103,186772645
9279769,252,164,88,223458637
9094009,244,176,68,218485175
9668401,241,172,69,233898507
9858241,293,193,100,239014195
8276881,309,221,88,196739515
6933049,327,226,101,161490445
6334969,262,186,76,146032655
7288969,217,151,66,170759447
7086241,285,206,79,165474183
8486041,271,169,102,202284933
6112009,270,188,82,140310131
8076721,171,108,63,191447667
7487281,255,180,75,175946267
6698281,332,221,111,155404709
6523969,186,126,60,150901421
8673361,195,133,62,207262949
8882161,241,172,69,212826631
6335449,232,156,76,146045159
6933481,257,179,78,161501569
9462049,206,146,60,228349515
7699729,257,176,81,181518273
9094849,193,132,61,218507807
7289041,250,154,96,170761361
6112681,217,137,80,140327129
9668521,260,183,77,233901711
7900369,237,171,66,186796543
7086361,215,142,73,165477209
9280321,297,199,98,223473607
8277361,177,126,51,196752121
6336241,240,152,88,146065397
6933529,228,161,67,161502691
8674009,324,211,113,207280553
6112849,263,193,70,140331227
9858361,383,281,102,239017321
6524569,299,215,84,150916673
8882689,324,221,103,212839759
6698689,360,267,93,155415161
7290529,180,127,53,170800571
8076769,277,185,92,191449107
8486641,197,131,66,202300551
7487449,311,217,94,175950311
9095041,229,171,58,218513219
9668689,275,186,89,233906379
6336289,267,171,96,146066435
7699801,229,159,70,181520295
6112969,207,147,60,140334779
6933721,183,126,57,161507767
7901041,213,147,66,186813991
9462289,232,157,75,228355779
8674681,285,208,77,207298085
7290721,227,165,62,170805683
7087081,174,127,47,165496619
8883361,273,184,89,212859061
6526489,282,196,86,150965417
6699361,221,140,81,155433131
6336409,197,129,68,146069735
8277481,234,158,76,196754881
9095521,276,203,73,218525573
6113209,237,163,74,140340965
6934321,198,128,70,161523439
9280849,283,208,75,223487527
7487761,227,163,64,175958747
9668761,301,216,85,233908161
8076961,241,156,85,191453847
8486809,243,169,74,202305159
7291321,262,168,94,170820695
9858529,342,231,111,239022811
7700281,298,208,90,181532547
8675521,251,175,76,207320519
6337129,256,187,69,146088187
6113689,247,165,82,140353409
8884009,248,161,87,212876149
6935329,134,95,39,161550559
7901161,248,155,93,186816667
7087369,256,181,75,165504233
6526969,284,212,72,150978941
9096049,318,207,111,218539559
6699961,304,221,83,155448437
9462601,285,199,86,228364279
7291489,257,196,61,170825921
6337321,211,142,69,146093281
9669409,230,139,91,233925477
6114049,296,211,85,140362319
8277889,216,149,67,196765801
7488289,213,139,74,175972247
8676049,286,187,99,207335255
8077129,197,127,70,191458077
6936001,258,175,83,161567893
8884129,287,197,90,212878915
9281281,210,137,73,223499599
8487649,172,122,50,202327367
7701409,233,164,69,181562493
6337801,258,168,90,146106379
6114649,283,202,81,140378117
7292041,249,173,76,170839883
9096481,232,161,71,218550895
6527641,261,170,91,150996017
7087921,199,134,65,165517739
6700129,279,190,89,155452739
9858769,279,199,80,239028757
7901401,226,150,76,186823279
9669529,293,190,103,233928465
6936841,225,152,73,161589013
8676361,217,152,65,207343241
6339769,238,177,61,146156281
6115489,277,178,99,140399057
8884849,326,244,82,212898259
7488769,282,201,81,175984979
7292401,205,141,64,170849387
8278561,225,139,86,196784893
9462769,230,139,91,228369319
8077969,233,161,72,191480193
9096721,257,177,80,218557333
6937009,269,178,91,161593867
6528601,159,116,43,151021043
7701649,261,178,83,181568715
8488201,238,167,71,202342307
6700849,163,111,52,155471663
6115561,250,163,87,140401625
6340849,194,136,58,146184035
7088041,325,216,109,165520613
9281449,209,148,61,223503631
8676721,183,131,52,207353081
9671881,357,274,83,233992087
7293409,316,212,104,170876027
7903009,246,173,73,186865271
8885641,282,202,80,212919361
6937081,334,223,111,161595589
9859441,269,189,80,239046763
6116161,285,196,89,140416757
6341521,229,155,74,146201021
7489561,276,193,83,176005727
9096889,272,173,99,218562187
8278729,276,194,82,196789141
6528649,218,138,80,151021775
7293889,225,153,72,170888249
8678161,276,207,69,207390709
8079121,239,179,60,191510943
6701641,252,185,67,155492405
7701961,230,155,75,181576845
9462889,328,221,107,228372331
7088089,226,160,66,165521963
9673129,340,229,111,234025947
6116401,192,122,70,140422373
6937561,202,133,69,161608201
8885689,283,190,93,212920615
6342169,252,163,89,146217893
8489161,274,181,93,202367681
7904521,190,121,69,186905923
9281521,363,250,113,223505509
9097201,152,113,39,218570809
7489609,219,146,73,176006813
7294681,223,148,75,170908821
6529489,277,190,87,151043927
8679841,231,157,74,207435687
6342289,346,234,112,146220773
6937729,270,179,91,161612347
6117169,235,175,60,140442083
7088929,185,124,61,165544643
6701881,177,123,54,155498237
9463609,246,184,62,228391153
9860089,256,173,83,239063607
8279209,232,150,82,196801429
8886481,266,191,75,212941783
8079241,186,124,62,191513757
7702801,223,158,65,181598745
9673801,177,125,52,234043707
6342361,180,114,66,146222897
9097369,273,190,83,218575033
6938089,211,153,58,161621835
6117409,166,115,51,140448197
8489329,242,157,85,202372121
7294849,256,175,81,170912751
7905529,268,170,98,186932113
7089769,192,129,63,165565943
8680249,246,177,69,207446451
6529681,255,167,88,151048541
7490401,290,200,90,176027477
9281689,272,172,100,223510417
6702049,294,199,95,155502659
6342529,314,228,86,146226677
6117721,163,102,61,140456479
8886649,220,141,79,212946181
6939529,223,149,74,161658513
9463969,246,164,82,228400909
9674281,265,193,72,234056613
7295569,280,195,85,170931987
8279329,269,190,79,196804669
7702969,313,217,96,181603065
7089889,199,126,73,165568937
8079289,242,156,86,191514687
9860209,350,239,111,239067195
8680921,343,246,97,207464031
6343201,276,194,82,146244395
6118561,209,144,65,140478387
6529849,227,150,77,151052933
6939601,286,189,97,161660475
7905769,214,157,57,186938689
8490721,250,170,80,202409341
9098161,218,148,70,218595817
7491241,237,165,72,176049359
6704161,183,129,54,155557163
8886721,317,228,89,212947849
7295689,407,291,116,170935293
7090129,289,187,102,165575231
6343801,271,175,96,146259845
9674641,281,190,91,234066003
6118729,184,129,55,140482407
9283129,281,206,75,223548439
8681089,291,209,82,207467949
6940441,218,147,71,161682927
7703161,187,133,54,181608183
8279569,237,156,81,196810801
8079481,286,206,80,191519919
9464449,204,139,65,228413989
7090801,184,121,63,165592739
7296241,240,165,75,170950019
6531121,201,134,67,151086465
6343849,294,192,102,146261045
6119089,232,163,69,140491503
8887321,286,198,88,212964133
6704209,260,172,88,155558321
7906081,258,182,76,186946849
9860281,306,200,106,239069121
6941449,250,170,80,161708709
8491921,254,177,77,202441221
9675481,198,138,60,234089199
7492249,252,178,74,176076137
8681401,211,147,64,207477153
9098569,247,165,82,218607277
7091449,197,130,67,165610113
6119401,247,172,75,140499963
6344209,162,125,37,146270275
7296529,202,140,62,170957453
7703809,222,159,63,181625215
6531289,224,149,75,151090539
8888329,239,155,84,212990073
9283201,310,209,101,223550239
6942121,277,172,105,161726593
8079649,272,184,88,191524461
8279881,243,155,88,196819165
6705001,240,162,78,155578151
6119521,261,178,83,140502993
6344641,199,137,62,146281261
7092649,297,210,87,165640965
9465409,344,247,97,228440083
8682241,190,140,50,207499899
7297921,204,135,69,170993831
9675649,263,175,88,234093387
7906369,190,126,64,186954205
7492921,317,223,94,176093981
8492521,322,217,105,202457637
6942601,222,151,71,161739001
6119569,175,116,59,140503911
8889889,281,200,81,213032739
6344809,172,114,58,146285275
9860881,345,253,92,239085303
6532129,247,160,87,151111631
9099721,215,161,54,218638779
7093249,200,135,65,165656187
7704841,244,168,76,181653421
7298209,254,184,70,171001583
6706009,238,169,69,155605207
8682409,231,160,71,207504099
8080081,258,179,79,191535909
9675961,209,138,71,234102453
8280049,308,226,82,196824067
6120529,260,174,86,140528127
6942721,264,176,88,161741443
9283801,268,197,71,223567009
6345481,282,188,94,146302901
7907761,232,163,69,186991041
7093321,205,133,72,165658329
7493329,284,212,72,176104601
8891689,228,164,64,213080649
7298281,249,179,70,171003881
9467641,249,179,70,228499867
6532849,245,165,80,151130297
6121201,236,176,60,140545615
8492569,250,167,83,202458579
8683201,257,154,103,207524613
6942769,309,205,104,161742541
6345721,233,148,85,146309471
6706081,248,168,80,155606911
7705441,257,173,84,181668511
9676321,208,151,57,234111921
7093969,270,190,80,165674613
9099889,316,227,89,218642961
9862129,291,200,91,239118483
7299049,281,183,98,171022865
8081641,235,145,90,191577319
6121369,200,139,61,140550031
8891929,330,229,101,213087189
8280169,247,171,76,196827307
6346201,147,110,37,146321483
6943129,251,176,75,161752615
7494001,259,185,74,176122931
9283969,321,219,102,223571689
7907881,225,150,75,186993855
6533209,205,152,53,151139789
8683249,225,146,79,207525951
7094761,252,178,74,165695881
6121441,234,157,77,140552059
7299289,292,191,101,171029375
6706681,263,174,89,155622427
9676801,246,166,80,234124503
6346489,255,171,84,146328281
9468169,244,161,83,228513913
8492689,240,167,73,202461339
6944809,214,147,67,161796421
7705609,290,206,84,181672555
8892409,246,153,93,213099907
6122041,161,103,58,140567533
7096681,233,164,69,165745441
8081929,280,181,99,191585233
8684089,300,211,89,207548165
9100009,249,171,78,218645601
6533641,224,149,75,151150835
6348241,210,144,66,146374199
7299769,187,122,65,171041729
8280721,241,153,88,196842049
9863449,361,242,119,239154801
7495321,198,139,59,176156681
6945121,215,154,61,161805241
7908721,347,254,93,187016427
9676969,212,141,71,234128985
6706849,252,188,64,155627143
9284641,268,188,80,223589149
6122089,240,156,84,140568535
8892601,251,163,88,213104959
7097161,251,172,79,165758461
6348721,200,148,52,146386607
7706161,227,154,73,181687423
7299889,167,122,45,171045071
8492929,258,169,89,202467771
8684761,296,195,101,207567149
6945481,292,201,91,161813797
9468601,301,204,97,228525373
6533689,319,210,109,151152143
6122449,231,149,82,140578189
8083321,216,150,66,191621341
7097521,282,193,89,165767419
7495849,189,133,56,176170289
6348889,218,136,82,146391725
9677761,272,170,102,234150699
9100561,265,164,101,218660781
8280841,317,208,109,196845067
8893609,372,263,109,213131863
6707689,284,181,103,155648479
7908889,232,153,79,187020747
7299961,269,190,79,171046877
6946321,302,206,96,161835595
6122881,214,150,64,140588905
8685289,329,222,107,207580703
9863809,241,172,69,239164881
9285049,246,179,67,223600165
6349009,310,233,77,146394467
7706329,222,155,67,181691921
7097689,217,163,54,165772087
6533809,275,198,77,151155089
8494081,228,157,71,202498005
7300441,267,181,86,171059303
6123721,292,195,97,140610037
6946969,256,167,89,161852359
8893921,206,138,68,213140239
9677809,315,221,94,234152283
6707929,288,201,87,155654161
8083609,212,141,71,191629849
9468769,235,166,69,228529885
7496449,287,175,112,176186507
6349561,251,175,76,146408897
8685601,202,142,60,207589493
8281249,224,153,71,196855179
7098121,190,128,62,165783247
7909441,168,122,46,187035113
9100849,286,182,104,218668227
6123889,276,192,84,140614687
7300801,231,162,69,171068899
6947089,314,217,97,161855335
6534049,312,214,98,151161069
6349921,200,131,69,146418011
7708009,229,169,60,181736113
8894209,251,152,99,213148159
9864241,224,152,72,239176101
9677929,193,133,60,234155391
9286561,217,145,72,223640833
7098841,237,154,83,165802267
8685769,249,174,75,207593651
6708409,301,213,88,155666609
6124609,249,174,75,140633257
8495041,240,161,79,202523703
7497121,238,157,81,176203985
6947329,167,114,53,161861767
7301401,232,161,71,171083591
8083849,226,159,67,191635831
6350761,227,157,70,146439755
7909609,259,184,75,187039211
9469321,221,142,79,228544729
8282401,272,175,97,196886199
6534361,265,180,85,151169487
6124801,178,123,55,140638225
8894761,336,230,106,213162787
7099201,227,138,89,165811485
9101089,340,231,109,218674827
9678841,294,210,84,234179385
8685961,304,195,109,207598601
6947641,187,125,62,161870227
7708849,212,138,74,181758391
7301641,241,154,87,171090143
6351601,210,129,81,146460931
6709201,229,142,87,155687321
6125281,258,174,84,140650271
7497961,290,206,84,176225573
7099969,282,201,81,165831399
8495449,219,148,71,202534761
9864649,213,147,66,239187273
9287041,177,122,55,223652923
8895049,242,185,57,213170431
8084281,217,154,63,191647531
6351769,319,217,102,146464927
6534481,340,229,111,151171983
6947761,383,277,106,161872993
7302241,258,173,85,171106415
7909729,229,142,87,187042901
8686729,224,150,74,207618783
6126481,178,117,61,140681477
9679441,238,162,76,234195645
8282569,230,153,77,196890149
9469489,318,213,105,228549229
7100521,249,161,88,165845985
6709369,268,192,76,155691347
7708969,214,151,63,181762141
6352081,216,141,75,146473429
9101401,158,111,47,218683431
6948481,260,172,88,161892283
7303129,244,161,83,171129521
6126649,192,132,60,140685827
8895769,182,113,69,213189621
7498009,204,141,63,176227265
6535201,216,147,69,151190829
8495761,255,168,87,202543257
7100641,253,174,79,165848691
8085169,226,157,69,191670499
9679489,264,173,91,234196905
6352201,227,166,61,146476213
9470161,269,209,60,228567755
9287329,285,182,103,223661137
6948649,228,150,78,161896121
9865081,234,156,78,239198475
7909801,203,146,57,187044743
6126961,214,138,76,140693837
6709921,208,140,68,155706023
8687401,303,208,95,207636927
7303921,159,104,55,171149711
8283361,205,132,73,196911363
7709521,201,132,69,181775857
8895889,269,181,88,213192467
6352249,234,163,71,146477341
7100689,306,209,97,165849999
6535369,188,122,66,151194855
6127321,250,187,63,140702855
6949321,281,191,90,161913261
7498201,326,229,97,176231657
9101689,197,129,68,218690415
9679609,248,171,77,234200037
9470281,311,222,89,228570545
7304329,312,221,91,171161363
8496721,256,175,81,202568301
6352609,236,154,82,146486725
8085529,201,148,53,191680687
6710449,215,145,70,155719757
7100809,246,155,91,165853521
7910281,262,176,86,187058261
6127969,240,153,87,140719709
8896441,199,131,68,213207029
6949489,271,181,90,161917929
9287881,169,119,50,223675939
8284201,265,187,78,196933395
8687641,265,195,70,207643107
7709881,261,169,92,181784557
9865129,288,193,95,239199927
7305601,255,170,85,171194245
6535561,322,204,118,151199805
6353449,241,167,74,146508023
9471289,226,150,76,228597377
9680521,270,196,74,234224433
7499209,210,146,64,176258615
6128929,194,122,72,140744255
7101481,204,148,56,165871593
6949609,291,210,81,161920959
8896801,171,117,54,213216569
9101929,266,183,83,218696757
6710761,256,165,91,155728571
7306489,217,135,82,171218239
6354289,250,184,66,146529251
8086129,295,219,76,191696431
8496769,310,218,92,202569363
6129481,250,182,68,140758091
7910809,193,137,56,187070933
7102321,274,190,84,165893157
6536329,338,236,102,151219853
6950521,260,190,70,161944221
7710361,255,179,76,181798249
8285089,349,245,104,196957269
9471361,249,165,84,228599543
9680689,256,175,81,234229467
9288049,266,192,74,223680419
8688409,292,206,86,207663525
6355561,210,126,84,146562305
7499689,324,218,106,176271311
7306609,320,240,80,171221137
6129649,251,164,87,140762291
8897401,309,231,78,213232259
9866761,249,189,60,239243645
6710929,176,116,60,155732609
7102369,258,179,79,165894531
6951121,229,156,73,161961123
6356401,222,167,55,146585135
9102241,208,145,63,218705115
8086681,229,154,75,191711137
6537169,307,214,93,151241651
6129769,273,184,89,140765153
7912081,202,133,69,187104737
9471841,252,156,96,228612515
8497561,255,169,86,202590087
7307329,203,139,64,171240079
9681169,258,175,83,234242033
8897569,320,213,107,213237761
7710481,265,185,80,181801513
7102489,207,136,71,165897519
8286121,259,171,88,196984509
6951961,209,136,73,161982501
7499809,273,185,88,176274467
6356569,313,230,83,146588783
6130441,274,187,87,140782907
8688961,251,172,79,207678135
6711121,293,190,103,155737535
9288241,198,134,64,223685879
7308001,220,153,67,171257635
6538009,204,144,60,151264215
9472129,327,239,88,228620933
7103401,243,165,78,165921183
9866809,213,141,72,239245175
9681361,345,229,116,234247751
6952801,204,132,72,162004335
6356641,215,143,72,146590679
6130609,183,123,60,140787855
8897641,234,145,89,213239495
8086801,287,214,73,191714095
7912321,254,175,79,187110971
9102529,216,149,67,218712819
8497969,302,211,91,202600881
7711201,181,118,63,181820275
7308121,239,158,81,171260257
6712129,259,192,67,155763143
7500049,370,260,110,176280545
8287561,327,226,101,197022139
7103881,261,171,90,165933285
6130849,261,185,76,140793561
6357121,182,125,57,146602661
6952849,259,179,80,162005199
8689129,251,175,76,207683175
6538561,243,170,73,151277817
9473041,251,179,72,228644861
9682369,262,174,88,234274301
8899249,368,276,92,213282011
9289009,253,176,77,223706093
7308289,266,181,85,171264469
6131329,262,176,86,140805297
6357289,302,190,112,146606621
7104001,240,150,90,165936423
8087689,204,139,65,191736757
6953689,315,218,97,162027483
7913761,231,164,67,187148549
6712441,195,137,58,155771585
9867601,306,227,79,239266187
7712041,227,149,78,181841755
8498401,241,175,66,202612899
9103441,193,137,56,218737113
7500721,287,187,100,176298677
9473809,239,160,79,228665621
6132169,265,182,83,140826991
6538681,297,207,90,151280733
7308361,249,155,94,171266827
8899489,255,165,90,213288143
8287729,296,203,93,197026681
6357961,236,161,75,146624597
9683209,279,197,82,234297485
7104241,211,151,60,165942903
6954049,228,177,51,162036999
8689249,253,163,90,207686511
6133129,293,202,91,140851659
9289561,302,223,79,223720607
6358129,284,206,78,146628641
6712729,250,187,63,155778945
7309369,283,182,101,171292993
7913809,308,218,90,187149941
8088649,279,180,99,191762769
7105081,212,138,74,165964869
6954889,307,188,119,162058485
7712161,185,129,56,181845409
8899801,232,162,70,213296789
9474481,213,151,62,228683671
6540241,176,121,55,151321553
7502881,145,104,41,176355065
9683809,318,212,106,234313031
8498449,230,158,72,202613727
6134521,293,188,105,140887327
9867841,179,130,49,239272547
9103609,190,134,56,218741745
6358921,250,156,94,146648611
8287801,236,144,92,197028589
7309801,247,171,76,171304363
6955369,245,171,74,162070761
7105729,195,143,52,165981675
8689321,214,145,69,207688125
6713569,261,186,75,155799963
6134641,285,192,93,140890117
8900161,200,140,60,213306971
9474721,188,131,57,228689659
6360169,348,248,100,146680927
7914169,295,204,91,187159721
6540409,291,193,98,151326155
9683881,272,186,86,234315443
8088721,187,122,65,191764395
9290761,327,238,89,223753285
7712209,313,228,85,181846471
7312489,299,198,101,171373905
7503049,244,166,78,176359265
6956401,212,137,75,162098355
7106089,169,120,49,165990609
6134809,252,172,80,140894881
8499409,287,193,94,202640307
6360841,272,186,86,146698383
8288569,225,151,74,197049973
8900641,241,164,77,213318989
9103921,345,225,120,218749995
6714241,212,148,64,155817633
9868009,365,234,131,239277239
9475201,198,133,65,228703159
7312561,231,162,69,171375657
6957001,251,171,80,162113245
6134881,254,171,83,140896447
6541081,232,160,72,151343063
7107409,174,113,61,166025429
9684049,234,163,71,234319493
8689489,321,210,111,207692415
6361609,242,170,72,146717727
7914481,273,183,90,187167947
8089321,290,195,95,191779689
7713721,232,170,62,181886383
7504009,243,177,66,176384601
9293209,319,211,108,223819381
6135049,269,190,79,140901001
8900761,212,152,60,213322151
7313401,264,179,85,171397441
6957169,303,198,105,162117817
7107769,224,158,66,166034131
6714481,260,198,62,155823747
8500081,264,174,90,202657857
6363169,232,163,69,146758509
9475321,249,163,86,228706069
8289409,292,210,82,197070943
6541441,231,162,69,151352423
9684361,359,243,116,234328787
9104209,175,117,58,218757177
6135721,201,153,48,140918389
6959521,336,235,101,162177731
7313881,226,154,72,171410269
9868849,237,168,69,239300447
7108249,244,157,87,166047211
6363289,235,155,80,146762061
8689969,330,249,81,207704973
7914601,272,194,78,187171205
8900929,259,164,95,213327461
7713841,254,184,70,181889773
7504249,210,140,70,176390667
8089369,264,182,82,191781045
9475561,277,182,95,228711895
6135889,245,186,59,140922811
6715081,214,143,71,155839173
9684721,218,151,67,234337647
6541609,302,209,93,151356797
6959569,279,194,85,162179237
9293761,235,166,69,223834285
6364201,203,141,62,146785995
7315249,361,265,96,171445855
7109041,192,130,62,166067653
8500249,279,201,78,202662867
8289649,178,123,55,197077957
6136321,214,148,66,140933545
8901649,190,133,57,213345961
9104281,277,187,90,218759391
6365521,268,187,81,146819203
7914769,264,183,81,187175525
6959761,241,165,76,162184591
7714249,274,189,85,181899991
7504561,192,130,62,176398863
9476209,252,173,79,228729577
7315849,254,182,72,171462535
7109209,180,113,67,166072507
8690089,285,189,96,207707775
8089561,237,166,71,191785737
6715129,211,141,70,155840283
9685561,178,133,45,234360315
9869449,340,232,108,239316341
6137041,190,125,65,140951803
6541921,212,139,73,151365029
6365809,264,189,75,146825815
8902009,297,213,84,213356353
6959929,205,131,74,162189007
8501641,207,139,68,202699257
9293881,228,152,76,223836955
7109449,243,173,70,166078297
7315921,264,189,75,171463963
8290081,242,165,77,197089429
6137569,192,111,81,140965381
9477889,168,122,46,228775423
6715249,261,188,73,155844069
7504729,261,193,68,176403309
7915321,345,234,111,187189793
7714561,259,186,73,181908931
6366361,304,207,97,146841085
9686041,310,209,101,234373047
6542089,197,143,54,151368719
9104881,260,182,78,218775723
6960241,170,122,48,162197317
8090041,271,197,74,191799033
8691481,316,214,102,207745373
8902489,327,217,110,213368323
6138409,238,163,75,140986969
7109929,223,147,76,166090567
7316521,290,208,82,171479545
6366649,273,175,98,146848099
9870361,225,147,78,239341721
9478009,236,165,71,228778573
6961609,291,187,104,162233113
8502841,282,197,85,202730847
6138841,229,144,85,140998057
8290129,210,144,66,197090413
6715801,180,121,59,155859363
7110049,271,202,69,166093861
9686161,189,136,53,234376533
7316761,190,131,59,171485803
9294049,268,184,84,223841881
6542929,236,158,78,151390931
7505089,227,154,73,176412549
8902609,263,173,90,213371425
7714921,229,153,76,181917839
7915681,241,161,80,187199675
6366889,247,168,79,146854201
8090209,240,162,78,191803653
6139249,225,153,72,141009219
6962041,223,149,74,162244031
9105721,254,168,86,218798943
8692441,198,138,60,207771341
9478681,201,132,69,228796889
7110601,203,146,57,166109281
7316929,330,227,103,171489961
6367561,293,196,97,146871829
9686329,212,142,70,234380943
6715921,218,149,69,155862195
8903689,325,245,80,213401251
6543769,214,157,57,151412025
6139681,244,171,73,141019635
6962209,192,138,54,162248027
8503321,264,180,84,202743287
9870961,159,118,41,239357267
8290489,232,166,66,197099929
7505761,249,168,81,176430099
7715401,207,147,60,181930775
7110889,219,157,62,166116277
7918129,329,233,96,187264283
6368209,204,133,71,146888035
7318921,199,117,82,171542299
9294721,269,183,86,223859773
9479089,250,164,86,228807041
6139849,232,156,76,141023607
8091001,197,132,65,191825283
6962281,331,224,107,162249719
8905009,228,152,76,213436093
9686401,367,248,119,234382653
9106561,196,130,66,218821515
8692609,254,171,83,207775931
6716761,219,157,62,155883861
6544801,152,99,53,151439355
6368881,175,121,54,146905411
7111561,261,188,73,166133629
7319041,222,144,78,171545347
6139921,321,228,93,141025509
7505929,245,167,78,176435205
8503489,188,128,60,202747895
8290921,178,118,60,197112041
6963049,211,134,77,162270383
7715689,190,122,68,181937525
9479929,279,187,92,228829445
7918201,250,166,84,187266485
6369001,190,119,71,146908387
9872521,170,119,51,239399997
7114489,334,217,117,166209453
8905681,237,152,85,213455179
6140521,175,121,54,141040999
7319089,286,214,72,171546589
9687001,220,151,69,234399231
9294889,302,207,95,223863925
8091241,312,217,95,191831673
6545569,252,171,81,151458899
6716929,227,157,70,155887755
6963889,180,119,61,162292025
6369049,237,167,70,146909725
8692681,396,270,126,207777845
9106729,204,142,62,218825385
6140569,260,165,95,141042127
7115161,214,141,73,166227291
9480409,181,129,52,228842467
7506241,249,178,71,176443287
7319881,246,160,86,171567453
8905801,266,179,87,213457663
7715761,256,175,81,181939713
8291089,264,176,88,197116001
8503609,271,182,89,202750793
7918369,290,188,102,187270913
9687241,317,208,109,234405285
6963961,264,181,83,162294103
6369409,209,132,77,146919271
6140929,259,187,72,141051385
6545641,321,259,62,151460627
6717001,283,198,85,155889135
7116649,191,135,56,166265901
8091409,283,193,90,191835645
9872641,238,179,59,239402997
7320121,223,156,67,171573489
9295609,254,159,95,223882873
9481201,200,137,63,228863647
6369841,253,177,76,146930041
6964609,226,164,62,162310159
8905849,243,167,76,213458905
6141409,272,180,92,141063187
7506601,272,202,70,176452929
8693161,233,162,71,207790583
9107401,227,150,77,218843325
9687721,227,159,68,234418803
7118161,287,197,90,166305273
7716409,268,184,84,181956549
6545809,188,119,69,151464647
7320721,286,214,72,171589059
6717169,253,167,86,155893917
7919209,294,218,76,187293381
8291929,255,180,75,197138639
6369889,234,164,70,146931307
8503681,189,130,59,202752911
6141601,210,154,56,141067969
6964729,242,157,85,162313495
9481249,291,190,101,228865159
8092009,286,209,77,191851593
8907361,210,148,62,213499573
7119169,258,181,77,166331225
6370009,290,205,85,146934451
7320961,264,174,90,171595359
6142441,341,236,105,141089455
9687889,224,138,86,234423033
7507369,256,163,93,176472333
9295969,305,218,87,223892563
9872809,219,159,60,239407077
6965281,246,174,72,162328375
6546289,228,150,78,151477559
8693281,208,140,68,207793625
6717649,176,113,63,155906289
7718449,266,179,87,182010701
9108241,227,151,76,218865317
7119289,263,193,70,166334165
7919689,256,177,79,187305729
8907889,165,116,49,213513085
9481609,243,167,76,228874759
8292001,263,181,82,197140541
6370249,264,179,85,146940175
6144121,186,102,84,141132937
8504449,337,241,96,202773063
7321129,264,181,83,171600183
6965809,194,122,72,162342151
8092921,258,168,90,191875551
9689401,312,201,111,234463855
7120369,167,107,60,166362377
6144889,226,142,84,141153409
6370849,226,147,79,146955863
6546409,172,108,64,151480571
7508041,208,141,67,176490575
6717769,228,150,78,155909283
7321729,181,117,64,171615447
8908201,275,188,87,213521665
7719121,206,146,60,182028599
6966241,190,115,75,162353119
9296281,252,165,87,223901473
9482281,256,173,83,228892465
8693521,266,177,89,207800117
9873649,319,214,105,239430021
7920361,293,214,79,187323659
6145609,200,142,58,141171031
6370921,288,206,82,146957525
7120969,256,164,92,166378361
8292649,228,150,78,197157305
9109129,203,137,66,218889631
9689521,304,212,92,234467209
8505001,355,240,115,202787943
7321969,230,155,75,171621783
8093689,333,229,104,191895663
6966649,247,172,75,162363685
6546961,185,128,57,151495451
6718441,241,177,64,155926947
8909161,263,171,92,213546979
7508209,237,168,69,176494601
6145729,275,193,82,141173869
6371401,169,117,52,146969639
9482929,187,134,53,228910663
7121209,234,157,77,166384259
7719289,286,197,89,182032661
7322401,250,185,65,171632703
6966961,153,100,53,162372871
9689689,272,188,84,234471637
7920481,348,229,119,187326293
6145801,201,133,68,141175855
8693689,195,124,71,207805043
9296809,265,186,79,223915249
6371929,244,166,78,146983535
8293321,180,114,66,197174729
6547081,215,144,71,151498199
9875209,274,187,87,239471303
8909209,263,185,78,213548113
7121809,342,239,103,166400059
9110161,293,182,111,218917159
8505361,316,216,100,202796799
6718489,265,178,87,155928229
8095201,201,142,59,191935293
9483289,243,159,84,228920313
7508929,258,170,88,176513159
6967249,230,164,66,162379819
7322569,214,150,64,171637501
6146281,229,157,72,141188277
6372361,204,136,68,146994077
7719721,153,96,57,182043569
9689929,353,248,105,234477325
7122361,230,151,79,166414897
8909401,279,199,80,213552799
6146449,210,154,56,141192549
7920529,280,193,87,187327877
6547129,200,140,60,151499603
6968809,162,112,50,162420041
7323289,285,193,92,171655615
6372529,263,183,80,146998335
8694841,191,112,79,207835423
6719161,244,167,77,155945755
9483769,187,134,53,228933063
9297481,315,219,96,223933171
8295121,278,197,81,197222801
7122721,256,181,75,166424071
8505841,301,208,93,202810017
7509721,310,220,90,176534081
8095369,211,153,58,191940255
9110641,223,155,68,218930629
6148249,212,141,71,141239181
9877921,245,160,85,239545361
9690529,177,110,67,234494005
6969481,278,172,106,162437645
6374041,249,163,86,147037419
7324081,287,201,86,171677161
8909881,387,262,125,213566023
7719769,228,167,61,182045207
6548329,275,187,88,151530095
9484129,311,211,100,228942813
7123201,303,199,104,166436491
6148489,299,205,94,141245007
7921489,153,109,44,187353713
6720289,239,153,86,155973969
6374089,250,178,72,147039063
6969841,297,204,93,162446679
8695009,220,148,72,207839341
7324969,222,145,77,171699877
8295169,158,100,58,197223983
7510441,273,165,108,176553083
9691609,299,203,96,234523033
8910001,265,178,87,213569071
9297649,325,225,100,223937989
8095441,167,116,51,191941803
6148801,201,142,59,141253065
8506801,169,110,59,202836217
7123489,239,155,84,166444273
6374761,229,144,85,147056259
9111001,282,166,116,218939287
6548929,216,141,75,151545635
7719889,218,146,72,182047931
6970681,155,100,55,162468939
9484609,281,190,91,228955461
9878521,257,186,71,239561035
6720361,313,220,93,155976159
7325761,190,126,64,171721051
6149161,202,133,69,141262431
7921561,319,221,98,187355633
7123729,277,195,82,166450051
6375769,234,154,80,147082359
8910049,286,195,91,213570313
9692041,269,187,82,234534073
6970849,304,200,104,162472995
7510561,233,167,66,176556161
8295841,244,172,72,197241809
8695129,244,172,72,207842791
6149329,244,178,66,141266307
6549601,212,159,53,151562897
7326841,335,227,108,171749105
8096041,279,202,77,191956899
9485449,308,201,107,228978561
8507209,242,153,89,202846297
9298321,327,226,101,223956329
6375961,188,119,69,147087315
7720561,242,176,66,182065847
6720841,219,148,71,155988627
7124041,226,161,65,166458547
9111649,252,167,85,218957485
6971161,262,166,96,162481035
8910169,272,181,91,213573055
6149761,317,216,101,141277581
9692929,248,178,70,234558763
7922209,230,159,71,187371755
7327009,240,163,77,171753395
9878929,274,210,64,239571991
6376441,220,148,72,147099843
7510729,312,221,91,176560295
6549769,252,173,79,151567667
7124329,207,145,62,166466377
9485809,337,231,106,228987717
6972001,237,164,73,162502271
6149929,230,158,72,141281937
8295961,291,210,81,197244839
8695201,285,197,88,207844675
8096449,311,207,104,191968321
6721009,187,124,63,155992857
8910241,255,188,67,213575341
7328161,191,123,68,171783323
7720729,245,166,79,182070497
6376969,223,152,71,147113301
8507689,221,157,64,202858735
9693289,231,157,74,234568441
9298489,216,148,68,223960991
7124569,264,182,82,166471615
6150649,304,207,97,141300305
6972961,243,167,76,162527431
9112489,182,122,60,218979709
7922401,228,153,75,187376609
6551161,255,164,91,151603877
9486409,194,127,67,229003843
6377401,273,190,83,147124497
7510801,259,177,82,176562581
7328521,252,181,71,171793103
9879409,181,132,49,239585611
8910409,315,208,107,213579955
6721849,224,151,73,156014751
6150841,239,155,84,141304769
7125049,217,155,62,166484335
8297689,196,132,64,197290613
6973129,184,126,58,162532309
8097289,286,191,95,191990971
9694561,348,235,113,234602185
7720969,304,210,94,182076311
8695681,230,160,70,207857731
6377641,234,150,84,147130581
8507809,309,229,80,202862707
7329121,253,171,82,171808409
9486481,210,146,64,229005277
6152161,259,193,66,141338657
6551689,134,99,35,151617191
7125169,306,215,91,166487287
9298801,277,189,88,223969235
7922569,229,162,67,187381379
8912401,168,112,56,213633133
6973201,222,146,76,162534337
9112849,266,179,87,218989373
7510969,414,298,116,176566505
6378121,256,182,74,147143265
6721969,214,150,64,156017403
6152281,247,166,81,141341525
9695809,279,194,85,234636163
7329169,201,139,62,171809849
8297881,228,164,64,197295803
8097601,247,163,84,191999065
7125889,203,144,59,166506907
7721401,206,126,80,182087453
9880201,237,162,75,239606857
9487081,302,207,95,229021843
6973801,363,248,115,162549457
6378241,229,162,67,147145899
6552001,196,131,65,151625213
8695849,287,219,68,207861763
8912689,251,176,75,213640527
8507881,359,236,123,202864369
6152449,235,162,73,141346007
7329841,240,145,95,171827303
7923001,253,158,95,187392827
6722689,229,160,69,156036639
7511281,272,181,91,176574563
7127089,263,170,93,166537801
6378409,221,147,74,147150975
9696481,251,186,65,234654619
9299089,314,201,113,223976465
6973849,165,109,56,162550867
9113161,243,157,86,218997941
6153361,196,134,62,141369969
9487249,285,205,80,229026337
6552121,262,148,114,151627823
8912929,231,156,75,213647595
7722409,363,229,134,182114237
7329961,247,166,81,171830651
8097721,226,147,79,192001477
8298361,281,188,93,197309321
6379081,203,137,66,147168129
7127689,320,205,115,166553473
6974521,174,129,45,162568579
6154009,162,107,55,141386751
8696041,316,191,125,207866725
6723049,232,150,82,156045839
9880441,214,153,61,239613691
8508529,234,154,80,202882489
9696649,341,212,129,234659017
7923049,252,172,80,187394021
7512289,351,246,105,176600835
7331689,287,195,92,171875747
6379129,258,164,94,147169251
9488161,199,127,72,229050337
8913529,240,164,76,213663885
7128361,239,169,70,166570411
6155641,250,182,68,141428101
6974689,319,222,97,162572539
6552529,189,120,69,151638271
9299161,216,135,81,223978667
9114121,216,130,86,219023201
7723081,242,153,89,182131159
8097961,205,145,60,192008331
8298529,264,174,90,197313323
6379249,291,194,97,147172263
6725161,226,161,65,156100263
7331881,371,243,128,171880187
9697081,251,165,86,234670183
6155689,259,186,73,141429253
7128529,275,183,92,166575631
6974809,220,150,70,162575995
8696209,253,185,68,207871273
9488641,269,174,95,229063615
8914921,199,134,65,213700551
8509489,349,235,114,202907137
7512409,301,198,103,176603811
7924009,290,194,96,187419305
6552841,209,157,52,151646773
9880921,258,180,78,239626771
6380161,328,223,105,147195887
6156049,159,106,53,141438055
7332361,236,152,84,171893483
7128601,211,136,75,166577389
6975361,260,185,75,162590389
7724329,337,229,108,182164861
6725401,286,185,101,156106527
9697249,279,185,94,234674629
9299761,213,138,75,223994009
8098561,174,119,55,192024309
9114841,222,158,64,219042503
8298721,264,186,78,197318489
6380929,189,125,64,147215293
8915281,273,189,84,213710333
9488929,245,171,74,229071493
6156721,248,148,100,141456127
7333321,215,149,66,171918447
7513321,180,128,52,176627943
6552961,259,175,84,151649701
7129081,221,162,59,166590335
6975481,277,181,96,162592789
7924681,322,231,91,187437015
8696521,278,186,92,207880363
8510401,214,133,81,202931977
6381481,208,150,58,147229531
6157201,249,183,66,141468487
9697801,223,155,68,234689169
6725881,359,242,117,156119529
8915449,220,151,69,213714341
9881449,333,229,104,239640235
7725649,253,182,71,182199607
7333369,309,212,97,171919875
9489169,254,182,72,229078615
7129249,273,183,90,166594011
6975889,395,263,132,162603409
8098729,230,167,63,192028383
6382681,476,320,156,147259801
8299321,251,178,73,197334127
6157369,225,157,68,141472429
6553009,232,165,67,151650847
9300001,275,191,84,224000369
9115129,257,180,77,219050501
7514641,253,175,78,176662269
7924921,197,122,75,187443369
7333489,247,167,80,171923103
6976369,202,136,66,162616159
7130449,298,189,109,166625049
9698089,230,152,78,234697443
8511001,180,121,59,202947819
8915761,245,162,83,213722651
8696689,198,131,67,207884443
6726241,271,191,80,156128985
6383329,182,127,55,147277453
6158041,322,224,98,141489913
9489769,277,187,90,229094773
7726009,199,133,66,182208541
6553801,275,181,94,151671023
6976561,236,148,88,162620827
8098969,312,210,102,192034803
7333561,187,127,60,171924801
7130881,255,165,90,166636215
6383521,241,146,95,147282703
6159169,220,145,75,141519101
9882289,247,164,83,239663419
8300041,217,138,79,197352901
7514929,272,205,67,176669607
8916049,299,188,111,213730505
9698761,234,163,71,234715047
9301009,227,162,65,224028615
9115201,291,198,93,219052241
7925521,258,179,79,187458975
6727009,208,145,63,156148209
9489841,241,165,76,229096387
6976729,274,188,86,162625393
6159721,222,147,75,141532841
6384121,198,127,71,147297775
8511049,255,163,92,202949373
7131049,226,148,78,166640463
7334161,245,158,87,171940407
8697049,242,155,87,207893181
6553969,270,187,83,151675685
7726489,222,164,58,182222305
8916121,311,205,106,213732125
6161761,234,157,77,141585535
8099281,262,177,85,192042963
6384289,251,165,86,147301831
9698809,342,242,100,234716349
6977041,315,224,91,162633661
7515481,256,181,75,176684895
7131601,158,107,51,166655619
7334881,278,192,86,171958945
9490009,245,178,67,229100971
8300569,273,188,85,197366653
6727249,222,156,66,156154583
9882601,204,144,60,239672047
7925761,289,184,105,187465719
9116881,195,120,75,219096595
9301609,167,122,45,224044569
6161929,236,154,82,141589597
6554521,206,139,67,151690025
6384529,293,202,91,147308099
6977329,279,188,91,162640975
8512081,286,208,78,202976099
8917729,371,238,133,213775167
7131889,249,176,73,166663203
8697889,313,213,100,207915867
7727329,220,151,69,182244133
7335409,224,164,60,171972199
9699649,265,185,80,234738489
9490321,246,171,75,229109407
6162241,195,133,62,141597877
6727849,266,187,79,156170111
7516321,265,179,86,176707227
8099449,338,239,99,192046887
6384841,164,118,46,147316205
6977569,205,135,70,162647743
8300881,242,154,88,197375427
7133281,188,130,58,166699185
6554641,200,154,46,151692611
7336081,207,134,73,171991033
7926241,185,133,52,187478229
8919121,251,169,82,213812919
6162601,215,134,81,141606711
7727521,248,155,93,182248813
6385009,243,179,64,147320543
9883441,296,197,99,239694079
9117529,229,134,95,219114211
9301681,251,174,77,224046213
8698369,240,164,76,207928947
9699769,302,225,77,234743073
9490849,259,170,89,229123243
8512561,231,156,75,202989023
6978001,284,205,79,162658837
6728401,177,119,58,156184569
7516681,336,224,112,176716137
7133809,288,194,94,166712665
8100241,243,170,73,192068539
6385129,349,249,100,147323327
7336561,239,154,85,172003693
8919649,315,215,100,213826575
6554689,235,167,68,151693577
6163249,149,99,50,141624321
7727689,319,221,98,182252593
8301169,266,188,78,197382909
6978841,231,156,75,162680797
7926601,237,159,78,187487613
9491281,371,261,110,229134355
8699161,193,142,51,207950175
9699841,349,245,104,234744663
6385369,200,127,73,147329441
6163441,302,207,95,141629037
7336729,244,178,66,172008205
6728521,265,187,78,156187191
9117649,222,162,60,219117271
8513521,219,153,66,203013917
8920129,218,150,68,213840093
9883729,236,166,70,239701747
6979009,225,150,75,162685595
9302521,266,180,86,224068467
7517161,148,108,40,176728695
6555649,178,110,68,151718345
7134409,259,173,86,166728679
6385849,210,141,69,147341765
8100481,232,163,69,192074977
7728121,220,154,66,182264353
6164209,204,150,54,141648717
8700001,318,212,106,207972495
9491329,209,140,69,229135783
7336921,281,196,85,172012813
8303929,228,160,68,197455575
7927201,220,142,78,187504017
9700441,295,214,81,234761787
6979249,260,175,85,162691295
6728569,260,182,78,156188451
8920321,262,156,106,213844659
6386041,199,141,58,147346661
6164929,180,118,62,141666903
6556201,250,174,76,151733429
7135321,274,178,96,166752595
7518001,274,184,90,176750109
7337089,215,147,68,172017295
8513929,348,224,124,203024891
8700169,225,153,72,207976839
6979561,184,128,56,162699737
9117721,246,160,86,219119617
9492289,218,140,78,229162009
7728361,138,94,44,182270989
9303001,394,258,136,224081349
6165121,247,176,71,141671427
6386209,234,174,60,147350903
8101081,309,215,94,192090913
9884569,263,170,93,239724499
9700609,256,164,92,234766269
8920489,319,220,99,213849279
7927441,205,132,73,187509687
6729241,256,184,72,156205677
8305081,292,201,91,197486907
7337521,254,167,87,172028137
6980089,234,160,74,162713189
6556369,193,131,62,151737731
6166129,303,216,87,141697677
6387649,234,161,73,147388495
8700721,256,168,88,207991227
7135489,192,129,63,166756549
7518169,289,206,83,176754429
9492529,287,201,86,229168663
9701161,298,211,87,234780603
8514241,251,183,68,203033213
8920921,156,106,50,213860655
7728841,290,215,75,182283381
6166609,199,141,58,141709509
7337569,282,202,80,172029205
6980401,257,182,75,162721341
6389041,184,132,52,147423865
8101801,253,158,95,192109807
9118321,232,148,84,219135649
6729361,210,143,67,156208449
9303121,247,161,86,224084775
8701009,322,217,105,207998571
7928761,289,200,89,187544293
6556489,170,114,56,151740083
9885241,174,116,58,239742285
8306041,314,202,112,197511173
6167281,224,134,90,141727141
6389209,245,175,70,147427987
9493009,229,163,66,229181503
7136089,248,176,72,166772227
7337689,290,195,95,172032163
6980521,229,159,70,162724047
9702361,281,182,99,234812819
8921161,299,198,101,213867029
7518361,398,273,125,176759139
6167809,264,180,84,141741163
7729369,265,181,84,182297271
8701081,294,195,99,208001013
6730201,185,119,66,156230811
8514361,263,180,83,203036525
6389401,230,151,79,147433099
8102089,297,208,89,192117049
6557041,225,156,69,151754825
6980929,219,149,70,162734631
7337929,222,147,75,172038775
7928881,240,167,73,187546939
9119161,226,158,68,219158335
9493849,256,181,75,229203907
9303289,253,177,76,224088981
8921761,312,210,102,213883397
8306449,411,295,116,197521853
6168121,276,192,84,141748723
9702961,263,173,90,234828695
7136161,313,222,91,166773823
6389881,229,159,70,147445351
9886801,172,112,60,239784961
7518529,289,207,82,176764515
8701729,247,172,75,208018227
6981409,256,169,87,162747093
7338241,166,112,54,172047019
6730369,289,196,93,156235197
6557401,250,159,91,151763813
6168649,256,196,60,141761977
7730809,240,161,79,182335399
6390001,244,161,83,147448387
8514409,324,230,94,203037539
9494209,172,119,53,229213405
8102929,220,153,67,192139909
8922601,210,141,69,213905591
9703849,247,172,75,234852869
6982081,300,195,105,162764463
7928929,253,184,69,187548589
7339081,268,187,81,172068997
7137001,260,171,89,166796247
8701921,301,198,103,208022937
6169321,183,130,53,141779135
9119401,245,166,79,219165613
8307049,216,151,65,197538057
6390409,233,172,61,147460049
7518961,296,216,80,176775305
9303961,308,210,98,224106993
6730609,228,155,73,156241299
6557569,340,233,107,151767911
6982369,215,157,58,162772185
8922649,280,202,78,213907181
9494521,221,151,70,229221565
6169921,253,167,86,141794399
9887641,184,129,55,239807665
7730881,261,176,85,182336719
7339249,197,135,62,172073107
9704521,216,148,68,234871133
6390721,222,146,76,147467291
8702569,234,157,77,208040457
8103769,244,155,89,192162013
8514529,215,139,76,203041025
7137601,168,104,64,166811099
7931449,244,169,75,187615149
6983281,380,260,120,162795933
6170641,169,111,58,141813237
6731041,234,167,67,156252627
7339609,204,149,55,172082665
7519009,222,154,68,176776643
8307961,347,237,110,197562309
6558169,321,223,98,151783601
6391009,210,140,70,147475053
8924329,267,182,85,213951371
9120889,258,182,76,219204707
9494689,250,161,89,229226071
9304201,252,171,81,224113551
8702689,236,165,71,208043181
9704809,234,161,73,234878633
6170761,208,132,76,141816639
7731721,268,179,89,182359171
6984721,192,129,63,162832947
6391729,304,203,101,147493023
7340881,223,139,84,172116019
7137769,264,202,62,166815887
8103841,236,152,84,192164185
9888481,203,142,61,239831167
8514601,282,181,101,203042813
7932241,215,142,73,187636621
8924449,252,180,72,213954419
6731281,320,229,91,156258723
6170929,307,230,77,141820467
6558241,273,173,100,151785971
9495529,280,188,92,229249531
7520209,252,164,88,176808177
6984961,189,131,58,162839505
8703241,230,163,67,208058261
6392401,241,172,69,147510441
8309401,230,161,69,197600775
9705481,311,205,106,234896825
7340929,341,239,102,172117201
9121009,307,223,84,219207587
6171001,215,141,74,141822501
7732321,247,168,79,182375089
9304369,357,249,108,224117577
7138009,251,177,74,166822577
6985441,245,164,81,162852447
8925001,239,168,71,213969611
6392521,212,147,65,147513627
6731449,305,213,92,156263847
6559081,247,145,102,151806845
8105281,330,222,108,192201549
8704369,298,216,82,208088405
9497161,224,160,64,229293471
7932289,189,115,74,187637647
7341121,337,222,115,172122415
6172489,201,132,69,141860193
8515081,194,122,72,203056257
7520809,257,175,82,176824011
9707041,181,125,56,234939201
9888841,237,160,77,239840011
6393529,267,171,96,147539823
6985609,309,233,76,162856395
8309641,324,227,97,197607633
8925529,290,201,89,213984149
6172609,210,133,77,141863595
7732489,230,163,67,182378965
7341769,272,184,88,172139641
7138489,269,178,91,166834691
8704609,261,183,78,208094723
9121081,261,191,70,219209129
9497329,270,190,80,229297551
6560689,239,156,83,151848505
6732889,221,151,70,156300123
6393769,240,162,78,147545679
6985969,224,148,76,162865203
9304849,264,171,93,224130849
8105329,179,131,48,192203487
9709009,331,231,100,234992023
7932961,157,109,48,187655395
6173449,258,176,82,141885851
7520881,180,111,69,176825607
8515369,224,146,78,203063709
7341889,233,178,55,172142557
8925841,171,125,46,213992867
6394249,246,169,77,147557597
8704921,218,148,70,208103645
8310409,279,187,92,197627421
6986401,225,155,70,162876275
9889849,407,278,129,239866993
9497881,276,185,91,229312221
7138849,218,155,63,166843733
6174001,184,125,59,141899499
6562921,230,147,83,151906463
7732729,213,155,58,182385829
6733609,170,113,57,156319269
9709081,338,232,106,234993703
7342441,302,218,84,172156655
6394441,260,170,90,147562493
9121249,236,147,89,219214157
8926129,169,107,62,213999407
8106001,323,223,100,192220647
7934089,267,199,68,187684861
6986449,306,212,94,162877421
6174841,203,140,63,141920737
7521049,292,199,93,176830557
8705041,198,128,70,208106723
9305209,198,130,68,224140869
8517049,282,194,88,203108115
9498001,328,221,107,229314921
6563209,221,135,86,151914017
6395209,272,186,86,147582203
7342729,209,135,74,172164251
6734281,257,170,87,156336597
7733041,207,140,67,182393803
7139329,277,174,103,166856327
8311321,253,163,90,197651919
6175129,281,179,102,141927817
9709849,328,225,103,235014789
6986569,291,205,86,162880865
8926201,196,143,53,214001957
8705449,277,177,100,208117679
9890329,229,168,61,239880457
7343449,196,127,69,172182911
7934929,290,188,102,187706857
6395929,235,164,71,147600791
7521649,248,169,79,176846193
6175681,224,163,61,141942019
8106289,204,127,77,192228711
9121561,232,165,67,219222533
7733161,218,152,66,182397013
7139449,271,177,94,166860017
6563929,237,158,79,151933047
6734401,226,158,68,156339987
9498409,270,179,91,229326429
6987241,281,188,93,162898307
9305521,217,140,77,224149399
8517121,298,203,95,203110107
9710521,219,142,77,235033089
8705881,296,206,90,208129175
8926681,231,157,74,214014485
6176041,213,139,74,141951277
7344121,211,145,66,172200541
8311801,202,143,59,197664771
7139521,236,161,75,166861817
6396961,261,174,87,147628235
6988321,249,176,73,162926861
7521721,210,149,61,176848233
7935601,212,143,69,187724173
6564289,240,164,76,151941729
7733329,295,205,90,182401351
6176809,237,178,59,141971209
9498889,266,197,69,229339271
8106529,353,248,105,192234561
9891121,282,216,66,239901409
6736129,249,164,85,156384697
7344409,271,179,92,172207687
8706289,262,177,85,208139969
9121681,276,187,89,219225443
7140169,154,103,51,166878123
8927521,205,140,65,214036775
9711241,209,139,70,235052481
6989761,242,159,83,162964025
8518729,317,236,81,203152855
9305809,302,222,80,224156959
6177049,348,242,106,141977095
6397609,206,141,65,147644717
8313001,226,147,79,197696187
7344481,234,157,77,172209643
6564769,267,168,99,151953951
7140361,296,203,93,166883343
9499081,254,175,79,229344329
7522201,253,178,75,176860899
8706961,292,204,88,208157573
6736489,214,145,69,156394243
6989809,259,185,74,162965081
8927641,323,231,92,214039775
7733881,183,125,58,182416249
7936009,216,150,66,187734595
6177481,267,174,93,141988489
9711529,207,132,75,235059729
8107369,266,163,103,192256743
6398281,263,176,87,147661913
7345249,290,196,94,172229887
9891289,259,179,80,239906311
7140841,253,175,78,166895943
9122569,217,160,57,219249087
6177889,248,162,86,141999073
8518801,237,162,75,203154937
6990001,294,205,89,162970325
9499921,234,166,68,229367189
8707969,293,199,94,208183811
6565561,230,165,65,151974267
9306049,220,138,82,224163589
8927689,205,144,61,214041251
8314681,248,158,90,197741727
6738169,200,140,60,156437731
7522321,205,133,72,176863965
9711601,216,145,71,235061259
7345321,242,161,81,172231939
7140961,117,82,35,166899021
7734169,233,156,77,182423125
6178201,254,172,82,142006903
7936441,302,216,86,187746435
6993169,239,161,78,163053603
8108641,189,136,53,192290749
6398569,211,151,60,147669635
8708449,247,181,66,208196255
9500089,223,144,79,229371599
8927881,184,131,53,214046645
6565609,252,174,78,151975317
6178321,320,230,90,142009909
7345801,199,134,65,172245103
7141009,213,148,65,166900371
9122929,274,179,95,219259515
8518969,352,245,107,203158855
9892009,217,140,77,239925461
6738481,193,141,52,156445951
6994201,359,229,130,163079251
9712081,237,166,71,235074963
8315689,410,282,128,197767745
7523041,265,172,93,176883027
9306889,192,127,65,224185171
6398809,255,170,85,147675527
7734241,229,151,78,182425159
6178561,207,138,69,142016383
7938121,203,135,68,187790979
8709121,251,162,89,208215029
7141369,195,126,69,166909461
7346161,248,175,73,172255075
8108689,215,144,71,192291679
8928721,249,168,81,214068647
9500401,247,158,89,229381001
6996529,261,186,75,163140439
6565729,281,187,94,151978539
6180001,244,161,83,142053181
9712201,284,189,95,235077951
6738649,294,204,90,156449803
8519569,233,154,79,203175739
7141969,203,135,68,166925497
6399961,205,126,79,147705377
7346641,146,98,48,172266775
7523569,179,130,49,176896671
8709289,219,152,67,208219301
9123769,244,177,67,219281829
6996721,252,174,78,163145371
8316001,198,133,65,197776211
8929561,261,186,75,214091407
7734409,204,129,75,182429557
9892681,328,222,106,239943195
6180049,237,154,83,142054495
9500929,222,161,61,229394129
7938529,215,146,69,187801983
6566809,252,180,72,152007461
9307729,263,179,84,224208433
8109481,239,165,74,192312667
7142209,276,187,89,166931677
9712441,230,152,78,235084551
7346761,284,182,102,172269799
6739009,261,183,78,156459205
6997201,216,136,80,163158031
6180241,227,154,73,142059051
8710249,315,219,96,208244861
8316289,268,192,76,197783147
8930569,358,247,111,214118145
7524169,146,101,45,176912397
9501529,205,141,64,229410401
8520241,257,185,72,203192991
7142521,174,114,60,166939717
6997321,253,185,68,163161439
7734721,263,192,71,182437351
6567409,290,199,91,152022683
7346929,265,193,72,172274125
9124081,297,211,86,219289719
6180841,248,173,75,142074669
7939849,268,188,80,187836879
9712609,246,164,82,235089285
8317009,226,153,73,197802461
6741961,255,175,80,156535641
8711161,258,167,91,208269269
8109529,277,191,86,192314011
9893209,312,188,124,239957157
9308041,292,210,82,224216479
8930881,229,150,79,214126167
7142809,249,185,64,166946611
6181009,262,178,84,142078851
6997369,193,128,65,163162267
7347169,204,145,59,172280371
9501601,269,182,87,229412057
7524409,255,181,74,176918121
6567961,253,172,81,152036945
8318641,195,128,67,197845903
8520289,256,179,77,203194083
7735009,310,207,103,182445499
9712921,195,124,71,235097433
8712169,302,205,97,208296013
6181249,326,218,108,142084697
7142881,175,134,41,166949203
6742201,251,174,77,156541503
7940209,329,220,109,187845975
6998161,233,144,89,163182135
7347601,349,230,119,172291243
8932009,212,143,69,214156287
9124201,226,161,65,219293127
8109649,219,151,68,192317167
9502249,225,152,73,229429637
6181921,207,148,59,142102403
9308161,260,170,90,224219869
9893809,225,150,75,239973411
8318689,246,165,81,197846809
6568801,257,180,77,152058455
7143049,255,173,82,166953295
6998209,201,124,77,163183413
7524721,194,124,70,176926599
8712601,277,185,92,208307749
9714049,295,199,96,235126671
7347841,206,148,58,172297777
8932849,268,178,90,214179693
6742369,290,198,92,156545667
7735081,279,162,117,182447413
6182401,166,122,44,142115165
8520409,246,179,67,203197371
7940521,210,150,60,187854507
9502369,269,177,92,229432589
7143529,259,163,96,166965685
6998401,252,171,81,163188315
8318809,251,176,75,197850111
8110489,254,168,86,192338875
7348321,251,169,82,172310185
9124249,343,232,111,219294207
8713009,306,217,89,208318435
6569161,127,91,36,152067575
6183241,251,170,81,142136831
9714721,264,176,88,235145545
7524889,227,141,86,176930283
8932921,388,252,136,214180923
9308329,265,175,90,224223871
6742969,241,169,72,156560919
6999169,209,142,67,163208217
7144201,191,127,64,166984035
9894721,250,164,86,239998869
8319049,314,227,87,197856777
7348489,173,118,55,172314595
9503041,196,133,63,229451135
7735249,277,194,83,182451493
6183361,262,179,83,142139585
8714161,194,136,58,208349833
7940641,187,133,54,187857411
8520481,272,190,82,203199213
6569809,228,157,71,152084255
6999241,239,162,77,163210527
9714961,244,167,77,235152373
7144561,279,189,90,166992507
8933569,349,234,115,214197945
8111161,204,143,61,192356543
6184201,223,153,70,142160435
7348849,248,148,100,172323799
9125449,352,239,113,219326201
7525081,266,169,97,176935311
8319481,239,177,62,197867919
6743809,291,225,66,156583113
9503281,292,212,80,229457153
8714281,176,118,58,208352467
6999409,280,184,96,163215627
7736761,324,216,108,182492365
7145041,222,160,62,167005203
6184441,285,187,98,142167353
9309241,388,269,119,224248579
6569929,201,155,46,152087513
8933929,213,130,83,214207755
7349161,301,199,102,172332091
7941481,217,145,72,187879339
9894889,249,177,72,240003027
9715969,356,230,126,235178775
8521129,226,152,74,203216907
8319529,203,142,61,197869281
8112001,244,159,85,192379157
6184609,286,189,97,142171781
6744889,349,247,102,156611007
6999721,213,139,74,163223385
7145161,246,167,79,167008191
9503449,327,237,90,229462307
8714449,277,196,81,208356703
7525249,237,155,82,176940585
7350121,176,111,65,172356825
9127561,258,175,83,219382641
8935921,197,127,70,214261287
7941649,195,133,62,187883827
6570001,258,173,85,152089349
7737241,245,181,64,182504503
6185041,261,180,81,142182797
9716449,270,177,93,235191759
8319889,297,203,94,197878965
7145209,319,227,92,167009535
9895201,240,169,71,240011469
9309721,237,156,81,224262445
8521321,234,161,73,203220963
8113681,227,167,60,192423799
7526089,200,135,65,176962551
6745201,139,82,57,156619209
7350361,304,209,95,172362891
8715361,245,174,71,208381411
6185761,238,160,78,142201157
9503881,237,165,72,229473467
7941721,233,158,75,187885609
8936041,221,146,75,214264257
7737409,193,125,68,182508553
7146049,218,152,66,167031327
6570169,245,139,106,152093225
9716569,229,160,69,235195185
9130081,244,175,69,219451353
7526569,256,171,85,176975337
9895321,277,187,90,240014247
7350841,216,144,72,172376491
6186049,270,166,104,142208393
8114089,261,160,101,192434965
8320729,271,178,93,197901269
6745369,270,190,80,156623787
7942369,261,184,77,187902829
7737529,243,172,71,182511775
7146241,300,203,97,167036685
8936209,340,223,117,214268655
8522161,346,242,104,203243721
9310681,210,129,81,224287669
6187561,275,182,93,142246913
8715841,203,140,63,208393867
7351369,216,148,68,172390387
7527769,202,147,55,177006847
6570601,200,132,68,152104895
8115529,226,145,81,192472063
9717289,336,225,111,235214451
9503929,358,243,115,229474523
9896041,155,112,43,240035163
8321161,216,153,63,197912735
7738201,219,145,74,182529269
7146889,297,200,97,167053323
6187729,199,139,60,142251785
6746041,167,125,42,156641031
8937769,188,126,62,214310349
9130321,266,192,74,219457275
7351801,246,153,93,172401421
7528249,239,151,88,177019357
7942729,228,157,71,187911997
8116369,260,164,96,192494437
6570649,302,219,83,152105849
6188401,270,184,86,142268863
7147681,314,223,91,167074905
7738441,256,183,73,182535209
8522641,272,177,95,203257065
9717481,200,137,63,235219731
8321881,287,200,87,197932217
9896881,258,181,77,240057495
9310921,181,124,57,224293945
8715961,222,143,79,208397917
7351969,221,147,74,172405699
7529089,298,192,106,177041257
8938129,327,233,94,214319729
6746209,345,246,99,156645153
6188641,299,206,93,142274983
8116441,302,214,88,192496855
9504289,345,245,100,229484471
7147849,268,180,88,167079387
7739449,278,200,78,182561981
8322001,209,142,67,197935529
6570769,298,209,89,152108963
7943209,329,211,118,187925029
9717649,403,291,112,235224105
9130801,200,129,71,219469527
7352809,216,150,66,172427773
7529209,338,230,108,177044587
9897001,237,155,82,240060465
6189481,208,142,66,142296691
8938561,235,157,78,214331165
8522809,227,159,68,203261697
7148521,185,129,56,167097063
8116609,302,212,90,192501085
6746401,222,156,66,156650061
7739929,272,194,78,182574515
8717041,265,168,97,208425895
9311569,248,177,71,224311237
8322241,255,175,80,197941247
6189961,280,197,83,142308901
7352881,265,172,93,172429333
7529761,235,162,73,177059385
6570841,203,131,72,152110733
9718081,274,186,88,235236189
7149361,292,201,91,167118207
9898081,268,188,80,240089355
9504601,242,161,81,229492649
7943569,188,126,62,187934485
8938729,341,238,103,214335635
8116921,229,150,79,192509389
7741441,226,144,82,182614415
6190081,276,182,94,142311403
9131641,239,163,76,219491889
7353481,230,172,58,172445383
8322409,237,147,90,197945663
7529881,258,190,68,177062187
6747049,183,118,65,156667095
8523601,272,168,104,203282241
7149409,263,195,68,167119533
6571441,250,172,78,152126393
6190489,330,227,103,142322153
9719329,287,188,99,235269177
8717521,246,173,73,208438939
8117761,204,138,66,192531115
7741561,217,138,79,182617169
8938801,233,150,83,214337603
9311689,260,200,60,224315401
9898849,234,143,91,240109683
7353889,251,176,75,172455901
7530121,164,109,55,177068319
8322841,270,196,74,197956847
7944169,233,160,73,187950495
7149601,266,176,90,167124429
6190969,243,157,86,142334195
6747241,252,179,73,156671505
9504961,238,176,62,229502143
8117881,248,155,93,192534151
7741729,329,233,96,182621723
9131809,233,149,84,219496293
7354201,230,156,74,172464367
9719761,282,192,90,235281669
6571489,208,134,74,152127623
8939809,277,192,85,214365239
8523769,243,168,75,203286747
7530769,164,109,55,177085215
9898921,356,248,108,240111477
6192601,250,173,77,142376133
8323009,293,211,82,197961257
7150249,237,162,75,167141463
8717689,293,187,106,208443091
9312241,267,168,99,224329951
7742401,270,185,85,182640239
6747721,222,152,70,156684783
7944241,268,194,74,187952073
8117929,232,152,80,192535525
7355329,203,145,58,172493139
6193441,193,129,64,142398255
7530889,216,158,58,177088209
7151041,266,177,89,167161781
8940649,198,128,70,214387107
9720769,322,213,109,235308435
6572161,207,155,52,152145457
8323681,240,154,86,197978601
9899689,338,246,92,240133119
9505729,240,171,69,229523101
9131929,193,124,69,219499431
6193609,276,206,70,142402329
8523841,239,166,73,203288601
7356001,214,142,72,172511445
7742569,334,212,122,182644571
8118049,222,155,67,192538933
7530961,206,145,61,177090153
7151281,243,167,76,167168303
6748009,215,142,73,156692229
8717809,229,143,86,208446265
8941129,262,172,90,214400217
8323849,229,160,69,197983959
7944721,236,161,75,187965273
9721441,244,159,85,235326531
6572281,219,138,81,152148307
6194161,192,129,63,142416177
9312361,208,144,64,224332767
7356049,268,175,93,172512597
9900529,185,122,63,240155321
7742641,283,180,103,182646059
8118601,299,199,100,192553807
7532449,245,171,74,177129453
7152889,239,173,66,167210475
6194329,188,121,67,142420269
8324401,254,175,79,197998257
9505801,300,207,93,229524757
8941249,268,191,77,214402959
8524441,237,159,78,203305821
6748849,260,183,77,156714105
9132001,328,229,99,219501363
7356409,305,220,85,172521531
9721609,396,288,108,235330581
7743121,205,141,64,182658533
6573121,237,158,79,152170027
7152961,273,194,79,167212797
7533289,208,134,74,177151767
8717881,222,138,84,208447831
8120641,181,121,60,192607617
7944841,275,184,91,187968165
9900601,288,183,105,240157325
6194449,323,227,96,142423347
8325601,236,160,76,198029751
9312601,224,139,85,224339259
7357681,198,144,54,172555457
8941921,310,219,91,214421235
7743409,311,221,90,182665835
7153129,187,131,56,167216889
6749401,254,188,66,156728059
7534081,205,134,71,177172035
6195001,277,181,96,142437897
9721849,262,189,73,235337595
8122249,263,173,90,192650187
6573529,265,177,88,152180371
8524489,246,169,77,203306781
9900769,389,273,116,240161405
9506641,221,147,74,229547019
9132169,273,191,82,219505827
7357729,212,151,61,172556483
8325769,298,187,111,198034365
7945081,239,165,74,187974705
6196009,222,156,66,142463339
7153801,343,232,111,167234325
8718649,223,149,74,208469125
7743481,250,165,85,182668055
8942761,190,130,60,214443831
7534249,231,151,80,177176727
8122921,186,125,61,192668193
6749521,345,247,98,156731053
9722329,261,181,80,235350967
6573841,236,160,76,152188765
6196369,274,177,97,142472423
7358089,300,215,85,172565819
9313441,237,170,67,224361375
7153969,210,149,61,167238369
8326609,261,171,90,198057045
9901609,244,169,75,240184379
7744081,255,188,67,182683785
7534489,222,147,75,177182949
8943601,235,160,75,214466769
8524609,278,193,85,203309625
8122969,322,242,80,192669459
6196849,236,154,82,142484759
7945849,276,188,88,187994397
9132649,317,223,94,219519025
9507241,280,202,78,229563255
7359409,271,174,97,172600505
7154401,238,157,81,167249661
6749569,281,193,88,156732445
8720161,293,206,87,208508671
9723001,265,187,78,235369027
6574129,159,102,57,152195867
8327881,224,164,60,198090777
7534801,268,187,81,177191625
7744249,275,181,94,182688333
9902089,293,208,85,240197453
6197209,264,181,83,142494113
8943769,279,188,91,214470519
8124169,223,150,73,192701001
7360921,212,129,83,172639649
9313921,241,167,74,224374809
7155121,211,137,74,167268449
8525161,201,139,62,203324643
7534921,302,205,97,177194523
7744489,254,178,76,182694171
6197641,267,186,81,142505567
8328121,221,163,58,198096567
9723121,245,165,80,235371895
7946929,236,165,71,188023491
6749689,229,162,67,156735411
6574681,172,106,66,152209871
9132769,251,169,82,219522415
8124481,168,128,40,192710241
9902209,263,182,81,240200531
8944009,333,228,105,214476945
8721049,163,105,58,208533049
7361881,313,226,87,172664873
9508129,304,216,88,229587543
7155289,281,205,76,167272145
6197689,207,141,66,142506443
7535089,216,162,54,177199087
7744921,321,226,95,182705271
8328769,285,211,74,198114375
9723529,259,185,74,235382959
6749761,303,208,95,156737559
7361929,222,158,64,172666325
7155409,264,165,99,167275811
8124769,254,186,68,192716831
6575521,230,163,67,152231765
9314089,312,227,85,224378777
6197881,208,132,76,142512065
7947361,300,205,95,188034627
8525329,314,223,91,203328897
8944489,289,205,84,214489473
9902281,256,170,86,240202643
7535809,281,197,84,177217249
7745161,232,169,63,182711889
8328961,153,99,54,198119085
9508489,314,219,95,229596933
9133489,234,155,79,219541633
8722009,302,225,77,208557937
7155649,222,161,61,167282105
6198529,260,180,80,142528223
7947409,316,216,100,188035725
7362049,237,160,77,172669073
6750409,226,157,69,156753971
9723841,240,159,81,235391023
8944609,232,156,76,214493097
7536769,230,165,65,177242809
6575641,220,161,59,152235317
8125009,194,134,60,192723467
7748449,182,120,62,182798705
9902881,242,171,71,240218615
8329129,220,136,84,198123703
8525521,242,163,79,203333589
6198889,194,134,60,142537517
9314209,336,232,104,224381867
7155961,243,177,66,167290499
9508801,197,124,73,229605513
7947601,323,200,123,188041011
7362769,320,219,101,172687787
8125321,245,141,104,192731717
7537009,313,213,100,177249655
8944681,246,171,75,214495155
8722081,212,136,76,208559713
6751081,206,143,63,156772037
6576049,287,196,91,152245463
9133681,292,191,101,219546669
6199201,212,139,73,142545509
9724129,274,186,88,235398553
8329441,199,133,66,198132145
9902929,215,146,69,240219755
7156969,213,155,58,167316839
7749121,250,165,85,182816657
7363441,265,184,81,172705937
7948609,182,125,57,188067291
9508969,307,217,90,229610031
8126161,198,138,60,192753671
6199321,179,132,47,142548491
8525689,225,163,62,203338233
8945449,282,198,84,214515349
7157089,199,138,61,167319455
9314449,218,144,74,224388521
8329969,262,183,79,198145867
6754441,123,87,36,156859285
6576529,213,148,65,152257139
9724201,265,181,84,235400473
7537441,211,137,74,177260299
7364569,304,212,92,172734569
7950121,287,213,74,188107797
9903721,275,195,80,240241331
6199729,272,174,98,142558853
8723089,241,156,85,208587805
8126449,273,184,89,192760961
9134161,275,189,86,219559371
9509161,213,141,72,229615473
7749361,197,144,53,182822969
7159489,271,187,84,167382139
6577489,258,170,88,152282533
8946001,207,135,72,214530175
8330401,191,137,54,198157693
7364641,241,164,77,172736705
7537489,205,147,58,177261583
7950769,245,155,90,188124757
9724801,281,179,102,235417099
6755401,193,129,64,156883729
8527009,290,195,95,203372915
9904441,308,213,95,240261099
8127001,227,150,77,192776057
7159609,251,162,89,167385391
6577561,210,140,70,152284705
9314881,177,108,69,224399761
9509641,334,226,108,229628427
7365121,195,134,61,172749405
7538281,281,171,110,177282343
8331289,359,258,101,198180721
8947009,263,178,85,214557073
7749961,282,191,91,182839085
8723521,232,165,67,208598827
7950889,297,208,89,188127565
9135121,237,154,83,219584829
6577729,185,118,67,152288533
9725641,263,169,94,235439407
7159681,188,136,52,167387473
8127121,235,159,76,192779195
6755449,299,201,98,156884803
9904729,296,207,89,240268575
7365289,287,179,108,172753215
7538449,277,211,66,177287005
9509761,292,193,99,229630965
8527369,231,165,66,203382257
8331409,236,167,69,198183923
8947201,331,213,118,214562101
7950961,328,240,88,188129851
6579889,285,194,91,152344555
7160449,272,173,99,167407801
8127169,259,175,84,192780125
7750201,242,175,67,182845163
9315289,209,139,70,224410205
7365649,255,174,81,172763319
9725809,295,207,88,235443739
8723569,301,210,91,208599943
7539001,265,185,80,177301915
6755641,195,135,60,156889603
9904801,189,132,57,240270657
8332081,248,167,81,198202499
6580081,197,124,73,152349685
7951561,238,157,81,188145859
9135289,319,216,103,219588909
9509809,241,162,79,229632555
8947369,287,222,65,214566523
7162009,300,200,100,167447697
8127289,210,138,72,192783785
7365961,244,170,74,172771721
8527681,249,183,66,203390849
7539529,338,231,107,177315559
6580681,219,131,88,152364745
9726649,224,157,67,235466869
7750969,304,218,86,182864929
8332249,204,141,63,198206621
7951729,256,170,86,188150035
7162849,175,119,56,167470203
6756241,322,220,102,156905329
9906241,208,151,57,240309749
9510001,251,165,86,229637889
8947681,307,207,100,214574851
9315721,240,142,98,224422151
7366081,250,173,77,172774811
8723929,251,175,76,208609327
8127529,275,195,80,192789491
6580729,203,135,68,152366137
7540009,160,117,43,177327403
9135361,190,139,51,219591255
7163041,245,175,70,167474727
7951969,184,130,54,188156317
8332921,305,209,96,198224033
9727369,277,200,77,235486285
8528209,232,157,75,203404785
7367161,238,167,71,172802771
6756961,228,164,64,156923789
9906289,285,193,92,240311027
8947801,274,168,106,214577869
6581401,246,168,78,152383505
9510841,248,170,78,229660521
8127841,242,170,72,192797747
7752529,221,148,73,182905713
7540369,274,184,90,177336565
7163809,203,130,73,167495155
7953289,243,168,75,188190711
8333329,324,222,102,198234773
8724241,232,163,69,208618153
9315769,293,214,79,224423159
6581761,207,137,70,152393255
7367761,321,238,83,172818713
9727489,329,233,96,235489117
7540801,224,150,74,177347597
8127961,288,197,91,192800741
8948041,353,258,95,214584061
9907081,298,208,90,240332333
9511441,224,146,78,229677227
6757249,272,179,93,156931643
9135961,184,126,58,219607305
7164529,197,142,55,167513365
8528881,204,130,74,203422811
7954801,290,205,85,188230647
7753321,285,197,88,182926725
6581929,275,189,86,152397377
8334481,218,154,64,198265187
7367809,238,171,67,172819817
7540969,260,183,77,177352301
8128129,231,162,69,192805451
9728401,261,197,64,235514203
7164649,308,206,102,167516203
8948689,359,239,120,214602031
6582769,303,211,92,152418839
9512161,258,177,81,229695573
8724601,236,157,79,208627417
9907801,301,196,105,240351887
6757921,170,120,50,156949085
7955329,335,222,113,188245239
9316129,170,113,57,224433173
7367929,290,211,79,172822721
8334841,183,128,55,198274547
7541041,315,217,98,177353873
9136009,196,128,68,219608253
7164721,237,154,83,167518255
8128369,257,180,77,192811397
7753489,242,169,73,182931645
8529049,214,152,62,203426849
6583201,181,128,53,152429453
9728881,272,182,90,235527139
8949481,258,167,91,214623535
7955929,266,182,84,188261049
7368601,212,142,70,172840697
9512329,266,180,86,229699935
9907921,207,124,83,240355145
8335489,278,186,92,198292453
6758761,225,167,58,156970367
7541881,263,192,71,177376523
7164889,287,186,101,167522185
6583249,174,114,60,152430629
8128801,243,168,75,192822389
8725609,245,160,85,208654249
7368841,275,194,81,172846847
9317281,207,146,61,224463803
8949649,225,153,72,214627547
7956601,183,131,52,188278443
9729169,313,214,99,235534447
7753561,367,250,117,182933157
7542049,312,213,99,177380771
7165321,201,137,64,167533783
6584041,269,199,70,152451767
8335609,240,163,77,198295393
9512449,343,239,104,229703487
9136201,263,182,81,219613653
8529361,163,112,51,203435441
9908089,320,205,115,240359435
8128969,280,208,72,192827807
6759481,188,114,74,156988919
7369441,223,145,78,172862645
7956769,305,207,98,188282781
8950369,257,177,80,214646585
6584449,179,124,55,152462457
7542481,277,188,89,177392489
7165729,209,141,68,167545603
9729241,261,174,87,235536553
8335849,236,162,74,198301597
8726209,234,166,68,208670847
9512689,244,176,68,229709937
7754209,210,155,55,182950477
8130361,329,237,92,192864243
9909001,287,199,88,240383885
7369849,271,186,85,172872893
9318121,274,187,87,224487515
6759601,205,141,64,156991967
6584761,182,126,56,152471253
7957441,311,206,105,188300397
8529649,325,226,99,203443463
7166209,291,205,86,167557045
7542721,182,127,55,177398477
9136849,306,223,83,219631197
8950489,283,185,98,214649189
8336329,231,158,73,198313981
9730729,339,234,105,235576471
8130721,197,147,50,192874011
7370161,294,199,95,172881155
9513529,203,142,61,229732795
6585289,238,154,84,152484315
7166569,203,147,56,167566585
7957681,200,149,51,188306631
9909649,203,130,73,240401597
7543201,188,130,58,177411225
8726449,236,161,75,208676793
7755409,282,192,90,182981677
6760009,260,175,85,157002839
8952001,235,163,72,214690265
8337289,205,147,58,198339853
6585721,217,148,69,152494683
7371121,237,173,64,172906019
8131369,266,187,79,192890961
9318409,231,165,66,224494775
8531881,253,173,80,203502305
9730849,264,179,85,235580425
7167001,214,160,54,167577479
9514129,263,190,73,229748959
7958281,232,158,74,188322375
9136969,327,229,98,219633783
7543561,184,124,60,177420927
9910009,314,231,83,240411759
6585769,281,209,72,152495835
8952241,248,167,81,214696303
8338009,172,125,47,198358945
7372009,216,151,65,172929443
6760489,275,188,87,157015763
8726761,222,155,67,208684907
7755721,265,175,90,182989903
8132329,256,176,80,192915855
7167241,182,121,61,167584121
7545169,233,149,84,177462927
7958521,261,183,78,188329179
8532169,334,230,104,203509787
9515041,282,189,93,229773337
6586561,232,159,73,152516013
9731569,209,144,65,235599787
7372369,268,178,90,172938383
9318481,254,190,64,224496833
8338849,245,164,81,198380695
8132401,248,170,78,192917661
8727049,299,211,88,208692473
9137521,311,193,118,219649089
7167409,253,174,79,167588261
6761281,237,160,77,157035887
9910441,249,167,82,240422671
7958689,447,303,144,188333049
6587401,265,192,73,152538279
8952721,305,219,86,214709815
7546681,238,173,65,177502479
7755841,301,188,113,182992705
8532889,286,199,87,203529323
7373209,358,260,98,172960711
9515641,236,151,85,229789159
9731929,280,199,81,235609675
8339521,172,119,53,198398827
8133049,275,198,77,192935967
7167841,245,165,80,167599421
6587569,237,153,84,152543271
8727601,282,197,85,208706999
7960009,349,245,104,188367951
9912121,242,160,82,240467989
6762001,208,125,83,157054967
7373521,174,127,47,172969783
8533009,193,141,52,203532677
9319249,230,157,73,224517113
7546729,229,151,78,177503541
9515689,353,245,108,229790515
6587809,327,215,112,152549013
9137641,312,209,103,219651747
7168561,168,116,52,167618093
8340049,232,155,77,198412577
7755889,317,216,101,182994553
8133241,204,152,52,192940347
9732361,257,192,65,235620913
8952841,323,235,88,214712929
8728129,255,196,59,208720717
7960129,202,139,63,188371141
7374361,223,150,73,172991263
9912169,287,204,83,240469249
6588289,194,132,62,152561631
8533729,242,159,83,203551307
6762121,247,166,81,157057571
7168729,235,148,87,167622659
8340529,249,166,83,198424743
8133841,161,116,45,192957063
9516361,337,219,118,229808557
7960201,296,202,94,188373109
9732529,212,146,66,235625899
8728609,322,229,93,208733557
7547521,286,212,74,177523731
7374649,305,212,93,172998889
7756849,162,98,64,183019221
6588409,147,88,59,152564619
9319969,193,134,59,224536133
7168921,265,171,94,167627639
9137809,242,172,70,219657747
8533849,234,164,70,203554403
8953729,199,137,62,214736839
9913129,282,197,85,240495543
8340721,220,142,78,198430527
6762169,351,252,99,157058681
8134849,301,201,100,192982897
7960681,231,146,85,188385919
9517201,274,184,90,229831273
7375729,280,195,85,173026759
6589321,261,181,80,152587697
8728969,344,251,93,208742929
9733081,292,205,87,235640855
7169689,242,171,71,167647895
7548241,263,173,90,177542823
8534089,231,145,86,203560577
7757401,272,192,80,183034351
8135521,172,117,55,193000519
8341369,231,166,65,198447075
6589969,136,93,43,152604347
9913201,187,127,60,240497937
7960801,269,176,93,188388439
7376041,276,193,83,173035717
6762361,202,140,62,157063907
9320329,392,287,105,224545547
7170601,184,126,58,167671541
9518161,212,151,61,229857421
8729401,259,179,80,208755067
9138049,354,244,110,219663399
8954089,187,118,69,214746097
9733201,182,121,61,235643369
6590161,277,208,69,152609045
8534521,274,195,79,203571959
8137609,258,174,84,193056027
8341561,303,217,86,198453171
7376329,241,161,80,173042755
7960969,185,127,58,188393467
7549249,215,158,57,177569517
7170769,214,149,65,167675915
9914521,202,141,61,240533793
7757521,313,212,101,183037513
8729641,261,168,93,208762003
6763129,220,157,63,157083461
9518401,184,127,57,229863397
6590641,231,156,75,152622479
9733921,259,183,76,235662897
8534569,277,175,102,203573327
7376569,264,175,89,173048983
8138209,314,209,105,193071669
8342329,337,230,107,198472761
7961521,300,198,102,188407867
7171201,229,147,82,167687537
9321649,250,177,73,224580785
9138721,270,188,82,219681567
8954401,164,103,61,214754515
6591649,230,149,81,152647811
8730649,285,190,95,208788199
9915721,297,207,90,240565709
7549609,321,223,98,177578535
9519049,221,148,73,229881343
6763369,334,223,111,157088981
7377241,201,137,64,173066463
7758769,304,198,106,183070657
8535361,250,170,80,203594843
8138761,249,176,73,193086369
7171249,264,175,89,167688725
7961809,205,134,71,188415565
8342569,222,148,74,198479625
9734281,290,180,110,235672245
6592009,236,164,72,152657531
8731249,347,212,135,208803289
7377841,225,153,72,173082087
9916561,240,160,80,240588275
7171441,227,150,77,167693405
9519241,238,161,77,229885831
9322009,258,176,82,224590967
8138881,228,151,77,193089177
9139201,212,131,81,219694143
8536081,254,170,84,203614001
7961881,221,135,86,188417293
8954929,153,99,54,214768957
6592321,209,150,59,152666273
7550089,298,199,99,177591255
8343169,330,227,103,198494931
6763681,252,166,86,157098053
9735889,311,221,90,235716079
7759249,236,152,84,183083461
7378081,263,174,89,173088609
8731321,205,139,66,208806379
7172881,173,118,55,167731849
6592609,184,122,62,152673017
8140441,182,118,64,193130823
7963321,236,174,62,188455277
9917569,354,249,105,240615665
8536201,242,171,71,203617085
8344681,309,212,97,198535719
9519409,260,170,90,229890457
6763849,134,80,54,157102257
7550449,188,123,65,177600627
9736561,297,194,103,235733977
7378849,144,99,45,173108553
7173721,192,123,69,167752783
6593329,255,178,77,152691719
8955241,189,127,62,214777889
8732641,205,133,72,208841455
9322609,248,169,79,224607603
9139369,340,231,109,219698739
7760089,263,196,67,183105385
7963369,273,198,75,188456615
8140609,216,143,73,193135251
8536249,250,171,79,203618477
8345089,214,141,73,198546993
9917881,260,172,88,240623585
9519889,212,142,70,229903363
6593449,208,143,65,152695217
7379401,211,147,64,173123565
7173889,326,224,102,167756599
6764041,236,175,61,157107411
9736609,225,159,66,235735135
8733001,210,151,59,208850857
7963561,268,182,86,188461439
7551121,333,236,97,177618955
8141401,298,193,105,193156059
8536441,191,130,61,203623193
8345761,216,149,67,198564279
6593689,149,99,50,152700953
7379569,215,145,70,173127405
7174129,254,162,92,167763697
7760281,260,176,84,183110041
9520081,231,142,89,229908391
8955769,235,159,76,214790633
9918169,246,160,86,240631541
9140401,249,172,77,219727059
9323161,216,143,73,224622477
7964161,245,164,81,188477773
8733649,218,146,72,208868401
9736729,286,195,91,235738225
6765361,261,172,89,157141593
8141449,251,172,79,193157745
6594361,353,235,118,152718305
8346241,192,141,51,198576933
8536921,344,236,108,203636085
7174441,234,163,71,167772805
7379689,255,185,70,173130171
7551769,196,130,66,177635535
9520921,258,198,60,229931479
9918409,344,241,103,240637055
6594529,303,217,86,152722535
7760761,293,200,93,183122557
7964329,220,143,77,188482159
8141569,282,195,87,193160265
8734441,291,194,97,208889251
7174801,363,252,111,167781293
7379929,280,199,81,173136567
9737281,189,132,57,235754491
8346361,170,112,58,198580173
6766321,239,170,69,157166625
8537041,349,242,107,203639325
8956249,200,126,74,214804601
9140569,154,107,47,219731499
9323329,206,143,63,224626881
6595009,165,120,45,152734873
7552609,174,118,56,177657417
7964569,291,199,92,188488315
9521569,248,164,84,229948771
7175449,189,124,65,167797919
8142289,253,179,74,193179333
9918721,263,177,86,240646151
7380361,228,147,81,173147913
8735449,297,193,104,208915939
8347081,287,202,85,198599147
8538721,250,159,91,203683841
7761121,204,122,82,183132415
9737569,281,206,75,235761991
6595129,202,138,64,152738395
6766369,277,184,93,157168005
7964881,215,152,63,188496403
7175569,256,186,70,167800991
7382209,314,211,103,173195581
8143129,297,202,95,193201785
8956369,230,154,76,214807397
9521689,278,185,93,229951267
8736001,228,162,66,208930903
9142561,221,148,73,219784231
6596641,310,206,104,152777093
9918889,308,200,108,240650459
8347249,205,133,72,198603289
9323449,220,149,71,224629575
7552729,285,204,81,177660429
8538889,301,204,97,203688107
9737641,278,189,89,235763677
7176121,251,178,73,167815451
7965049,201,134,67,188500789
6767161,209,141,68,157188167
7382449,211,143,68,173202409
7761289,304,205,99,183136705
8143801,220,150,70,193219797
6596809,293,195,98,152781293
9522361,213,152,61,229969315
8736529,218,144,74,208945595
8347369,243,183,60,198606247
8539441,210,141,69,203703611
9919009,182,114,68,240653975
7176241,263,175,88,167818373
7382761,169,117,52,173211193
7552801,256,151,105,177662403
8956609,258,169,89,214813529
7965241,333,236,97,188505859
6596881,252,173,79,152783219
9738649,289,190,99,235790869
8143921,279,183,96,193222701
9142729,307,203,104,219788437
6767569,251,168,83,157198673
9323689,244,169,75,224636349
7761769,310,206,104,183148969
8347609,473,328,145,198612655
8737129,260,179,81,208961255
9523369,219,157,62,229997233
7177921,223,163,60,167862077
6767881,306,205,101,157207505
7383289,169,113,56,173224057
8539561,261,173,88,203706701
8957089,234,148,86,214825931
7553281,263,181,82,177675135
6597889,197,134,63,152809979
9919249,340,225,115,240661035
9324121,183,126,57,224648211
8144161,293,206,87,193229601
7761889,202,145,57,183152399
7965409,199,132,67,188510407
8347921,246,163,83,198621205
8737801,286,190,96,208978421
9142849,201,147,54,219792289
7179001,259,173,86,167890865
6768001,232,143,89,157210469
9739129,253,176,77,235803631
7383721,181,126,55,173236003
6598201,227,150,77,152817635
7553449,281,199,82,177679913
9919681,292,194,98,240672501
9523609,303,198,105,230003201
7762129,333,240,93,183158225
8144641,198,127,71,193242231
8348089,267,173,94,198625757
9326041,210,142,68,224699487
7179481,215,139,76,167903561
6768409,285,197,88,157220381
8737849,366,249,117,208979591
8540281,200,129,71,203725415
8957449,321,221,100,214835519
9142921,292,207,85,219793861
6598561,309,215,94,152827115
7554289,252,163,89,177701891
7965721,239,164,75,188519143
7762609,297,191,106,183171013
6768721,187,144,43,157228949
7180009,222,132,90,167917103
8144761,286,174,112,193245391
7384129,235,156,79,173246491
8348881,303,203,100,198646727
9524041,276,188,88,230014667
9919849,193,135,58,240677181
6599161,265,170,95,152842217
8738209,262,172,90,208989603
9740089,268,197,71,235829275
7554961,329,228,101,177719171
9143689,199,134,65,219814165
6768889,245,161,84,157233155
7180321,266,178,88,167925527
7763401,306,191,115,183191917
8540401,260,158,102,203728295
9326641,221,155,66,224715081
8145001,325,243,82,193251073
8958121,293,195,98,214854137
6599569,155,107,48,152853119
7966009,246,164,82,188527069
8348929,199,141,58,198648059
7555081,205,145,60,177722243
9524761,196,125,71,230035511
8738641,252,183,69,209000799
9920089,261,177,84,240683265
7384441,298,213,85,173254579
6770089,235,158,77,157263749
9144769,313,217,96,219842861
7180489,238,173,65,167929577
7763449,213,150,63,183193063
8540569,251,179,72,203733467
8145169,378,271,107,193255939
7967521,187,131,56,188566363
8349049,218,148,70,198651167
9740161,293,198,95,235831015
7555129,301,199,102,177723605
6771409,283,205,78,157298105
8738809,294,198,96,209005911
9524881,241,186,55,230038265
7181689,225,147,78,167960789
9920689,278,173,105,240699357
9326689,284,192,92,224716491
7763641,241,170,71,183197929
8958769,289,209,80,214871135
9145249,146,101,45,219855671
7384561,278,180,98,173257405
8145649,306,200,106,193268531
7967569,210,126,84,188567197
8540809,304,210,94,203740031
7555321,259,172,87,177728375
8349889,261,183,78,198673073
6772081,204,141,63,157315469
7182001,210,143,67,167969309
8738881,343,244,99,209007873
9525121,181,125,56,230044835
7763809,209,140,69,183202585
9921409,279,203,76,240719505
9145921,232,159,73,219873973
8146441,209,151,58,193289489
7967689,278,192,86,188570251
6772201,226,156,70,157318229
7556641,197,137,60,177763325
8541121,254,177,77,203748461
9740761,280,194,86,235847059
8351281,208,140,68,198709901
7384801,283,188,95,173264131
7182121,204,145,59,167972163
8959729,200,140,60,214897187
9327361,244,168,76,224734193
8739481,282,175,107,209023491
7765249,293,209,84,183240445
6772609,250,176,74,157328759
9525721,304,210,94,230060025
7968409,258,185,73,188589575
8146609,233,148,85,193293905
7556929,226,145,81,177770681
9146041,287,193,94,219877165
9921529,330,238,92,240722679
8541289,144,103,41,203752397
7182529,354,234,120,167982395
8352241,269,184,85,198736181
7765321,274,180,94,183242773
8739529,273,169,104,209024733
7385449,250,189,61,173281057
6773209,182,119,63,157344701
7557601,267,189,78,177787949
7968769,193,125,68,188598659
8146681,149,102,47,193295531
9741649,318,231,87,235870891
9525961,217,139,78,230066607
7183201,121,82,39,168000119
9147601,209,136,73,219920035
8541409,328,240,88,203755325
8961409,293,205,88,214941629
8352481,226,150,76,198742325
9921601,294,198,96,240724767
9327481,268,181,87,224737439
6773881,240,177,63,157361837
7765489,329,233,96,183246577
8739721,296,193,103,209029671
7559161,141,90,51,177829451
7969609,248,173,75,188622095
7183681,250,167,83,168012077
8147449,259,178,81,193316051
7385569,229,161,68,173283877
8542129,291,205,86,203774619
9526129,369,229,140,230071029
8353129,256,187,69,198759425
6773929,257,177,80,157363157
9147889,228,148,80,219926803
7765921,243,158,85,183258379
9922609,298,199,99,240751107
7559521,260,178,82,177838481
8740321,315,211,104,209045247
7183801,180,103,77,168015413
7970089,272,170,102,188634251
9742849,236,162,74,235902915
8961961,274,190,84,214956713
8148289,280,197,83,193338083
6774289,234,150,84,157371725
9327529,308,200,108,224739083
8542321,212,154,58,203779443
8353801,209,132,77,198777641
9526441,266,194,72,230080245
9148561,346,222,124,219944335
7765969,229,158,71,183259759
7385641,264,171,93,173285941
7560361,203,132,71,177861005
7184041,342,223,119,168021011
9923209,299,210,89,240767559
8740561,277,183,94,209052813
7970761,279,190,89,188651759
6774601,263,174,89,157380557
8148841,287,194,93,193352765
8354161,268,189,79,198786659
8542489,295,214,81,203784069
7766329,278,192,86,183269431
7185889,330,233,97,168070079
9148609,246,167,79,219945801
7561009,220,156,64,177877685
9526609,187,123,64,230085253
8962081,278,190,88,214959761
6775441,222,146,76,157402181
9743161,247,167,80,235911081
7970881,223,165,58,188654477
7386241,268,183,85,173301829
8741041,219,138,81,209065803
8149129,268,179,89,193360169
9327649,247,169,78,224742263
9923449,419,270,149,240773667
7767769,263,194,69,183306763
8355001,306,194,112,198809339
8543089,199,140,59,203800425
7186369,277,174,103,168082913
7561681,222,138,84,177895475
6775801,217,158,59,157411685
9148729,257,187,70,219948867
9526729,320,214,106,230087845
7971721,198,132,66,188676287
8149369,283,206,77,193366601
8741329,221,151,70,209072877
7769329,310,196,114,183347785
9924121,290,208,82,240792465
7186489,217,157,60,168086603
7386481,243,157,86,173307723
8356009,270,164,106,198835663
6775969,254,176,78,157416563
8543329,202,126,76,203806305
7561849,174,126,48,177900245
8962321,229,161,68,214966427
9743689,344,246,98,235926897
7972969,330,227,103,188709953
9149401,223,150,73,219967749
9327889,316,217,99,224748347
9526969,218,146,72,230094289
8149849,261,173,88,193379177
8741401,278,188,90,209074647
7186561,211,143,68,168088325
6776281,189,138,51,157423889
7770001,278,202,76,183365673
7561969,283,183,100,177902717
8356489,265,185,80,198847483
8543641,302,222,80,203814603
9924601,224,146,78,240805809
7386961,240,158,82,173320029
7973281,201,153,48,188718143
9149449,204,124,80,219968553
8150209,275,176,99,193388531
6776449,193,137,56,157427891
7187161,245,171,74,168103781
9527281,187,129,58,230102575
8742169,254,180,74,209094989
7770121,263,178,85,183368463
8963161,226,161,65,214988927
7562041,240,170,70,177905105
8356681,223,155,68,198853273
8544001,251,173,78,203824323
9744001,175,139,36,235934907
9328201,302,219,83,224756819
7973401,276,184,92,188721131
9924721,187,117,70,240808951
6776641,190,130,60,157433591
7187881,166,127,39,168122661
8151049,155,106,49,193411153
9149809,234,158,76,219977871
7771009,198,134,64,183392079
7387969,218,151,67,173346939
7562521,217,158,59,177917811
8743561,309,204,105,209132433
9528289,236,172,64,230129481
8356849,264,184,80,198857437
8544169,280,193,87,203828529
6777241,184,126,58,157448471
7974289,277,201,76,188744777
7188241,206,143,63,168131559
8963761,182,113,69,215004873
8152201,253,180,73,193440883
9924961,233,159,74,240815269
7771201,170,115,55,183396819
7562641,246,167,79,177920355
9150121,285,195,90,219986595
8743681,223,149,74,209135877
6777289,328,225,103,157449665
8357281,175,111,64,198869005
9328321,172,108,64,224759909
9529321,318,214,104,230156997
7388089,243,160,83,173350137
9744121,258,182,76,235938051
8544649,198,126,72,203841129
7188889,272,189,83,168148215
7974481,225,161,64,188749865
8152369,236,163,73,193445551
7772209,170,120,50,183422949
7562809,260,175,85,177924957
9925969,258,180,78,240842713
6778249,215,147,68,157475915
9150241,213,137,76,219989457
8964601,216,138,78,215026415
8358529,225,159,66,198902431
7189081,198,129,69,168153041
8744929,328,219,109,209168771
7974961,287,184,103,188762459
8544841,338,234,104,203846283
9529801,215,157,58,230170101
9744529,296,207,89,235948347
7389649,234,166,68,173390841
7563649,226,159,67,177947189
8153329,225,162,63,193470977
6778921,266,186,80,157492353
9328369,349,248,101,224760785
7189561,270,178,92,168165809
9926401,216,147,69,240854293
9151081,198,136,62,220012049
8359009,258,173,85,198915283
7772521,161,113,48,183431769
8965609,180,121,59,215053425
7975321,259,179,80,188771757
8545321,203,120,83,203858891
9530161,266,180,86,230179239
7565161,272,189,83,177986881
6779161,198,141,57,157499241
8153401,227,159,68,193472663
9745009,304,216,88,235961265
8745241,256,178,78,209177039
7189849,224,162,62,168173311
7389769,279,187,92,173393757
8359201,225,147,78,198920335
7975921,290,207,83,188787693
9151801,302,229,73,220031435
8967001,321,214,107,215091603
9926641,229,156,73,240860569
6780481,252,185,67,157532559
8546521,217,147,70,203890331
7565881,215,145,70,178005709
8155561,228,154,74,193530473
7772641,281,204,77,183434625
9531001,241,161,80,230201839
7189921,196,137,59,168174763
9328729,239,164,75,224771315
9745201,284,195,89,235966611
6780769,289,200,89,157540305
8359969,281,190,91,198940723
7976161,216,147,69,188794157
7566841,261,170,91,178030811
9151969,224,153,71,220035791
8967169,315,207,108,215095881
7390321,191,130,61,173409933
8546689,298,203,95,203895857
9927121,241,162,79,240873805
8746369,278,200,78,209206283
8155729,215,145,70,193534925
7190929,261,179,82,168202381
9531481,246,167,79,230214199
6781009,200,125,75,157546159
7773361,308,209,99,183453557
7976329,292,191,101,188798477
9745849,298,207,91,235984227
8360809,265,181,84,198963073
7567009,247,172,75,178034813
8967961,214,149,65,215116287
9152089,243,172,71,220039061
7191241,252,164,88,168210193
8547361,177,121,56,203913611
9329161,274,184,90,224782745
8157241,214,152,62,193575333
6781321,239,171,68,157554907
9927961,262,189,73,240896737
7391689,313,200,113,173444149
9532009,275,196,79,230229313
7976809,138,95,43,188810915
7567081,306,218,88,178036379
8361721,217,160,57,198987049
8746609,224,147,77,209212919
7191601,234,163,71,168219529
9746521,312,203,109,236003109
8548009,260,188,72,203930723
8157769,173,121,52,193588503
8969041,261,181,80,215145291
6781609,255,178,77,157561957
9152641,206,144,62,220053467
7773481,208,148,60,183456857
9928081,246,177,69,240899433
7977649,174,111,63,188832887
7567249,272,187,85,178041329
9532321,329,226,103,230237371
7393201,215,161,54,173483625
7192201,270,185,85,168234949
8362561,213,136,77,199009195
9331009,254,173,81,224832527
6782329,222,145,77,157581157
8158441,291,180,111,193606173
8548129,282,207,75,203934203
9747481,240,170,70,236027745
8969689,203,137,66,215162487
9152761,260,189,71,220056515
8746921,240,148,92,209222783
7568089,186,125,61,178063655
7977841,227,152,75,188838491
7192441,239,156,83,168241045
7773889,242,166,76,183467681
6783169,256,177,79,157602985
9928129,224,151,73,240901011
8363209,227,153,74,199026325
9532441,268,197,71,230240635
8159209,223,147,76,193626777
7393369,251,171,80,173487891
8548201,239,165,74,203935979
8970361,202,137,65,215179791
9747721,254,171,83,236034423
9152809,248,164,84,220058063
7568569,244,168,76,178076045
7193449,276,169,107,168268099
6783529,227,150,77,157612501
7978441,250,187,63,188853671
9331921,208,147,61,224856573
8363569,281,177,104,199035001
9929089,191,122,69,240926241
8160601,216,140,76,193663917
9532489,353,239,114,230242087
7774201,279,197,82,183475583
8747041,221,147,74,209225477
8548681,294,202,92,203948291
7194289,267,180,87,168289631
6784201,236,160,76,157629559
7568761,237,161,76,178081079
8970649,288,195,93,215187561
7978609,242,167,75,188858099
9154681,241,178,63,220108871
9748369,181,123,58,236052519
7393681,190,131,59,173496241
8364241,235,167,68,199053787
8160769,253,181,72,193668327
6784849,207,135,72,157646623
7195729,270,182,88,168326699
9929329,288,209,79,240932589
8548849,241,165,76,203952761
9532609,234,161,73,230245285
7569241,185,131,54,178093567
7978849,295,182,113,188865065
8971321,320,227,93,215206533
9332569,249,169,80,224874177
7775329,182,129,53,183505283
9156529,423,281,142,220157675
9748561,229,164,65,236057595
8747929,211,131,80,209248703
8364721,210,141,69,199066765
7393849,229,148,81,173500567
6785209,263,184,79,157655911
8160961,221,148,73,193672931
7196569,345,238,107,168348509
7569409,238,161,77,178097491
8549641,200,134,66,203974361
9533281,218,129,89,230264065
7979281,286,192,94,188876165
9929929,225,161,64,240949251
8971561,231,164,67,215213187
9157201,158,104,54,220176157
6786049,210,154,56,157677315
8365081,241,173,68,199076035
9749161,232,156,76,236073267
7196641,295,202,93,168350819
8161969,307,196,111,193699415
7775401,295,194,101,183506963
7570201,200,136,64,178119529
8549881,312,229,83,203980645
7394041,249,178,71,173506267
9332761,233,151,82,224878971
7980121,239,161,78,188898605
8748601,323,213,110,209266475
6786529,274,195,79,157689441
9533521,341,226,115,230269741
9930001,215,148,67,240950961
8972569,323,226,97,215239379
7197961,205,135,70,168385383
8365561,279,186,93,199088839
9157969,237,150,87,220196959
7570369,205,123,82,178123543
8162809,273,194,79,193722257
9749329,307,209,98,236077731
7980289,226,164,62,188903033
8550481,155,104,51,203996563
6786649,204,141,63,157692957
7775569,255,165,90,183512339
7198969,259,165,94,168411037
7394521,291,194,97,173519149
9534961,270,189,81,230308933
8973001,292,196,96,215251895
8366401,226,154,72,199111279
9930169,332,240,92,240955539
7570921,295,201,94,178138333
9158521,229,168,61,220211299
8163121,297,199,98,193730867
9333241,199,137,62,224891925
8748889,247,176,71,209274539
6786721,272,173,99,157694487
7980529,307,217,90,188909147
9749881,234,167,67,236093301
8550889,254,171,83,204006817
7199089,291,196,95,168414445
7571041,231,146,85,178140769
8973049,276,193,83,215253263
8367361,329,232,97,199136431
9535681,238,159,79,230328403
7775881,210,128,82,183520073
6786889,261,194,67,157699341
8163241,227,159,68,193733819
9931321,214,153,61,240986811
9159049,233,154,79,220225111
7394809,285,198,87,173526499
7981801,281,196,85,188942333
7199809,197,141,56,168433153
8551489,245,155,90,204023161
9750001,211,133,78,236096271
8750641,293,192,101,209320659
7572289,380,258,122,178173961
6787489,211,142,69,157714665
8367769,277,203,74,199147339
9333409,222,155,67,224897343
8973241,309,209,100,215257823
8164249,218,149,69,193760555
7776409,250,173,77,183533937
9537049,271,184,87,230364941
9159361,187,124,63,220234113
7982209,223,162,61,188953727
9931489,278,180,98,240991311
8552161,272,188,84,204040279
7395049,261,182,79,173532319
6788569,283,212,71,157742433
7572889,189,121,68,178189015
9750049,199,137,62,236097333
8750809,263,183,80,209325483
8368081,189,134,55,199155931
8164801,206,140,66,193775411
7776889,269,180,89,183546393
8973409,280,182,98,215262047
7983049,249,159,90,188976029
9537889,244,173,71,230386829
9159649,276,216,60,220241895
6790009,239,156,83,157779393
8552881,266,180,86,204060613
9932521,225,158,67,241019475
7573729,212,147,65,178211801
9333529,236,159,77,224900079
8751289,302,194,108,209337771
9750841,268,158,110,236119025
7395649,271,185,86,173548249
8368201,314,202,112,199159141
7777009,250,162,88,183549933
8165329,272,189,83,193789397
8973889,263,179,84,215275151
7983361,173,110,63,188984693
6790081,220,148,72,157781535
9538201,237,174,63,230395451
9160321,224,153,71,220259769
7573801,181,127,54,178213661
8554081,291,197,94,204091393
9933529,188,131,57,241046979
8752129,131,89,42,209360349
7777849,210,141,69,183572441
8368249,404,257,147,199160431
8165761,230,160,70,193800425
6790561,273,187,86,157794855
9751849,318,215,103,236146313
7983529,290,206,84,188989067
8974681,328,228,100,215296721
7396369,247,187,60,173566893
7574449,289,188,101,178230355
9334081,236,160,76,224915151
9160369,235,168,67,220260879
9539161,238,153,85,230421249
8554849,295,205,90,204111931
7778929,199,138,61,183600173
6790921,200,124,76,157803141
8165809,320,235,85,193801721
8752321,249,192,57,209365383
8369089,252,165,87,199182283
9933841,223,154,69,241055367
7983721,207,135,72,188993843
7574569,261,178,83,178233259
9752521,242,166,76,236164283
8975689,261,178,83,215322593
8555761,192,134,58,204136633
6791689,204,131,73,157823167
7396729,321,215,106,173575599
9160729,350,250,100,220270053
7779241,239,165,74,183608237
9539209,218,161,57,230422419
8166601,259,159,100,193822379
8369281,292,205,87,199187257
8752801,249,165,84,209378733
7984201,181,117,64,189006345
7575289,247,169,78,178252177
9933961,273,182,91,241058577
9334609,289,203,86,224928741
8976361,222,161,61,215340931
6792241,184,121,63,157837795
9752929,257,167,90,236175353
8555929,237,155,82,204140917
7779529,220,148,72,183615845
9161161,244,167,77,220282527
8166649,324,220,104,193823561
9539401,233,153,80,230428371
8369929,247,166,81,199204483
7985041,161,101,60,189028647
8753089,275,211,64,209386075
7398241,292,189,103,173615229
7575481,283,182,101,178257175
6792529,254,173,81,157844725
9934009,278,191,87,241059783
8976529,299,210,89,215345461
7779601,236,159,77,183618155
9753409,273,171,102,236188145
8556241,222,160,62,204149299
8166841,227,157,70,193829171
9162001,248,175,73,220304445
7986001,313,211,102,189053379
8370049,213,140,73,199207309
7576081,327,223,104,178272655
6792601,213,149,64,157846951
9540001,237,153,84,230444329
9335041,220,143,77,224940507
8753161,356,237,119,209388595
7399009,312,231,81,173635349
7780081,233,162,71,183630491
8977201,256,175,81,215363563
9934129,298,215,83,241062909
8557609,258,183,75,204185675
9754609,289,208,81,236220371
8168161,202,129,73,193864385
6793609,190,127,63,157873175
7986241,248,160,88,189059673
7576321,214,143,71,178279675
8370721,258,175,83,199225363
9162841,282,198,84,220326891
8753809,224,151,73,209404861
9540409,319,204,115,230455651
9335089,194,118,76,224941611
7780369,203,128,75,183637103
8977369,219,143,76,215368015
6794089,167,116,51,157885751
8557921,228,158,70,204193649
7577329,229,142,87,178305619
7986721,249,175,74,189072219
9934801,341,247,94,241081053
8169001,217,151,66,193885979
8370889,236,167,69,199230385
9755881,290,182,108,236254437
9163009,208,136,72,220331307
8755321,209,166,43,209445313
9541009,250,168,82,230471359
7780921,240,155,85,183652847
6794209,227,153,74,157889117
9335881,197,125,72,224962935
8978449,276,179,97,215396399
7577809,262,170,92,178319299
7987009,164,120,44,189080295
8558041,328,225,103,204196511
8169121,182,127,55,193889147
8371729,265,189,76,199252099
9935041,290,198,92,241086939
8755849,252,183,69,209459323
9756121,233,160,73,236261199
6794449,213,144,69,157895447
9163081,274,173,101,220333047
7781881,335,224,111,183678383
9541729,291,197,94,230490967
9337441,234,164,70,225005661
7578001,171,122,49,178323985
7987081,273,198,75,189081999
8979721,206,140,66,215430425
8169289,322,229,93,193893347
8558761,198,136,62,204216815
8372641,286,196,90,199276743
6794929,202,140,62,157907723
7781929,196,123,73,183679763
8756689,288,205,83,209481229
9935521,264,185,79,241100821
9163249,284,199,85,220337187
9757441,184,125,59,236297241
7579441,221,150,71,178361785
7987249,275,185,90,189086487
9543361,209,154,55,230534575
9338281,321,220,101,225027423
8169841,252,177,75,193907291
6795721,186,126,60,157927607
8558881,295,188,107,204219335
8979889,288,194,94,215434721
8372809,228,161,67,199281033
7782289,273,178,95,183688619
8757121,219,163,56,209493565
7580161,233,166,67,178380085
9164401,219,160,59,220369143
9935641,130,94,36,241104601
9757801,325,220,105,236306811
7987561,263,165,98,189094647
6796729,228,155,73,157954163
8169961,260,177,83,193910315
9338401,335,225,110,225030093
9543769,288,197,91,230545237
8558929,293,193,100,204220925
8980441,320,226,94,215449995
8373481,211,156,55,199299003
7782769,214,141,73,183701189
7580329,183,129,54,178384915
8757289,280,204,76,209498371
6796969,269,190,79,157959989
7987729,252,176,76,189098979
9164521,244,177,67,220371999
9936361,332,234,98,241123243
8170009,191,127,64,193911815
9759121,211,139,72,236341857
8560441,230,151,79,204261227
9338569,369,256,113,225035229
8373649,273,191,82,199302831
9544369,262,186,76,230561419
8980729,266,167,99,215457747
7783609,314,203,111,183722873
6797809,334,220,114,157981973
7581001,203,129,74,178402435
8757961,253,190,63,209516209
7987921,285,182,103,189103701
9164929,264,161,103,220383033
8170369,226,165,61,193921751
9936649,325,238,87,241130827
8560609,279,190,89,204265307
8373961,275,182,93,199311879
7784809,357,241,116,183754427
9759289,366,235,131,236345961
6799081,189,126,63,158015465
9338809,321,227,94,225041685
8981809,288,184,104,215486151
7581289,162,103,59,178409701
9545209,385,293,92,230584243
7988089,297,217,80,189109515
8758129,241,165,76,209520367
8171689,269,192,77,193956107
9165241,291,194,97,220391649
6799489,222,141,81,158025641
7785289,269,190,79,183766973
8375641,269,158,111,199356763
8560729,282,180,102,204268535
7581529,246,176,70,178416049
9936889,258,162,96,241137821
8982241,206,138,68,215497749
9759481,193,123,70,236351999
9340081,199,141,58,225075561
9545881,306,211,95,230601895
7988689,192,133,59,189124839
8758201,251,169,82,209522407
6799801,260,179,81,158033831
8172049,254,169,85,193965701
7786249,253,189,64,183792835
9166441,295,190,105,220422685
7581841,192,139,53,178424265
8375929,214,135,79,199363633
8561281,247,156,91,204283403
8983081,295,184,111,215519745
9340129,259,182,77,225077097
9937321,238,149,89,241148807
7989409,282,173,109,189143823
9759961,243,167,76,236364761
6799921,284,190,94,158036783
9546049,322,240,82,230606977
8758801,272,179,93,209538475
8172481,204,141,63,193978043
7787161,296,197,99,183817069
7582009,258,172,86,178428285
8376649,248,171,77,199382539
9166609,166,118,48,220427425
8561569,197,136,61,204291359
8984089,258,188,70,215547663
7989601,203,147,56,189148437
9341929,228,144,84,225125139
9937561,314,209,105,241154831
9760081,269,180,89,236367677
8759521,189,132,57,209557927
9546769,273,192,81,230626111
8173201,183,131,52,193997279
7787761,239,167,72,183832585
7582681,208,143,65,178447035
8377321,280,194,86,199400839
8561809,249,165,84,204297947
9168721,176,121,55,220484679
7989769,328,219,109,189153483
8984641,158,104,54,215562139
9342169,259,188,71,225132069
7788481,179,122,57,183851503
8173489,236,178,58,194004599
7583209,321,204,117,178459977
8759689,174,123,51,209561949
9760801,232,167,65,236387309
9937729,292,201,91,241160009
9546961,247,168,79,230630803
8378281,241,171,70,199425949
8562121,266,172,94,204305657
7990249,305,218,87,189165717
9168769,244,164,80,220485777
8985001,231,141,90,215572249
7583689,178,112,66,178472985
7788769,214,133,81,183859165
8173729,248,149,99,194010731
9342769,359,266,93,225148437
8760481,239,163,76,209583063
9760921,258,183,75,236390441
8378521,282,185,97,199433017
9939049,329,210,119,241195807
9547129,279,195,84,230635543
8562409,280,189,91,204312779
7990441,215,148,67,189170785
9168889,211,137,74,220488667
7583881,331,241,90,178477881
7789489,303,202,101,183877975
8985481,295,212,83,215584969
8174041,245,162,83,194019365
8760649,252,173,79,209587059
9343849,271,188,83,225176835
8379529,254,181,73,199459303
7991089,304,216,88,189187903
9760969,263,185,78,236391941
9547561,213,153,60,230647111
8562649,182,126,56,204319601
9940561,199,134,65,241236195
7584361,202,144,58,178490021
7789609,330,237,93,183881209
9168961,286,202,84,220490677
8174329,182,127,55,194026481
8986849,230,162,68,215620741
8760721,270,179,91,209588781
9344161,236,175,61,225186183
8379961,246,163,83,199470133
7991209,361,251,110,189190717
8563081,364,269,95,204331011
7585321,289,201,88,178515145
9761329,323,233,90,236401235
9547609,333,220,113,230648083
7789849,220,145,75,183887341
9940681,273,192,81,241239417
8174401,229,161,68,194028341
9169129,299,217,82,220495243
8987161,212,145,67,215629297
8762041,228,147,81,209624809
8380369,392,256,136,199481101
7992889,262,183,79,189235161
9344281,241,176,65,225188805
7586401,141,108,33,178543345
8563969,284,201,83,204354771
7790161,171,126,45,183895297
9547801,327,219,108,230652865
9761761,156,101,55,236413499
8175001,253,168,85,194044535
9940729,333,233,100,241240965
9169441,249,178,71,220503613
8987449,253,183,70,215637217
8762569,252,156,96,209638075
7993801,285,187,98,189259041
8380969,318,237,81,199496681
7587001,215,146,69,178559833
9344329,260,178,82,225190227
7790329,273,191,82,183900577
8564089,275,187,88,204357669
8175169,301,225,76,194048525
9548401,274,185,89,230670005
9761809,250,169,81,236414837
8987689,258,186,72,215642791
9169561,244,167,77,220506823
9941089,225,146,79,241250211
7994281,237,161,76,189272589
7588249,332,212,120,178591849
8763241,253,147,106,209656327
8381209,211,153,58,199503275
7790689,277,188,89,183909127
9345001,203,139,64,225208209
8564329,236,152,84,204364239
8175241,261,183,78,194050175
7588561,273,191,82,178599751
7996081,241,183,58,189319353
9549481,369,257,112,230697817
8989369,180,124,56,215687703
9761929,329,218,111,236417675
8381809,346,257,89,199519577
9170281,296,193,103,220526143
8763409,227,159,68,209661151
9941521,255,188,67,241262709
7791001,172,108,64,183917941
8566009,253,170,83,204409557
9345289,277,173,104,225214993
8176849,274,185,89,194093213
7589401,263,175,88,178623073
7996969,226,161,65,189342735
8381881,313,211,102,199521653
8990041,230,149,81,215705991
9550081,217,131,86,230715409
8763841,174,120,54,209672527
7791529,185,137,48,183931315
9170401,266,181,85,220529365
9762769,239,168,71,236440841
9941761,216,134,82,241268961
8566489,196,126,70,204422109
8176921,279,189,90,194094605
9345961,184,128,56,225232897
7589521,185,130,55,178625615
7998169,201,135,66,189374303
8382481,290,198,92,199537745
7791961,203,136,67,183942585
8990209,416,286,130,215710365
8764009,281,204,77,209677051
9551089,284,192,92,230742017
9170449,252,163,89,220530367
9763009,330,222,108,236446883
8566609,280,195,85,204425763
7590361,198,134,64,178647707
9942409,260,162,98,241286181
8177089,324,209,115,194099329
7998481,196,141,55,189383027
9346009,278,193,85,225233953
8382529,227,155,72,199539005
7792801,182,119,63,183964959
8765089,282,193,89,209705929
8990881,280,184,96,215728515
9170569,253,181,72,220533355
9552001,235,170,65,230766051
7591369,246,161,85,178674233
8566849,249,160,89,204431481
8177401,218,152,66,194108311
9763681,278,187,91,236465015
7998769,233,163,70,189390179
9943369,248,174,74,241312131
9346201,257,163,94,225239635
7793041,177,114,63,183970995
8383489,177,125,52,199563831
8765401,245,174,71,209713969
8991361,236,158,78,215741205
7591609,158,106,52,178680593
9170809,351,231,120,220539967
8177929,206,129,77,194121871
9552481,211,138,73,230778975
8567161,174,124,50,204440403
7999681,267,187,80,189413195
9764281,289,192,97,236481095
7793209,271,190,81,183975045
9346849,297,207,90,225256981
8384041,246,154,92,199579047
9944041,291,198,93,241329507
7592089,301,201,100,178692395
8766601,229,163,66,209746321
8991529,199,125,74,215746503
8178529,270,194,76,194137519
9171649,171,112,59,220562767
8567281,325,226,99,204442953
9553681,260,189,71,230811537
7793521,202,153,49,183983551
9765001,241,158,83,236500907
8384209,280,182,98,199583193
9347521,231,164,67,225276109
7593721,210,136,74,178736035
9944089,273,187,86,241330905
8767249,294,188,106,209763169
8991649,209,138,71,215749581
8178769,228,169,59,194143801
8568169,232,152,80,204466173
9171961,356,247,109,220572169
7794049,263,173,90,183997969
9553849,290,197,93,230816793
8384401,247,160,87,199588527
7593961,296,207,89,178742313
9765289,274,180,94,236508179
9348049,311,217,94,225289171
8767609,283,196,87,209773015
9944449,264,162,102,241340781
8992561,252,182,70,215772893
8179201,267,170,97,194155585
8568529,263,184,79,204475437
7794529,280,185,95,184010365
9173161,457,302,155,220602739
7594441,366,256,110,178754613
8384881,254,177,77,199600809
9554161,246,164,82,230824935
9765529,266,190,76,236514803
9348481,252,187,65,225301573
8767921,323,222,101,209781193
8179441,307,198,109,194161777
8992729,182,127,55,215778389
7795369,230,165,65,184032671
9945049,249,179,70,241358367
8568961,241,158,83,204487185
7595281,244,182,62,178777449
9173641,230,143,87,220616461
8385001,216,154,62,199603917
9554329,252,175,77,230829417
9348529,190,130,60,225302523
9765841,270,176,94,236523245
8768041,211,151,60,209784145
8179921,248,182,66,194174471
7796161,219,151,68,184053143
8993041,232,165,67,215787107
7595569,237,164,73,178784531
8569201,257,174,83,204493905
9945121,252,166,86,241359873
8385049,294,187,107,199605279
9174001,217,147,70,220626211
9554521,262,181,81,230834919
8180041,183,130,53,194177327
7796401,322,222,100,184059827
9348721,301,205,96,225308091
8768281,255,179,76,209790355
7596241,183,119,64,178801913
9766129,332,221,111,236530703
8993329,292,205,87,215793905
8569801,235,166,69,204509313
8385721,272,206,66,199623303
9945889,394,276,118,241379813
9174601,285,195,90,220641745
7796881,226,148,78,184072859
8181049,269,195,74,194204585
7597081,267,182,85,178823855
9555121,198,135,63,230850459
8769961,264,173,91,209835489
9349489,258,175,83,225328029
8570041,265,187,78,204516171
8993401,283,186,97,215795873
9766201,297,194,103,236532689
8385889,313,237,76,199627827
9945961,198,137,61,241382381
9176161,240,164,76,220683295
7598089,277,193,84,178850143
7797241,219,122,97,184081937
8181601,197,134,63,194218997
8770561,256,170,86,209851507
8570209,227,159,68,204520815
9556849,179,114,65,230896809
9350041,209,140,69,225343167
8994169,231,166,65,215816333
9767041,291,210,81,236555603
8386921,159,105,54,199654345
7598641,191,145,46,178865533
7797721,180,130,50,184094719
9176689,184,133,51,220696927
8181889,199,137,62,194226293
9946441,296,190,106,241395479
8771401,203,142,61,209874343
8570641,185,132,53,204532671
9350161,288,200,88,225345855
8994721,203,138,65,215831639
9556969,334,243,91,230899857
8387089,218,157,61,199659559
7599169,259,171,88,178878649
9767521,214,146,68,236568707
7797841,210,144,66,184097671
8181961,284,196,88,194228183
9177001,205,145,60,220705981
9946609,286,201,85,241399625
8571361,299,205,94,204550905
8771569,260,172,88,209879167
8388409,311,212,99,199694323
8994889,286,216,70,215835527
9350329,255,168,87,225350805
7599481,310,234,76,178887253
9557521,233,172,61,230914681
7798249,269,188,81,184108777
9768049,249,171,78,236582075
8182441,262,192,70,194242313
9177169,199,127,72,220710247
8571481,240,166,74,204554589
8771641,317,232,85,209880883
7599841,285,195,90,178896145
8389081,318,220,98,199712145
9947281,252,176,76,241417901
8995561,269,177,92,215853569
9350569,306,211,95,225357153
7798729,230,155,75,184121467
9557881,316,198,118,230924845
8183449,285,193,92,194267705
9768361,173,123,50,236591001
8571529,267,195,72,204555915
9178681,239,164,75,220751251
8772241,222,152,70,209895829
8389201,301,199,102,199715025
8995681,289,217,72,215856461
7799089,190,123,67,184130659
9351841,236,157,79,225391145
9949081,214,141,73,241465759
8183569,234,158,76,194270867
9558049,349,257,92,230929057
9768529,253,171,82,236594901
8571649,307,217,90,204558741
8389441,231,153,78,199721277
9179809,223,145,78,220781383
8772481,212,150,62,209902559
7799689,294,197,97,184146805
8996089,278,193,85,215867381
9352561,184,122,62,225411053
9949249,239,161,78,241470589
8183809,254,166,88,194277503
9558361,344,251,93,230937613
9769489,286,202,84,236620935
8573041,171,114,57,204595821
8389921,243,146,97,199735317
7799761,229,158,71,184148611
8772649,259,154,105,209906237
9180361,233,154,79,220795837
8996401,320,220,100,215876675
9352729,188,125,63,225415769
8185081,285,181,104,194310497
9949321,243,166,77,241472437
8573209,253,187,66,204600269
9558889,450,309,141,230951167
8390089,345,242,103,199739355
9770041,238,145,93,236635749
7799929,245,179,66,184153009
8773321,345,236,109,209924885
9180481,272,175,97,220798897
8996521,225,162,63,215879555
8185921,277,186,91,194333327
9353089,191,127,64,225425687
9950089,280,208,72,241493731
8573401,257,184,73,204605783
8391289,221,144,77,199770699
9560041,304,221,83,230982871
9770209,193,137,56,236639907
8773969,254,172,82,209942289
9181201,286,216,70,220818413
8996569,278,193,85,215880881
8186089,364,257,107,194337407
9353569,210,143,67,225437675
8574721,200,134,66,204640829
8391769,169,116,53,199783815
9950641,280,182,98,241508587
9560209,275,191,84,230987149
8774929,232,166,66,209968509
9770329,489,323,166,236643243
8186329,293,201,92,194343713
8997529,326,221,105,215906863
9181321,314,220,94,220821065
9354409,256,174,82,225460385
8392561,297,192,105,199804917
8576521,328,237,91,204688287
9951481,223,151,72,241531291
8775001,211,130,81,209970273
9562561,299,204,95,231050295
8187769,291,203,88,194381543
9770401,145,98,47,236645865
8997601,368,259,109,215908867
9183241,250,174,76,220872929
8393569,350,257,93,199831083
8576569,191,123,68,204690525
9355249,273,192,81,225482549
8776609,279,174,105,210012753
8188009,227,165,62,194387219
9951769,175,124,51,241539073
9563569,283,198,85,231078339
8998921,251,170,81,215943549
9183841,236,158,78,220889207
9770569,195,116,79,236649717
8394121,331,243,88,199845699
8576761,260,201,59,204695751
9355441,335,226,109,225487451
8188321,243,159,84,194396495
8776681,221,142,79,210014691
9951841,264,174,90,241540795
8999209,256,169,87,215951625
9565201,329,215,114,231122073
9184009,260,162,98,220893779
9770881,243,162,81,236658135
8394289,233,164,69,199850439
8576929,191,125,66,204699639
9355921,234,161,73,225500447
8188489,269,175,94,194401097
8776849,217,150,67,210018891
8999761,228,154,74,215966469
9565249,260,175,85,231123255
9952441,235,154,81,241556851
8395129,262,174,88,199873107
9184249,220,151,69,220900043
8577529,170,115,55,204715497
9771241,239,162,77,236667819
9356041,273,196,77,225503939
8189161,268,178,90,194419043
8777281,359,254,105,210030249
8395249,245,174,71,199876323
8577601,267,186,81,204717417
9565921,216,134,82,231141531
9184729,272,183,89,220912961
9952489,270,180,90,241558591
9771409,321,213,108,236673261
8189521,252,170,82,194427587
9356209,272,183,89,225508073
8777521,251,162,89,210037269
8395489,257,194,63,199882293
8578249,231,153,78,204734005
9184849,319,217,102,220916213
9566041,239,157,82,231144545
9953521,239,165,74,241586293
8191129,260,178,82,194470841
9771721,322,230,92,236681397
9357289,294,197,97,225536443
8777689,362,251,111,210041397
8395801,318,219,99,199890801
8579761,225,154,71,204774619
9184921,215,152,63,220918297
8191849,226,136,90,194490011
9566449,237,163,74,231155303
9954001,217,150,67,241599265
9771841,275,199,76,236684985
9357721,304,229,75,225549697
8779201,300,210,90,210080971
8396329,311,221,90,199904601
8579881,255,189,66,204778085
8191969,289,207,82,194492837
9185401,216,145,71,220930909
9566761,236,174,62,231163919
9954169,247,172,75,241603699
9774361,221,155,66,236752715
8779801,250,168,82,210097237
9358441,217,152,65,225568249
8396761,309,219,90,199916115
8579929,229,160,69,204779165
8192641,214,145,69,194511355
9185521,222,149,73,220933531
9566881,199,140,59,231166775
8780521,204,139,65,210116065
9954289,238,164,74,241607113
8396809,171,109,62,199917679
9358801,212,140,72,225578281
9774409,265,180,85,236754047
8580289,168,112,56,204788639
8192809,168,116,52,194515897
9185689,380,289,91,220938079
8780689,187,137,50,210120541
8397841,219,143,76,199944091
9567049,368,267,101,231170951
9359281,275,182,93,225590527
9955009,193,129,64,241626419
9774601,219,142,77,236759003
8580601,189,134,55,204796977
8192881,307,202,105,194517523
9186769,324,226,98,220966885
8781049,253,168,85,210131165
8398321,176,126,50,199957387
9567289,255,175,80,231177785
8582641,203,139,64,204850545
9360289,217,131,86,225617515
8193529,216,157,59,194534361
9955201,199,135,64,241631603
9775609,337,229,108,236786201
8781889,262,160,102,210153557
9187081,262,186,76,220976155
8399689,256,175,81,199993309
8583241,318,227,91,204866313
8193649,299,209,90,194537471
9361081,258,181,77,225639799
9569401,273,195,78,231235211
9776281,208,138,70,236804411
9956041,279,202,77,241654277
8782321,213,158,55,210166313
9187201,177,126,51,220979077
8583481,239,161,78,204873117
8194369,238,151,87,194556599
9361249,281,192,89,225644347
9569641,243,161,82,231241217
9776761,253,173,80,236817335
9956641,254,172,82,241670219
8782369,294,188,106,210167411
8195329,287,188,99,194581319
9187249,255,179,76,220980115
8584249,259,177,82,204893289
9361801,227,159,68,225659575
9570241,289,205,84,231257293
9776881,253,172,81,236820059
9957889,388,276,112,241704533
8782729,246,165,81,210175763
8195569,378,258,120,194588543
8584921,296,210,86,204911903
9187369,240,162,78,220983205
9361921,273,192,81,225662347
9571129,309,212,97,231281751
9776929,324,224,100,236821757
8783041,196,133,63,210183953
8197081,250,153,97,194628305
9959041,151,106,45,241735775
8586481,172,122,50,204953239
9187441,334,240,94,220984939
9362641,224,166,58,225681685
9571321,221,144,77,231286611
8197921,284,208,76,194650169
9777049,215,147,68,236825065
8783161,292,200,92,210187013
8586769,199,140,59,204960411
9959329,277,192,85,241743425
9187609,293,203,90,220989631
9362809,260,180,80,225686113
8198521,272,188,84,194666561
8783209,310,206,104,210188411
9571489,195,136,59,231290763
8587321,239,161,78,204975687
9777769,174,115,59,236844127
9188281,248,170,78,221007223
9960169,375,258,117,241765571
9362929,228,157,71,225689407
8198689,232,152,80,194670989
8784001,219,142,77,210209423
8587609,262,174,88,204982923
9571921,295,218,77,231302247
9778441,249,158,91,236862379
9188929,217,138,79,221024203
9961009,343,247,96,241788493
8199361,207,129,78,194688965
9363169,363,235,128,225695167
8587849,230,164,66,204990171
8784241,217,142,75,210215831
9573481,281,180,101,231344017
9778969,263,187,76,236876887
9189049,243,154,89,221027509
8199409,198,147,51,194689901
9961249,223,145,78,241794451
9363649,189,124,65,225708259
8588161,254,173,81,204998343
8784889,226,161,65,210233041
9779569,298,201,97,236893465
9573769,222,147,75,231352021
9190561,288,189,99,221069053
8199769,339,242,97,194699849
9962401,270,190,80,241825927
8588521,333,228,105,205007193
9363769,256,167,89,225711343
8785009,246,173,73,210236221
9190801,191,139,52,221075401
9780241,284,175,109,236910463
9574489,265,191,74,231371461
8589001,262,188,74,205020401
9962521,313,214,99,241828957
9363841,291,201,90,225713047
8785681,220,163,57,210253775
9191569,259,172,87,221095813
9781249,202,129,73,236938921
9574849,277,192,85,231381473
8589289,251,169,82,205027391
8786521,276,197,79,210276837
9365281,264,176,88,225751957
9962761,185,119,66,241835761
9192961,270,184,86,221133145
9782761,307,197,110,236978665
8589961,188,124,64,205046009
9575329,241,160,81,231394439
8786689,281,175,106,210280623
9366169,293,183,110,225775757
9962929,303,221,82,241839847
9193489,314,211,103,221147625
8590009,344,256,88,205046981
9783601,189,131,58,237001705
8787409,291,205,86,210300297
9576121,181,119,62,231415829
9366961,302,212,90,225797069
9963361,289,190,99,241852219
9193969,230,165,65,221160027
8590969,248,185,63,205072283
8787529,187,118,69,210303381
9783649,256,171,85,237003079
9367201,318,217,101,225803255
9576169,208,138,70,231416969
9963769,219,142,77,241862899
9194329,234,150,84,221170035
8591041,198,125,73,205074059
8788081,257,159,98,210318281
9784009,317,213,104,237012535
9367681,184,123,61,225816575
9576841,266,174,92,231435353
9964369,287,207,80,241879027
8591689,248,167,81,205091159
9194929,282,204,78,221185869
8788441,200,141,59,210327683
9784321,220,149,71,237020593
9367849,242,171,71,225821081
9577129,257,174,83,231442061
8591809,277,194,83,205094255
9196009,230,146,84,221214891
9965089,282,192,90,241898449
8789041,312,210,102,210343895
9784849,291,195,96,237034299
9368041,325,210,115,225826157
8592049,317,216,101,205100645
9577849,246,160,86,231461477
9196441,249,172,77,221226627
9965881,244,172,72,241920391
8789281,298,202,96,210349841
9785329,274,186,88,237047279
9369049,296,207,89,225852965
8592481,257,169,88,205112267
9197281,261,180,81,221248335
9578209,318,203,115,231471395
8790289,359,231,128,210376787
9966721,215,153,62,241942297
9369649,290,191,99,225868829
9785449,258,187,71,237050831
8592889,336,230,106,205122809
9197329,329,230,99,221249631
8790721,241,162,79,210388787
9579649,258,175,83,231510575
9966769,262,180,82,241943959
8593369,263,173,90,205136153
9370201,217,159,58,225884591
9785689,215,143,72,237057227
8790889,259,173,86,210393101
9197449,299,203,96,221252979
9580201,228,145,83,231525209
9967129,272,200,72,241953469
8595001,233,157,76,205179819
9370369,301,204,97,225888623
9786841,253,166,87,237088669
8791561,268,176,92,210410903
9198169,271,182,89,221272965
9580561,221,148,73,231534593
8595409,199,133,66,205190223
9967801,254,178,76,241971859
9370489,328,229,99,225891191
9787849,305,200,105,237116017
8791801,265,177,88,210417371
9198961,262,173,89,221293809
8595841,224,160,64,205201845
9580729,301,208,93,231538205
9968449,314,216,98,241989307
9371209,292,213,79,225910931
8792401,276,193,83,210433223
9787969,252,164,88,237118957
9199009,254,175,79,221295045
8595889,196,134,62,205202877
9968641,248,172,76,241994017
9581161,350,240,110,231550667
9371569,194,132,62,225920171
8792449,210,142,68,210434189
9199849,321,203,118,221317665
9788521,291,205,86,237134491
8596561,227,158,69,205220775
9581329,305,224,81,231555389
8793121,279,186,93,210452633
9968809,267,179,88,241998613
9372001,173,128,45,225931961
9788809,218,153,65,237141763
8596729,229,165,64,205225183
8793481,333,231,102,210461765
9581401,283,179,104,231557333
9372169,198,144,54,225937049
9969121,205,154,51,242007523
8597521,203,138,65,205246239
9789361,191,135,56,237156325
8793649,323,239,84,210466325
9372241,243,160,83,225938963
9581569,367,234,133,231561695
9970249,211,146,65,242038075
8598361,235,155,80,205267959
9790201,304,204,100,237180247
8794081,208,143,65,210477695
9372841,276,198,78,225954827
9582409,214,148,66,231585329
8599081,207,147,60,205287357
9970489,233,163,70,242044333
9791209,331,215,116,237206977
8794249,226,163,63,210482819
9373081,193,135,58,225960869
9582841,306,215,91,231596057
9971161,304,193,111,242062909
9791329,257,171,86,237209923
8794921,247,169,78,210500003
9373921,296,207,89,225983651
9583009,296,216,80,231601043
9971641,174,120,54,242075419
9792841,301,206,95,237250531
8795089,282,194,88,210504635
9374401,262,194,68,225996539
9583081,299,202,97,231602627
9971761,308,226,82,242078707
8795329,251,161,90,210510785
9792889,316,201,115,237251767
9374929,238,167,71,226011219
9583921,174,119,55,231624965
8795641,302,207,95,210519683
9972649,233,157,76,242102025
9794089,310,209,101,237285061
9375241,264,168,96,226019163
9584089,234,159,75,231629165
8795929,401,272,129,210526709
9973009,292,193,99,242112199
9794569,327,219,108,237297337
9375409,270,190,80,226023921
9584401,260,199,61,231637769
8796001,322,215,107,210528569
9973321,274,206,68,242120563
9794689,307,224,83,237300373
9375529,240,169,71,226026777
9584521,257,188,69,231641435
8796169,284,212,72,210533681
9973489,277,182,95,242124901
9794761,222,146,76,237302523
9375601,269,186,83,226028739
8796481,206,142,64,210542171
9584689,197,130,67,231645737
9974689,264,181,83,242157727
9794929,218,138,80,237306735
9376441,255,172,83,226051099
8797441,210,148,62,210566949
9585361,255,171,84,231663365
9975529,292,200,92,242180683
9796201,320,231,89,237340953
9376921,232,157,75,226064479
8797489,342,228,114,210568323
9585409,259,176,83,231664385
9975841,277,189,88,242189467
9796441,203,149,54,237347397
8797849,197,138,59,210578157
9377209,253,160,93,226072153
9585769,305,218,87,231675155
8798161,241,151,90,210586683
9976201,236,153,83,242199067
9797089,219,156,63,237365327
9378769,265,183,82,226114177
9587041,291,191,100,231708905
8798329,212,144,68,210591501
9381121,272,183,89,226177423
9797449,226,149,77,237374357
9976801,385,272,113,242214937
9587209,219,160,59,231713195
8799001,211,137,74,210608757
9381289,240,169,71,226181827
9798601,253,171,82,237405973
9977041,279,193,86,242222035
9587449,197,136,61,231719903
8799529,315,221,94,210623181
9382969,266,180,86,226226779
9798769,315,215,100,237410137
9977809,251,168,83,242242255
9588121,357,249,108,231737765
9383161,299,215,84,226232113
9798961,317,219,98,237415339
9977881,228,156,72,242244169
9588961,281,190,91,231760271
9383329,257,184,73,226236505
9799969,210,136,74,237442977
9978361,248,179,69,242257423
9589969,234,151,83,231788171
9384769,234,149,85,226274381
9978649,317,232,85,242265139
9590809,393,287,106,231809993
9385489,253,187,66,226293413
9978721,204,143,61,242266693
9591289,305,210,95,231823305
9386161,246,170,76,226312091
9978889,339,226,113,242271265
9591649,205,159,46,231832635
9386449,252,168,84,226319747
9592129,219,158,61,231845619
9980209,270,188,82,242306731
9387361,273,190,83,226344209
9592489,168,111,57,231855355
9981001,298,214,84,242328353
9388201,197,135,62,226367013
9592801,200,134,66,231864043
9981889,219,148,71,242352231
9388681,241,158,83,226379619
9593161,364,254,110,231874033
9982681,249,171,78,242373969
9388801,281,200,81,226382943
9593329,268,185,83,231878527
9982729,245,169,76,242375037
9388849,305,205,100,226384233
9593761,183,123,60,231890065
9983401,267,178,89,242393307
9389641,305,212,93,226405641
9593929,219,148,71,231894187
9983689,220,140,80,242401119
9389689,188,118,70,226406709
9594649,256,169,87,231913369
9390361,272,179,93,226424905
9983929,402,269,133,242407821
9594769,331,235,96,231916237
9390481,218,134,84,226427641
9984241,251,172,79,242416383
9595009,310,210,100,231922825
9390529,253,164,89,226428835
9984769,264,188,76,242429699
9595441,314,223,91,231934843
9391489,331,203,128,226454917
9985249,248,167,81,242442665
9596161,183,127,56,231954907
9392161,239,155,84,226472401
9986881,200,133,67,242486773
9596281,338,226,112,231957721
9392209,346,234,112,226473679
9987121,274,181,93,242493931
9596689,272,178,94,231968803
9392329,206,133,73,226477591
9987889,309,196,113,242514679
9597361,271,186,85,231986353
9393001,225,154,71,226495303
9987961,196,129,67,242516437
9598129,340,239,101,232007681
9394009,210,137,73,226523347
9988609,234,160,74,242534065
9598201,201,139,62,232009565
9394249,279,194,85,226529407
9989569,262,190,72,242559457
9599881,183,125,58,232054907
9394681,257,178,79,226540249
9990121,259,182,77,242575231
9395401,261,188,73,226560163
9990289,203,146,57,242579923
9396769,258,187,71,226597207
9990961,314,216,98,242597481
9397369,202,130,72,226613929
9991489,296,207,89,242611317
9398041,242,158,84,226631623
9992161,185,125,60,242629389
9398281,240,167,73,226637977
9399121,202,144,58,226660023
9992329,220,147,73,242633919
9399601,249,167,82,226673445
9992761,210,131,79,242645967
9993169,325,236,89,242657277
9993649,285,193,92,242670141
9993769,242,176,66,242673231
9994321,202,130,72,242688111
9994441,288,203,85,242691207
9994681,205,128,77,242697465
9995329,218,161,57,242715933
9996001,178,115,63,242733729
9996361,192,130,62,242743635
9997129,230,148,82,242763795
9997201,278,189,89,242765937
9997969,284,183,101,242785665
9998641,167,118,49,242804347
9998689,273,180,93,242805535
9998809,282,205,77,242808823
9999049,243,165,78,242815129
9999481,279,186,93,242826555
9999889,196,132,64,242837409
10001209,236,166,70,242874235
10500361,272,182,90,256396263
11500129,237,156,81,283682559
12000409,311,224,87,297432761
12500329,249,163,86,311234763
12751201,205,140,65,318183075
13500649,307,221,86,339023417
13750801,254,161,93,346007059
10250209,302,213,89,249611173
10750009,256,169,87,263184455
11000089,201,128,73,270002395
11250409,243,154,89,276843257
11750041,244,171,73,290543839
12250009,241,161,80,304316363
13000201,283,185,98,325093217
13250521,281,193,88,332053739
10001401,298,210,88,242879503
14000281,207,119,88,352986049
10501009,231,168,63,256414323
14250721,224,158,66,360004081
14500081,247,171,76,367005335
14750089,374,239,135,374037055
11500561,263,195,68,283694307
12001081,189,139,50,297451907
12501169,266,175,91,311258253
12752569,236,170,66,318220293
13500769,295,189,106,339026237
10250521,258,171,87,249619753
13750921,359,255,104,346010161
10001569,238,158,80,242884015
10750489,252,184,68,263197877
10501201,289,198,91,256419405
11250961,283,213,70,276857915
11000761,366,250,116,270020029
11750449,310,219,91,290554813
12250561,232,152,80,304331927
12001921,237,163,74,297475343
11501569,263,168,95,283721495
14001121,280,203,77,353009245
13000849,177,112,65,325111775
12501721,180,124,56,311273679
13251001,215,142,73,332067461
12753001,284,211,73,318231855
10001881,270,185,85,242892517
10501369,353,246,107,256423149
14251129,317,218,99,360015415
11251081,246,147,99,276860681
13501321,285,193,92,339041501
13750969,245,161,84,346011325
14501041,244,171,73,367032271
10251361,291,197,94,249641605
14750401,306,208,98,374045425
10751329,292,212,80,263220119
11000809,269,175,94,270021739
12002209,232,173,59,297483029
10003561,318,206,112,242937427
12502249,265,173,92,311287869
11750881,314,205,109,290566873
10502641,274,196,78,256457655
12753409,263,180,83,318243729
11251129,309,218,91,276861983
12250681,274,182,92,304335071
11501641,357,243,114,283723847
13501489,215,147,68,339046247
13751329,352,251,101,346021669
13002481,327,229,98,325156625
10251481,305,199,106,249645101
14002321,274,197,77,353042815
13251169,254,170,84,332071955
10003681,295,199,96,242940619
12002449,344,228,116,297489287
10502689,328,229,99,256458885
10752121,303,213,90,263241863
12502681,273,192,81,311299709
14251561,226,157,69,360027217
11000929,217,139,78,270025093
11251489,282,192,90,276871883
12753841,252,160,92,318255969
14501089,184,114,70,367033057
14750569,275,188,87,374050621
11751049,307,232,75,290571517
10003729,348,244,104,242941885
13501681,283,186,97,339051731
13752001,239,154,85,346040311
11502289,313,205,108,283741949
12002761,184,122,62,297498587
12250729,293,192,101,304336937
10503049,289,197,92,256469001
10251649,265,197,68,249649847
11251921,286,190,96,276884759
12502921,249,175,74,311305829
13002529,325,227,98,325157999
10752529,294,202,92,263252933
12753889,233,167,66,318257145
13251361,413,272,141,332076965
10004521,345,239,106,242963221
11001169,245,176,69,270031459
14002921,267,196,71,353059517
10503721,389,290,99,256487175
13503121,175,129,46,339092085
12003289,309,217,92,297512183
14252401,239,159,80,360050737
14502289,353,240,113,367067245
13752169,293,187,106,346045045
10251889,309,219,90,249656435
11751769,242,164,78,290591305
11251969,248,165,83,276886073
14750689,332,246,86,374053453
10005241,366,252,114,242983495
11502409,252,165,87,283744943
12251089,283,198,85,304346771
12504601,287,181,106,311352691
12754009,355,251,104,318260541
10752961,293,201,92,263264861
11001649,328,227,101,270044701
10504489,304,202,102,256507971
13002721,209,143,66,325162979
12003601,222,170,52,297521327
13505521,285,197,88,339159963
11252089,217,158,59,276889241
13251529,277,189,88,332081819
10005361,245,163,82,242986477
10252321,199,126,73,249668213
14502721,221,142,79,367079593
14003089,246,170,76,353064377
12506041,219,138,81,311392543
11751889,312,207,105,290594521
12754081,337,239,98,318262419
11502481,312,208,104,283746725
13752481,277,194,83,346054453
10504561,158,109,49,256510737
14252569,294,202,92,360055927
12251761,298,218,80,304364627
10753201,279,172,107,263271803
14751241,367,258,109,374069263
12003721,309,211,98,297524135
10005601,220,151,69,242992825
11252641,245,167,78,276904007
11001769,238,152,86,270047677
13003369,274,195,79,325181269
13505641,259,187,72,339163287
10252729,240,166,74,249679391
12506449,329,220,109,311403763
14502769,283,196,87,367080835
13252849,234,156,78,332118131
10505401,178,127,51,256532571
12754849,360,242,118,318282789
10006201,187,127,60,243009481
11752561,347,225,122,290613295
12003961,313,217,96,297530309
11502649,229,158,71,283751891
10753681,178,126,52,263285039
14003641,348,239,109,353079905
12251929,290,199,91,304369379
13752649,245,177,68,346058827
13004161,296,204,92,325203253
11001841,281,194,87,270049321
14252809,254,182,72,360062641
13505809,273,198,75,339168465
11252809,204,138,66,276908793
10008769,193,134,59,243078543
10506049,199,124,75,256550763
12506881,251,160,91,311415655
14751361,286,193,93,374072335
14503561,297,203,94,367103365
10253161,200,151,49,249691347
12755089,371,247,124,318289815
12004801,255,179,76,297554405
13253521,294,210,84,332137841
11752969,307,199,108,290624521
14004169,250,154,96,353094563
10754641,277,189,88,263310629
11503801,185,130,55,283783439
10009609,175,119,56,243100827
12252769,201,135,66,304392875
12506929,389,270,119,311416837
13506481,283,186,97,339186981
11002681,258,163,95,270072583
12755521,192,123,69,318302733
10506169,232,153,79,256553751
14503969,366,246,120,367114645
12005641,265,186,79,297577301
13005721,246,172,74,325246175
11254489,236,158,78,276954915
10253209,239,153,86,249692295
13753009,255,177,78,346069489
10009729,286,206,80,243104217
14253121,217,150,67,360070909
12253249,333,228,105,304405643
14004649,350,235,115,353107077
14751409,250,172,78,374073997
10755361,264,180,84,263331009
12507721,291,216,75,311438833
11753569,270,193,77,290640871
13254361,267,168,99,332160883
13506529,227,162,65,339188367
11505001,212,152,60,283815761
12755761,294,215,79,318308859
12006289,215,149,66,297595379
10010281,275,190,85,243119133
11003329,213,148,65,270090427
10506841,254,175,79,256571547
14504449,245,159,86,367127605
10253401,282,180,102,249697347
11254609,322,219,103,276958005
12254041,250,171,79,304428695
14008009,389,266,123,353202585
13006009,306,219,87,325254323
12507769,281,188,93,311440741
10010401,302,201,101,243122541
13507201,223,153,70,339206655
13753489,265,182,83,346082041
12756529,301,216,85,318330009
12006409,277,186,91,297597833
10755889,274,181,93,263344447
14253289,315,216,99,360075649
11753809,260,190,70,290647687
11506489,282,194,88,283856973
14505121,239,166,73,367147413
12254089,194,124,70,304430069
10506889,232,154,78,256573071
13254529,379,266,113,332165185
11004289,260,174,86,270116659
14752369,192,118,74,374101609
10253569,295,190,105,249701667
10011121,220,154,66,243142151
12507889,254,176,78,311444047
14008369,246,170,76,353212137
11254681,246,164,82,276960543
12006649,274,188,86,297605273
12757201,351,239,112,318349383
13507369,246,174,72,339211161
13006249,228,144,84,325261277
10756729,220,131,89,263367733
12255121,252,171,81,304457543
10011289,311,217,94,243146033
14505289,322,219,103,367152009
11506849,314,215,99,283866987
13753849,363,256,107,346092931
11754289,220,147,73,290660665
10507249,229,161,68,256582935
12508609,188,124,64,311463283
10254001,188,132,56,249713445
11004841,232,160,72,270132217
14253409,250,173,77,360079261
12008809,244,165,79,297664301
14009521,337,223,114,353244573
12757441,242,172,70,318355785
13254649,233,154,79,332167837
13508161,382,276,106,339232791
11255281,284,203,81,276976533
10011961,204,140,64,243165557
12255889,324,221,103,304479101
14753929,285,210,75,374144625
10757161,253,167,86,263379769
12509281,196,130,66,311482939
14505409,374,289,85,367155471
12010849,303,195,108,297720725
13007521,269,197,72,325297103
10012921,213,148,65,243191075
10254241,318,214,104,249719925
10507561,213,147,66,256591539
12757609,365,256,109,318360729
14009641,352,233,119,353247435
11507161,295,211,84,283876383
11754649,207,143,64,290671279
11005369,303,210,93,270145939
13508329,390,233,157,339237735
12256969,343,238,105,304509113
13754449,310,211,99,346108609
11255329,283,195,88,276977919
14253649,200,143,57,360085465
13254889,357,246,111,332175355
12509641,190,134,56,311492215
10013761,186,126,60,243213347
12011281,275,195,80,297733409
10757881,214,147,67,263398993
14505649,231,158,73,367161585
12758281,310,207,103,318378621
14009689,326,235,91,353249073
10254841,230,163,67,249736683
10507681,246,177,69,256594677
14754121,278,194,84,374150355
13508401,415,291,124,339239397
12257281,130,99,31,304517295
11507329,227,160,67,283880319
11006521,222,160,62,270177547
13008241,189,139,50,325316957
11754961,301,213,88,290679589
10014481,292,196,96,243233129
12510241,267,183,84,311508131
12011689,341,236,105,297743705
11256121,348,251,97,276999141
12758881,315,214,101,318396177
14506801,176,117,59,367194111
13755361,173,110,63,346134577
10758049,179,128,51,263403415
14009881,268,195,73,353254731
12257809,314,203,111,304531635
10015009,239,171,68,243247397
13255201,231,182,49,332184769
13509889,328,205,123,339281687
14254129,327,227,100,360099631
10255249,193,133,60,249747543
10508521,183,121,62,256617459
12012289,258,161,97,297760511
12510409,331,229,102,311513849
11007481,216,144,72,270204041
11507449,250,160,90,283882977
11755321,371,261,110,290689591
13008601,227,158,69,325326671
12758929,253,168,85,318397563
10015321,316,201,115,243255671
14754721,294,201,93,374166945
11257369,365,250,115,277033101
14507329,318,229,89,367208787
12258121,253,179,74,304540037
14010721,221,152,69,353277543
13510249,298,208,90,339291611
10758169,358,267,91,263406631
10255681,331,216,115,249759093
12012361,171,112,59,297762575
12510649,247,162,85,311519987
10508761,268,187,81,256624149
13755529,322,227,95,346139437
10015609,281,185,96,243263699
13256401,295,218,77,332217523
11007649,219,140,79,270209069
12759121,269,172,97,318402435
14254321,215,140,75,360105103
11508529,328,230,98,283913025
12258409,310,220,90,304548071
11755801,308,214,94,290702407
14508601,253,167,86,367243581
13511521,233,177,56,339326723
14011201,251,179,72,353291433
12013009,346,244,102,297779893
11257801,247,172,75,277045545
10016329,306,224,82,243282929
13009609,287,192,95,325354775
12510961,288,186,102,311528729
10758721,210,135,75,263421609
10256089,308,207,101,249770721
14754769,311,215,96,374168715
10509241,399,273,126,256636683
12760801,327,224,103,318448511
12259081,340,229,111,304566977
11008489,357,254,103,270231029
10016521,264,178,86,243288035
13756129,256,169,87,346156207
12013201,214,137,77,297785339
13258081,232,150,82,332264719
13511569,305,205,100,339328019
11508841,305,210,95,283921095
14509009,255,177,78,367256391
14011369,248,169,79,353295759
12511489,206,135,71,311543573
11756761,235,154,81,290728393
14254969,256,189,67,360123505
11258041,253,176,77,277051755
10256569,313,228,85,249783579
10760089,319,196,123,263459259
12762649,216,151,65,318499639
10017169,366,247,119,243304817
10511881,214,146,68,256708609
12259129,261,169,92,304568561
13009921,231,170,61,325363103
12014209,231,158,73,297813683
13511929,352,250,102,339338033
12511969,365,268,97,311557067
14754889,357,248,109,374171883
11009041,310,199,111,270246839
14011489,321,219,102,353299275
14510329,341,241,100,367292793
11509009,267,176,91,283925709
10017289,244,183,61,243308413
12764761,304,208,96,318558139
12259249,305,216,89,304572095
13756801,248,161,87,346174453
13258849,323,216,107,332286091
11757001,274,176,98,290734435
10257361,243,164,79,249804957
11258809,255,167,88,277072737
10760569,282,201,81,263472783
12014521,235,147,88,297822257
10512049,217,150,67,256712977
14255089,333,239,94,360127021
12512329,405,278,127,311566343
13512361,270,160,110,339350381
10017361,257,173,84,243309997
13010929,309,234,75,325391249
14012041,244,168,76,353315247
14510689,295,185,110,367302975
11009881,194,135,59,270269619
12261481,327,230,97,304634025
12765601,289,177,112,318581887
11509129,304,210,94,283929027
12014689,272,176,96,297826733
10257529,237,154,83,249809337
14755129,263,160,103,374178789
10017529,248,174,74,243315019
11757169,362,242,120,290739865
12512761,236,159,77,311578403
11259481,251,193,58,277091229
10761409,193,126,67,263495541
10512121,183,125,58,256714657
13260601,328,214,114,332335453
13512409,276,197,79,339351749
13758721,265,183,82,346227907
14012161,229,175,54,353318241
14511169,273,186,87,367316475
12261649,232,153,79,304638405
12766009,360,239,121,318592783
10017841,206,131,75,243323395
12014881,244,168,76,297832069
14255161,360,254,106,360129637
11010409,247,159,88,270283767
13011121,225,159,66,325396283
12513481,245,167,78,311598143
10258249,217,146,71,249829011
11509369,251,169,82,283935897
13512601,245,170,75,339357167
10512289,300,204,96,256719129
10761529,212,138,74,263498517
11259889,143,100,43,277102887
11757841,331,214,117,290758153
12262489,259,165,94,304661205
10017961,389,286,103,243326185
14012881,211,147,64,353338113
12766441,269,189,80,318605923
12015529,303,209,94,297848989
14512009,319,224,95,367340193
14755561,270,188,82,374190141
13261441,231,164,67,332358499
13759201,194,123,71,346242205
12513769,285,194,91,311606615
11010841,235,168,67,270295455
10018201,293,207,86,243333733
10258921,247,165,82,249847077
13512769,319,204,115,339361325
13011769,221,147,74,325414331
12263161,244,169,75,304680009
11511361,226,157,69,283990421
14256169,271,179,92,360156853
10512721,305,217,88,256731023
12015649,262,167,95,297852547
12766681,235,165,70,318612169
14013001,296,205,91,353341311
10761601,290,196,94,263500281
11262049,320,216,104,277161003
14512969,255,187,68,367367841
11758009,310,194,116,290762899
12514009,290,199,91,311613221
10018969,197,125,72,243353929
11011081,260,157,103,270302133
12263689,309,221,88,304694577
13262281,349,250,99,332381677
13513081,275,197,78,339370053
10259281,244,178,66,249855987
14755729,230,145,85,374195481
12016201,318,214,104,297867661
12767281,282,196,86,318628519
13760569,244,164,80,346280315
14013169,236,156,80,353346831
10019041,290,215,75,243355651
10512961,363,264,99,256737767
11511481,289,191,98,283993061
10763209,278,186,92,263543379
13011961,297,211,86,325419575
14513041,229,150,79,367369881
12514321,230,151,79,311621939
11262241,213,133,80,277166445
14256601,395,277,118,360168721
11759161,345,242,103,290794735
12264169,268,182,86,304706993
12017209,298,206,92,297895753
13514929,264,180,84,339422817
10019689,228,160,68,243374011
12768121,226,152,74,318651745
10259761,261,184,77,249869763
11011921,384,251,133,270324669
14013721,298,203,95,353362193
12514441,271,179,92,311624777
13263889,315,233,82,332425627
10513561,280,189,91,256754011
14513209,339,239,100,367374249
10763281,236,150,86,263545473
11512561,269,196,73,284023283
13760881,255,181,74,346289219
12264961,294,206,88,304728371
14756641,195,139,56,374221845
10020889,337,229,108,243406255
12018001,262,187,75,297918007
11262841,266,185,81,277182789
13012609,230,157,73,325437779
13515049,249,174,75,339426279
12768169,264,188,76,318653077
11760169,235,159,76,290822623
10260769,307,208,99,249896435
12514681,376,288,88,311631035
14014081,296,198,98,353372027
14257609,264,187,77,360197059
11012401,188,126,62,270339267
10022041,257,181,76,243438145
12265129,318,212,106,304733573
10513969,271,178,93,256765585
14513689,275,186,89,367387663
12018169,299,193,106,297922867
10764049,279,183,96,263566407
11513209,425,278,147,284040287
13264441,207,139,68,332441943
12769129,293,187,106,318679097
13515121,172,123,49,339427641
11263009,324,219,105,277186971
10022161,255,174,81,243440749
12515161,267,196,71,311645333
13761001,268,186,82,346292663
10261129,311,211,100,249906155
14014849,311,230,81,353393789
13012969,313,212,101,325446737
14756809,342,239,103,374226297
11760961,236,154,82,290844035
12266209,369,266,103,304764441
12018841,346,245,101,297940831
11013529,379,293,86,270369477
14513809,253,184,69,367391455
10515409,226,143,83,256804867
10023001,276,185,91,243463147
12769849,343,230,113,318699479
13515961,312,209,103,339450135
14257681,257,166,91,360199117
10764601,266,179,87,263582385
12515329,317,230,87,311649785
11513329,217,163,54,284044007
11264521,243,160,83,277228797
14014921,328,246,82,353395661
12266641,279,196,83,304776367
12019009,298,193,105,297945799
13264561,263,188,75,332445003
10261561,289,203,86,249917717
10023049,181,122,59,243464413
11761801,294,200,94,290867853
14513881,343,249,94,367393273
11013601,210,141,69,270371355
12769969,312,226,86,318703685
13761169,258,172,86,346297091
13013641,227,156,71,325465925
10515481,249,162,87,256806325
13516609,354,231,123,339468735
12515449,270,179,91,311653097
14757409,286,199,87,374242497
10764889,246,160,86,263589617
12267361,279,190,89,304795441
12019081,220,141,79,297947893
10023889,229,154,75,243487541
14015401,217,156,61,353409143
11513881,232,169,63,284059667
11265409,204,146,58,277252737
10261609,336,231,105,249918809
14258161,215,150,65,360213017
12770209,170,122,48,318709919
14517001,292,190,102,367480207
13264609,263,183,80,332446077
13517281,360,241,119,339487065
12515521,350,228,122,311655293
11762689,245,170,75,290891829
11014369,323,236,87,270391935
10024009,301,204,97,243490445
10515649,249,164,85,256811095
12019729,286,186,100,297965767
12267529,304,201,103,304800817
13015129,373,258,115,325507217
13761841,226,163,63,346316165
10765129,191,134,57,263596463
14015761,304,223,81,353418779
12770881,303,205,98,318728099
10262281,244,167,77,249937421
14757481,330,229,101,374244615
10024249,221,147,74,243496685
11514001,274,192,82,284062721
11266201,281,190,91,277274917
12516121,253,178,75,311671787
14517241,302,207,95,367486951
13517401,232,166,66,339490527
12019849,283,192,91,297969115
12267721,248,170,78,304806229
14258449,276,185,91,360220857
10516249,308,195,113,256827411
11014441,291,209,82,270393969
11762809,221,163,58,290894979
13266289,215,149,66,332492767
10025569,291,208,83,243532343
14015929,298,204,94,353424071
12771481,335,245,90,318744077
10765969,229,158,71,263618953
12516169,248,171,77,311673209
13015921,258,172,86,325530313
10262449,342,224,118,249942347
12020689,347,250,97,297991849
13518649,185,126,59,339525717
12267889,309,197,112,304810225
13762009,234,155,79,346320521
14518729,215,144,71,367529047
11514169,253,180,73,284067755
11266441,316,199,117,277281337
10026241,198,138,60,243551215
10516321,322,216,106,256829229
14757961,326,196,130,374257779
11014921,201,134,67,270407523
14016529,254,180,74,353441139
12772489,298,211,87,318772475
11763529,279,215,64,290914719
12516289,283,190,93,311676419
12020929,288,205,83,297998473
14259529,352,252,100,360250803
10766401,242,169,73,263630479
12268489,286,210,76,304826935
10026409,292,182,110,243555529
13267081,257,186,71,332515075
13519489,286,202,84,339549189
10262569,210,148,62,249945719
14518921,281,192,89,367534711
13016929,283,199,84,325558183
11267881,196,141,55,277320729
11514721,186,123,63,284082227
12773041,263,180,83,318787709
10516801,253,182,71,256842531
13762081,267,180,87,346322675
14017249,217,149,68,353461371
10027081,181,126,55,243573931
12516961,330,240,90,311694113
12022081,214,143,71,298031131
11015449,247,171,76,270421059
12269401,253,167,86,304852519
13519969,291,199,92,339562257
11763889,239,159,80,290925129
10767121,190,123,67,263651491
10263481,269,184,85,249970499
14759809,243,161,82,374310399
14519689,426,296,130,367555291
10027249,302,192,110,243577867
13267249,337,237,100,332518999
14260009,204,136,68,360264153
12773161,293,203,90,318791117
12022369,304,202,102,298038277
11267929,250,170,80,277322031
12517849,238,148,90,311719501
14018089,287,193,94,353484837
11514889,259,174,85,284087393
12270169,337,251,86,304873789
10517641,269,186,83,256865421
13017481,271,167,104,325572553
11016601,268,179,89,270453195
13520809,196,137,59,339586161
10027921,244,178,66,243596257
13762249,254,160,94,346327613
10768249,271,189,82,263682853
10263961,229,153,76,249983171
14519929,337,227,110,367563529
11764321,355,229,126,290936271
12774049,332,223,109,318815817
12022441,301,199,102,298040155
12517969,282,200,82,311722861
12270241,225,145,80,304875307
14018881,302,202,100,353506179
10028041,233,155,78,243599347
11268601,263,177,86,277340163
14760001,197,131,66,374315913
10518481,214,138,76,256888179
11516521,261,177,84,284132801
13267321,246,173,73,332521651
13522489,329,219,110,339633189
14260681,382,256,126,360283335
11016769,251,175,76,270457539
13017649,300,219,81,325577689
14520361,235,157,78,367575441
12022609,222,166,56,298044697
12774241,288,202,86,318821001
10264081,239,144,95,249985955
12518521,266,184,82,311737735
10769809,306,233,73,263724289
12271561,179,122,57,304912635
10028209,227,156,71,243603997
11764369,319,224,95,290937669
14018929,230,160,70,353507499
13763521,237,151,86,346362749
13523281,354,230,124,339654981
10518601,209,142,67,256891659
11268769,299,202,97,277344561
12023281,417,283,134,298063219
10028449,338,247,91,243610363
11516569,207,149,58,284133815
12774841,219,155,64,318837987
12518881,264,175,89,311747599
12271681,285,197,88,304915755
14521081,273,203,70,367596255
11017441,238,157,81,270475751
13267801,249,163,86,332535871
10264489,188,131,57,249997193
14760601,375,274,101,374332113
10770649,317,225,92,263746537
14019601,356,244,112,353526057
14260801,254,170,84,360286569
13017841,297,211,86,325582851
11765209,200,131,69,290960371
10028881,315,224,91,243622015
13523329,255,180,75,339656361
12023881,178,123,55,298080097
12774889,293,197,96,318839577
10519009,250,174,76,256902633
12519049,305,204,101,311752261
12271849,293,196,97,304920441
13764409,304,204,100,346387329
11268889,352,243,109,277347645
14522281,258,183,75,367629253
11517241,293,197,96,284151875
10265641,209,137,72,250028805
11017609,346,244,102,270480263
10029049,286,200,86,243625981
14020129,331,236,95,353541549
10771009,289,213,76,263757061
12023929,191,128,63,298081147
13524361,386,264,122,339684993
13267921,279,203,76,332538727
12775849,198,145,53,318865917
12272089,315,218,97,304926633
12519721,298,200,98,311771527
13018009,241,155,86,325587501
14760769,235,144,91,374336991
11765881,234,170,64,290979781
14260969,257,187,70,360291321
10031809,334,229,105,243701073
10519609,286,190,96,256918473
14523601,197,121,76,367666747
11269969,352,245,107,277377309
10265809,228,162,66,250032885
14021281,193,132,61,353574849
12024721,203,144,59,298102901
11517361,305,193,112,284155367
11017801,237,167,70,270485591
13765249,218,153,65,346410055
13525009,255,174,81,339702933
12272401,231,155,76,304935393
10771681,319,229,90,263775003
12776761,298,206,92,318891129
12520201,249,156,93,311784691
10032241,354,251,103,243712563
13268329,309,206,103,332549323
10519849,313,210,103,256925685
14523889,282,187,95,367674427
11766241,291,202,89,290989003
12025129,249,169,80,298113785
13019689,332,223,109,325633595
10032481,245,170,75,243719673
14023489,289,200,89,353635635
11272249,235,166,69,277439389
12274369,371,249,122,304988775
10266169,208,133,75,250042683
13525129,361,249,112,339706197
12777361,257,167,90,318907953
12521329,340,246,94,311815235
14761441,223,153,70,374356391
14262049,289,191,98,360321741
11517409,351,262,89,284156543
11018281,253,172,81,270498857
10772329,361,248,113,263793081
13766041,268,181,87,346432945
10033321,217,148,69,243742899
12025441,241,168,73,298122341
14524801,207,128,79,367700263
10520449,157,111,46,256941969
12275209,331,234,97,305012811
14023921,301,217,84,353647885
12521569,262,182,80,311822597
12777529,332,242,90,318912201
13525849,293,190,103,339726321
11766841,257,176,81,291005071
13268809,248,167,81,332562949
10266481,250,161,89,250051737
11272801,268,177,91,277455709
13020121,307,211,96,325645985
10034161,234,160,74,243765039
11018809,269,177,92,270513839
12025609,364,265,99,298126703
11517529,250,176,74,284159807
10773289,296,199,97,263818515
14263369,329,230,99,360358881
12275449,252,166,86,305018883
14761489,268,190,78,374358029
14525281,178,124,54,367713607
12522241,239,169,70,311840297
12778081,288,193,95,318927411
14024161,318,224,94,353654341
13525969,278,192,86,339729243
10521001,218,147,71,256956465
10034329,283,205,78,243769329
13766281,231,161,70,346439821
10268689,295,200,95,250110679
11766889,287,190,97,291006577
12026569,225,151,74,298153661
11273089,194,129,65,277462825
13269001,228,143,85,332568745
12276049,249,185,64,305035971
11019121,217,163,54,270522839
10774009,199,132,67,263838081
10034809,227,169,58,243782649
12522721,250,162,88,311854457
13020169,282,191,91,325647473
11517601,313,219,94,284161811
12778201,325,209,116,318930357
14526121,278,178,100,367736425
13526041,252,163,89,339731169
14024761,207,149,58,353671147
10521169,328,227,101,256961043
12026809,245,179,66,298160291
14263729,314,231,83,360369087
10269001,262,179,83,250119879
10034929,232,174,58,243785631
14761849,287,204,83,374367437
12276289,214,152,62,305042367
11767729,276,180,96,291029539
12522841,271,207,64,311857733
13766761,322,226,96,346453387
12778369,209,145,64,318935085
11273161,249,160,89,277464931
11019241,303,214,89,270526439
14526289,393,271,122,367741513
13526521,275,191,84,339744711
10774129,309,230,79,263841289
14025601,344,239,105,353694559
12027289,282,196,86,298173581
11518201,287,200,87,284178341
13269601,237,158,79,332584171
10035169,180,123,57,243792507
13020361,295,191,104,325652891
10521289,220,157,63,256963947
12277129,354,262,92,305065107
10269169,218,159,59,250123845
12523561,365,258,107,311877659
12779089,259,176,83,318954909
10035601,285,191,94,243803327
13526809,327,238,89,339752673
12027481,319,223,96,298178969
14526649,279,185,94,367751845
14264881,252,180,72,360401289
11767849,297,202,95,291032725
11273929,251,174,77,277486261
14026681,303,209,94,353724697
11020081,273,192,81,270548183
10774201,226,156,70,263843197
14762689,372,256,116,374391011
12277801,364,256,108,305083227
13766881,326,214,112,346456711
11518609,182,130,52,284189663
12523681,244,162,82,311880635
10521361,298,203,95,256965537
10037449,347,243,104,243853313
12779209,263,180,83,318959379
10269529,258,155,103,250134137
13270009,188,124,64,332596807
13021009,235,164,71,325671395
12027649,319,217,102,298183235
13527049,268,182,86,339760155
14527081,265,183,82,367763589
14027281,228,162,66,353741899
12278569,237,157,80,305105603
10038001,256,174,82,243868295
11275609,265,187,78,277531561
11768089,275,191,84,291039745
10774681,194,130,64,263856247
11020129,262,174,88,270549671
12523729,278,189,89,311881793
12779449,253,174,79,318965457
14265049,285,203,82,360406125
12028249,227,157,70,298199891
11520601,218,149,69,284244237
10522801,200,146,54,257006199
10270009,256,174,82,250146887
14763169,286,207,79,374404661
13767769,296,215,81,346481161
13527361,224,146,78,339768585
10038841,244,168,76,243891863
12278809,179,128,51,305111981
14527321,359,258,101,367770741
14027521,246,173,73,353748367
13270441,268,182,86,332608393
13021681,270,171,99,325690079
12523921,275,194,81,311887373
12780121,361,252,109,318983841
12028801,292,184,108,298215323
10774849,316,222,94,263861593
11276689,332,232,100,277561617
11020249,217,140,77,270552833
11768401,326,233,93,291049555
10039801,224,145,79,243917921
10523209,336,232,104,257016189
13527649,382,280,102,339776697
10270129,247,161,86,250149419
12279649,274,186,88,305135531
11520889,312,216,96,284251677
14028121,321,213,108,353764709
14527801,236,163,73,367784685
12524569,310,232,78,311904605
14266561,226,152,74,360448599
12780601,228,151,77,318998191
12029089,360,274,86,298222673
10039969,206,141,65,243922181
13768129,260,167,93,346491709
14763841,187,116,71,374423993
13271521,276,194,82,332638609
13022041,389,268,121,325699217
10774969,391,287,104,263864827
11277121,260,179,81,277573443
12280249,275,191,84,305151665
11020921,238,167,71,270570647
13527721,210,137,73,339778601
11768521,314,216,98,291052429
10523641,307,224,83,257027947
10270681,243,169,74,250165499
12524689,226,139,87,311908109
10040521,248,172,76,243937049
14029801,288,175,113,353812751
14527969,266,169,97,367788885
11521561,324,209,115,284269743
12029929,366,258,108,298246067
12781441,267,175,92,319020679
12280969,243,167,76,305171679
10040689,272,199,73,243941429
13527889,351,244,107,339783599
14267761,295,187,108,360481741
10775041,283,205,78,263866273
12524761,301,215,86,311910173
11021809,331,235,96,270595133
11277169,335,210,125,277574373
13768441,274,192,82,346500415
12031489,358,257,101,298288663
10523809,309,209,100,257032345
10270969,255,182,73,250173305
13272361,305,227,78,332661465
14030641,260,182,78,353836331
13022521,328,228,100,325713251
12781609,230,174,56,319025123
14763961,221,151,70,374427257
14528329,393,276,117,367798875
11768569,363,265,98,291053665
10040809,264,175,89,243944375
11522449,237,150,87,284294979
12281161,209,142,67,305176587
13528321,246,172,74,339795047
12526081,258,186,72,311946761
12032281,303,195,108,298311337
12783649,359,247,112,319081757
10775881,219,142,77,263888851
14030689,247,167,80,353837579
10040881,287,203,84,243946937
11021929,229,159,70,270598283
10271809,188,129,59,250196975
10523881,207,136,71,257034469
14528641,237,162,75,367807899
11277289,298,206,92,277578369
12281329,271,176,95,305181327
14268769,269,173,96,360510207
11768689,237,147,90,291056815
13768609,374,270,104,346504573
13022641,269,185,84,325716035
13272841,271,181,90,332674893
12526249,359,235,124,311950685
13528561,298,223,75,339801683
11523241,265,192,73,284317233
12032521,261,194,67,298318123
14764129,397,284,113,374432183
10041529,296,218,78,243963965
12784249,255,178,77,319099493
14031049,451,316,135,353847365
12281641,167,120,47,305190135
10776529,248,167,81,263907355
14528929,215,137,78,367815897
10272481,353,255,98,250214495
10524049,294,192,102,257038603
11022169,300,199,101,270604799
11277841,245,151,94,277593111
10041649,226,145,81,243967631
12527041,255,190,65,311972669
12033001,353,233,120,298330855
13529041,307,213,94,339815249
11768761,291,201,90,291058921
12784489,205,144,61,319105499
11524801,170,130,40,284360595
14269201,238,171,67,360522849
13022881,279,176,103,325724009
13273201,337,236,101,332684307
12282601,278,191,87,305216115
13769401,246,156,90,346526869
14031361,245,178,67,353856599
10042321,229,166,63,243985655
14529001,239,157,82,367817745
10776889,274,201,73,263916877
10272529,232,170,62,250216115
12527089,215,144,71,311973761
12034801,180,124,56,298380443
10524529,242,171,71,257052391
14764201,272,178,94,374434447
11022841,243,163,80,270623461
13529209,271,192,79,339819719
11278009,327,231,96,277597769
12784921,306,219,87,319117211
10042489,325,223,102,243990233
12282769,326,215,111,305221197
11769409,256,168,88,291076471
14032489,253,162,91,353887379
11524921,261,191,70,284363385
12034849,330,225,105,298381769
14529769,267,194,73,367838763
12527209,390,295,95,311977799
13023481,224,146,78,325739951
10273201,234,156,78,250234331
13273801,326,229,97,332702163
10777321,199,141,58,263928661
13530169,222,142,80,339846545
10043041,238,180,58,244005443
14269441,293,206,87,360529059
10525729,264,179,85,257085105
13769641,228,165,63,346534105
12785089,298,209,89,319121933
11023009,349,239,110,270627949
12283441,264,179,85,305240175
11278681,410,276,134,277615751
14033161,282,192,90,353906865
14764801,303,203,100,374451211
12035209,286,182,104,298392203
11524969,204,140,64,284364765
12527761,189,125,64,311993717
10043329,310,190,120,244012523
14531329,293,205,88,367883697
11769601,286,187,99,291081649
13530889,202,149,53,339866549
10273489,388,277,111,250241717
12283489,313,208,105,305241033
10777369,214,151,63,263929927
10526161,262,189,73,257096715
13023529,259,173,86,325741283
11025121,276,178,98,270684635
11525329,254,170,84,284373813
10043569,314,204,110,244019015
13273849,345,250,95,332703627
12035689,294,191,103,298404911
12528121,351,234,117,312003635
11278801,242,145,97,277619375
14033329,324,238,86,353911257
13770241,244,158,86,346550605
12785761,291,198,93,319141061
14269921,225,153,72,360543009
14531521,208,145,63,367889023
13531849,259,173,86,339894077
12284281,228,164,64,305262333
10045081,233,162,71,244060411
10274161,294,202,92,250260407
11772121,200,132,68,291150737
11525641,326,202,124,284383011
14764969,286,191,95,374455663
12035809,263,177,86,298408607
10526569,249,178,71,257107491
10777561,251,168,83,263935015
12528289,366,250,116,312008009
14034169,317,238,79,353934195
11025169,223,155,68,270686105
11278849,300,188,112,277620251
10046401,229,145,84,244096093
13024201,267,185,82,325759649
12284521,291,192,99,305269929
14532121,349,246,103,367905373
13532689,220,155,65,339917129
13273969,269,199,70,332706675
11525929,323,226,97,284390487
12786001,316,225,91,319147745
12037369,249,172,77,298451007
13770409,289,196,93,346555333
10274401,281,186,95,250266497
14270041,269,186,83,360546369
12528889,301,216,85,312025085
11772601,218,146,72,291163853
10526881,253,171,82,257116305
10046689,227,148,79,244103881
10778161,220,144,76,263951119
14034841,286,193,93,353953609
12284689,267,171,96,305274213
11025361,239,179,60,270691613
11526169,231,168,63,284397229
13533409,315,222,93,339937367
14532289,332,216,116,367910191
14765041,314,199,115,374457595
12037489,250,171,79,298454577
11279209,282,197,85,277631027
12529729,238,162,76,312047495
10047241,224,167,57,244118265
13024321,280,197,83,325762451
10275241,256,174,82,250289321
13274641,217,148,69,332725413
12786649,282,191,91,319166807
12286969,325,236,89,305336991
14035009,278,199,79,353958397
10528081,262,172,90,257148483
11528281,288,212,76,284454961
13770481,293,193,100,346557175
10778569,327,221,106,263961865
11772769,311,211,100,291168353
12038041,168,99,69,298470735
13534249,267,174,93,339960229
14270449,317,228,89,360557433
10047769,250,170,80,244132011
14532361,311,211,100,367912303
11026369,281,195,86,270719187
12529801,313,222,91,312049763
11279809,335,229,106,277647337
12287641,253,159,94,305355033
10276081,246,148,98,250311215
11528449,235,159,76,284459551
14765521,263,178,85,374472157
14035249,292,205,87,353964949
10048081,220,148,72,244140903
12038401,250,174,76,298480155
10529089,288,192,96,257176365
13025209,247,173,74,325787243
13535449,237,159,78,339994501
13274689,291,184,107,332726823
10779049,288,205,83,263975395
12787321,243,156,87,319184417
12530569,285,200,85,312070579
14532961,276,200,76,367929097
11772961,356,254,102,291173765
11026969,285,201,84,270735561
13771081,278,182,96,346574843
11529169,287,199,88,284479357
12287689,286,201,85,305356533
10048249,231,172,59,244144875
14270761,314,203,111,360566145
11280721,303,203,100,277672189
12039409,300,218,82,298508289
10276249,180,128,52,250316045
14035561,241,156,85,353973877
13537129,251,178,73,340040599
12531121,247,175,72,312087553
10529521,254,183,71,257188497
10049041,232,164,68,244166819
14533201,200,142,58,367936087
10779169,246,166,80,263978443
11529361,356,243,113,284485111
12289369,239,152,87,305403939
13025329,382,264,118,325790441
14766361,209,140,69,374495215
11773561,296,209,87,291190127
13275049,298,211,87,332737287
12039889,279,191,88,298520877
12787441,355,254,101,319187273
11027881,243,149,94,270760485
14035729,264,192,72,353978557
10276681,317,202,115,250328579
10049449,237,173,64,244178447
13537441,258,168,90,340050157
11281321,223,143,80,277688997
12532969,216,147,69,312137387
13771489,330,220,110,346585431
11530201,279,178,101,284508345
12290209,274,181,93,305426571
14533369,342,234,108,367940113
14271121,337,227,110,360575637
10529569,300,197,103,257189529
12040681,287,197,90,298542753
10779841,274,192,82,263997223
10049929,327,219,108,244191017
14036089,302,206,96,353988457
11773969,288,188,100,291201203
12533089,319,232,87,312140831
11028049,268,179,89,270765399
13537801,217,146,71,340060201
13025401,207,159,48,325792595
11531041,244,173,71,284530545
10276921,257,176,81,250335197
13275481,408,287,121,332748855
12788689,333,233,100,319221739
12290569,261,176,85,305436069
14766721,358,262,96,374505133
11281561,225,146,79,277695555
12041089,276,187,89,298553387
10050049,278,187,91,244194287
14533969,316,218,98,367956931
10529689,230,146,84,257193009
13771801,261,179,82,346593993
10779889,254,153,101,263998471
11531521,226,152,74,284544219
12533329,317,219,98,312147197
14036401,231,159,72,353998213
13538641,248,179,69,340084069
14271889,201,130,71,360597927
10050721,276,184,92,244211747
12291001,281,199,82,305448349
10277569,257,166,91,250352549
11028481,244,152,92,270777099
12041401,265,183,82,298562675
11774809,389,274,115,291224237
14534041,305,201,104,367958881
13026049,239,163,76,325810315
11283889,290,207,83,277757961
11531881,172,119,53,284553651
12789121,240,165,75,319233787
13275721,238,147,91,332755845
10530529,192,130,62,257215425
12534001,273,192,81,312165713
10050769,238,166,72,244213577
14768041,283,202,81,374542267
13539121,269,187,82,340097413
10781761,241,155,86,264049645
14037241,224,142,82,354021325
12291049,198,126,72,305449831
12041521,319,216,103,298565789
13772809,345,230,115,346622195
10277929,269,186,83,250362053
11028649,257,180,77,270781551
11532481,194,133,61,284570079
10050889,256,183,73,244216835
14534209,244,162,82,367964101
11776081,239,162,77,291260369
14272441,297,204,93,360613461
12535321,389,263,126,312202805
11284921,256,174,82,277787421
12292081,330,228,102,305478191
10530601,240,161,79,257217123
13539241,280,184,96,340100833
12042241,201,134,67,298585793
13028689,207,137,70,325885051
14038201,221,144,77,354048247
12789289,305,215,90,319238263
10781929,234,153,81,264054433
13276369,268,184,84,332774103
10051441,133,90,43,244231463
11532889,218,137,81,284581145
10278361,249,185,64,250373777
12535609,269,174,95,312210677
14535649,298,205,93,368004853
14768209,262,177,85,374547319
11029321,290,202,88,270799587
12292561,306,204,102,305491427
12042769,379,265,114,298600157
13773169,311,226,85,346632857
13539289,276,168,108,340101991
10051729,227,164,63,244239227
11776129,222,154,68,291261443
14038249,288,210,78,354049411
10531201,287,186,101,257233737
11285689,281,189,92,277807785
11533321,287,202,85,284593025
14272801,269,187,82,360623265
10782241,260,179,81,264062749
13028761,254,165,89,325887001
12536281,198,137,61,312228863
10280041,313,212,101,250418955
12790009,256,170,86,319258183
10051801,288,192,96,244241183
12292681,231,167,64,305494913
14535721,258,186,72,368006935
12043081,310,233,77,298609037
13276489,322,217,105,332777181
13539961,368,255,113,340120639
11029561,215,158,57,270806253
11533729,280,181,99,284603765
14038369,281,197,84,354052279
10531249,222,158,64,257234871
11776321,306,208,98,291266489
14768329,209,142,67,374550349
11285761,245,177,68,277809765
10053289,186,132,54,244281301
12537121,227,160,67,312251675
13773769,240,187,53,346649063
12292729,266,200,66,305496023
12043441,336,241,95,298618325
10782529,275,185,90,264070771
14536201,264,175,89,368020129
10280089,286,194,92,250420269
11534329,223,151,72,284621489
13540249,295,203,92,340128193
14272969,366,247,119,360627813
13029241,254,174,80,325899493
10053481,283,180,103,244286521
14041129,310,221,89,354129781
12792049,269,176,93,319314997
11029729,277,179,98,270810873
13277569,326,238,88,332807343
12537529,315,212,103,312264245
10531369,313,231,82,257238735
12044881,243,164,79,298658383
12292849,262,175,87,305498993
11779321,296,194,102,291349083
11535001,261,180,81,284639429
11285929,323,224,99,277814553
10782601,346,235,111,264073039
10053649,181,129,52,244291417
14536321,314,210,104,368023027
13540489,383,247,136,340135213
10280929,234,142,92,250443063
13774489,218,140,78,346669373
14768401,289,208,81,374552089
14041801,235,170,65,354148609
12538969,241,172,69,312303581
12045769,378,250,128,298682419
12293089,270,189,81,305505143
11030209,247,169,78,270824313
13030081,271,183,88,325922749
11535049,263,169,94,284640515
10053961,223,150,73,244299163
12792361,337,222,115,319323253
14273401,301,206,95,360640141
10531921,240,159,81,257253495
13278721,193,133,60,332839779
13540801,314,215,99,340144591
14537161,239,174,65,368047883
11286409,314,224,90,277827777
11780449,396,279,117,291379665
10783081,170,119,51,264085429
10281121,351,243,108,250447749
14042401,353,250,103,354166547
12539881,286,183,103,312328775
12045889,283,207,76,298685725
12293761,280,201,79,305524673
10054321,336,233,103,244309945
11535409,309,198,111,284650289
11030401,339,232,107,270829545
13775449,311,224,87,346696331
10532761,338,238,100,257276277
14768881,239,153,86,374565643
13541161,233,159,74,340154081
14537209,256,180,76,368048921
10054921,275,192,83,244325983
13030201,314,221,93,325926229
12046129,285,200,85,298693075
12792889,304,207,97,319339123
12540049,299,202,97,312333381
12294241,289,213,76,305537033
11535841,267,186,81,284662163
10281289,271,183,88,250453047
11287249,350,231,119,277850271
14044081,360,271,89,354212759
10783921,255,181,74,264107945
14273449,258,179,79,360641257
13278841,221,165,56,332842447
11781001,222,151,71,291395797
10055329,272,183,89,244336633
13541929,223,147,76,340175243
11030881,215,144,71,270842709
12046729,297,208,89,298710187
10532881,320,220,100,257279787
11536849,258,175,83,284690563
12540529,153,99,54,312347139
12295081,263,179,84,305561561
14537401,263,183,80,368054627
14044321,298,195,103,354219269
13777129,313,223,90,346742825
10282609,368,242,126,250488177
10056001,224,170,54,244354771
10785289,281,186,95,264145165
13030921,313,225,88,325946575
11287921,301,229,72,277869393
14769049,259,180,79,374570167
12794329,313,226,87,319378981
11781169,224,156,68,291399745
12047449,251,181,70,298729597
11537689,324,221,103,284713045
13279249,248,161,87,332853299
13544329,326,235,91,340241377
14273569,362,238,124,360644875
12295201,282,182,100,305564831
12541201,230,160,70,312365589
10056601,205,116,89,244370779
14538049,258,184,74,368071679
11031169,292,210,82,270850551
10533121,278,182,96,257285841
14044489,319,220,99,354223955
10283401,334,245,89,250510605
10788241,246,170,76,264226369
11537761,199,142,57,284714917
12047569,238,174,64,298732519
11288089,284,193,91,277873521
12295249,285,203,82,305566529
10056769,366,252,114,244375201
13547041,251,177,74,340317589
12541561,345,225,120,312375009
13777969,259,183,76,346766273
13032289,283,194,89,325984795
11781361,199,135,64,291404605
12795241,306,202,104,319403659
14539249,345,240,105,368105633
14769169,348,227,121,374573383
14044801,196,135,61,354233171
10533889,250,161,89,257306691
13279681,304,204,100,332865809
11032081,283,201,82,270875607
11538361,306,196,110,284730925
14274961,269,186,83,360683517
10056841,292,200,92,244377193
12047641,297,203,94,298734283
10283809,315,202,113,250520949
12295441,253,173,80,305571119
12542329,304,206,98,312397047
13547641,302,208,94,340333837
10788649,280,194,86,264237097
11288449,243,166,77,277883553
14539729,246,181,65,368119721
10057849,315,227,88,244404589
11538409,252,166,86,284732437
11781841,285,197,88,291417709
14044969,218,147,71,354237299
12049321,311,211,100,298780421
13032601,231,163,68,325993051
13778209,199,121,78,346772829
12796009,328,224,104,319424941
10535809,271,171,100,257359021
12297721,309,209,100,305633747
11032849,166,104,62,270896035
12542401,214,147,67,312398913
10284649,267,177,90,250544493
13547689,208,137,71,340335001
13279729,312,210,102,332867153
14769241,253,161,92,374575345
10059001,220,151,69,244436545
10789081,283,201,82,264248677
11538601,274,169,105,284737849
14275321,242,170,72,360693669
12051649,209,149,60,298846193
14540569,302,215,87,368143205
11288881,332,221,111,277895385
14045761,244,172,72,354259077
12297889,277,185,92,305638775
12543241,284,171,113,312421281
11782369,266,178,88,291432349
10536121,291,213,78,257367789
10059961,319,206,113,244461793
13548721,282,193,89,340365067
11033521,293,210,83,270915247
12796081,180,125,55,319427437
10285801,261,182,79,250575575
13032889,241,160,81,326000887
11539249,310,206,104,284755469
13778641,360,256,104,346785285
12051769,460,321,139,298848737
10789249,206,132,74,264253573
12298441,229,154,75,305654105
14046601,348,236,112,354283059
14540689,349,253,96,368146037
13280089,213,151,62,332876831
10060009,253,177,76,244463353
12544681,351,258,93,312461551
11289049,222,158,64,277900479
14769409,308,206,102,374580097
13549321,282,177,105,340380709
11540761,222,150,72,284797043
10536289,264,181,83,257371935
14277001,360,252,108,360741601
11783641,244,157,87,291467641
12051841,271,184,87,298850327
11034409,214,135,79,270938917
10285921,319,233,86,250578395
10060801,251,172,79,244484821
12298801,285,182,103,305664311
12796921,316,211,105,319450765
14046649,304,201,103,354284643
12545089,323,225,98,312473761
14541601,321,207,114,368171411
13033729,318,215,103,326024947
10791169,209,155,54,264305753
11541289,301,223,78,284811191
13780201,280,198,82,346828925
13551049,252,161,91,340429015
10061041,185,122,63,244491859
11289121,215,157,58,277902363
12052009,312,226,86,298854569
13280401,216,139,77,332886251
10536649,237,171,66,257381609
12298969,293,198,95,305668931
10286161,268,192,76,250584623
11035081,314,211,103,270958195
11783809,199,130,69,291472723
14769721,274,194,80,374589961
12545521,299,214,85,312485417
14046841,264,164,100,354289275
11541601,253,169,84,284820689
14544289,276,182,94,368248013
14278441,276,181,95,360781225
10061209,351,250,101,244495597
10791769,282,175,107,264322049
13551169,278,197,81,340432363
12052489,220,148,72,298868531
12797569,272,180,92,319468621
13034809,264,178,86,326054425
12299809,267,196,71,305691755
11289601,241,189,52,277915177
10536961,286,195,91,257389811
13780369,256,175,81,346833707
10061881,265,181,84,244513805
12546361,237,146,91,312508659
11542129,184,107,77,284834843
10286641,262,176,86,250598003
13281241,289,203,86,332908667
14047009,339,239,100,354293613
11035201,203,134,69,270961297
14544601,292,190,102,368256563
12053161,268,171,97,298886147
11784889,329,219,110,291502045
13551409,196,131,65,340439465
10791841,309,218,91,264323507
12300481,289,203,86,305709911
10062361,241,155,86,244527325
14770081,277,190,87,374599297
11542801,270,189,81,284853155
12546769,230,153,77,312519777
14278489,308,203,105,360782575
12797929,252,165,87,319478335
10537801,261,181,80,257413319
11289721,248,158,90,277918315
13035241,343,234,109,326066551
14047489,219,143,76,354307979
12053281,235,164,71,298889537
10287001,357,249,108,250607267
14544721,242,169,73,368260115
10062889,266,192,74,244541035
13551721,188,116,72,340448873
11035249,230,160,70,270962281
12300649,314,212,102,305714783
13780561,312,221,91,346839347
13282921,198,133,65,332956767
11543641,277,198,79,284876479
11785201,295,189,106,291511081
12547081,241,175,66,312528867
10792489,330,221,109,264341291
12055801,337,228,109,298959365
10064569,345,245,100,244586569
14048161,231,162,69,354326749
10538089,278,178,100,257420765
11289769,253,164,89,277919707
10287481,226,152,74,250620383
12301969,186,121,65,305751679
14545561,260,185,75,368283027
13553401,269,186,83,340495019
14772409,291,201,90,374664765
12799921,250,183,67,319533817
11543809,304,204,100,284881045
14278681,270,195,75,360788887
13035289,285,188,97,326067655
12547441,196,136,60,312538113
11036761,284,196,88,271003459
10065409,281,179,102,244609393
12056041,294,200,94,298966247
11785321,238,156,82,291514393
10793689,186,125,61,264373947
13781041,249,162,87,346852217
13283209,188,119,69,332964273
14048449,274,195,79,354334345
12302089,269,178,91,305755213
11544289,277,182,95,284893975
13553569,282,184,98,340499867
10538329,372,253,119,257426909
14546401,236,163,73,368306829
10065721,282,191,91,244618105
10289161,204,123,81,250666837
12547609,248,161,87,312542631
11290441,416,291,125,277937515
12056521,250,173,77,298979363
12800041,224,160,64,319537235
11037121,326,212,114,271013341
13035409,236,155,81,326071507
14772529,363,252,111,374668647
12302761,351,228,123,305773771
11544409,270,193,77,284898073
14280121,287,208,79,360828137
10065841,240,160,80,244620547
14048521,352,255,97,354336133
10794001,207,155,52,264383127
11786161,225,158,67,291536899
13554361,324,226,98,340521477
12548089,248,177,71,312555867
14546449,232,154,78,368307829
10539481,280,200,80,257458703
12056881,235,165,70,298989041
10289329,313,222,91,250670893
13284049,231,155,76,332986839
13781401,293,204,89,346861965
11290561,293,197,96,277941253
10065889,293,196,97,244621879
11545249,192,120,72,284920069
12303169,278,187,91,305784475
11037289,370,255,115,271017937
14049001,276,185,91,354350689
13554529,291,188,103,340526025
12800209,343,222,121,319541915
12548761,338,226,112,312575031
10794529,245,164,81,264397845
12057049,239,173,66,298993355
14546569,264,192,72,368311357
13036801,322,218,104,326109861
10066009,283,192,91,244626013
11786569,349,251,98,291547615
10540489,285,215,70,257485877
10289449,257,179,78,250673977
11545489,270,198,72,284927323
14773921,312,215,97,374707597
14280169,299,205,94,360829463
12304441,370,256,114,305819593
11290801,204,146,58,277947449
13284121,281,193,88,332988759
13782001,222,159,63,346878891
14049289,249,167,82,354358153
12549049,282,196,86,312583023
13555921,208,137,71,340565457
10066081,285,184,101,244628077
12057361,281,197,84,299002069
11037601,216,146,70,271026271
14547409,359,255,104,368334719
10794841,299,192,107,264406029
11546641,275,190,85,284959403
12306001,317,222,95,305862655
12800929,277,201,76,319561301
10540609,296,217,79,257489561
10289689,248,179,69,250680091
11786881,261,177,84,291556597
13037161,307,216,91,326120109
10066681,225,159,66,244644271
12549289,182,115,67,312589479
12059161,211,132,79,299051893
14050969,226,146,80,354405013
13557289,261,182,79,340603739
11292481,330,234,96,277993223
14280961,254,182,72,360852037
11546929,194,129,65,284966849
14774209,400,275,125,374715919
11038609,259,169,90,271053973
13284289,306,219,87,332993037
14547961,254,180,74,368350477
12306961,311,215,96,305889215
10066921,367,256,111,244650631
10794961,220,158,62,264409395
13782169,234,161,73,346883463
10290121,213,128,85,250691911
10541161,272,183,89,257504903
12801049,321,227,94,319564457
12549769,324,223,101,312602727
12059209,256,171,85,299053477
11547001,377,264,113,284968559
11788009,299,222,77,291587083
13557889,291,191,100,340620443
10068361,253,178,75,244688647
13037641,275,183,92,326133873
12307681,219,155,64,305909519
10290169,331,219,112,250693213
11293801,257,182,75,278029637
14548249,268,190,78,368357947
14051041,306,204,102,354406987
11038801,257,171,86,271059157
12059569,280,183,97,299062663
12550441,200,138,62,312621545
10795201,269,189,80,264415881
14281129,316,225,91,360857119
11547169,215,143,72,284973101
13284889,273,196,77,333010317
10541449,265,183,82,257512553
14774281,311,215,96,374717857
10069369,353,248,105,244716201
10290529,328,223,105,250702339
13557961,341,235,106,340622303
13782409,203,128,75,346890087
12308041,257,169,88,305919845
12801121,250,157,93,319566677
11790409,242,165,77,291653897
14548321,405,297,108,368359933
12060001,287,199,88,299074615
11294161,337,234,103,278040287
12550561,181,119,62,312624161
10069441,293,203,90,244718373
11548681,201,140,61,285014395
13038001,202,138,64,326143347
10291129,269,189,80,250719631
11038969,360,249,111,271064047
10795849,181,124,57,264432609
12309361,185,125,60,305955771
10541689,350,243,107,257518529
14051209,238,171,67,354412075
13558561,306,209,97,340639067
10070449,252,159,93,244745697
13289641,336,234,102,333143417
14281849,241,161,80,360877273
12060241,294,202,92,299081563
10292521,246,175,71,250757587
11549449,396,257,139,285034659
12550729,280,207,73,312628937
14548969,293,192,101,368379103
14775049,261,169,92,374739847
12802441,305,215,90,319603267
11790529,231,143,88,291657209
13782721,304,217,87,346899693
11294329,262,176,86,278044283
12309721,256,183,73,305965359
11039449,308,223,85,271076557
13559449,376,251,125,340663625
10071601,169,105,64,244777393
10796209,296,213,83,264442425
13038169,266,170,96,326148321
10292881,194,134,60,250767259
10542001,323,225,98,257527601
12060889,292,196,96,299098573
11549521,285,186,99,285037233
12551569,390,284,106,312651773
14549641,278,197,81,368396941
14051641,300,197,103,354423967
10071889,269,195,74,244784143
12309889,247,167,80,305970327
13289761,233,164,69,333146495
10293529,221,154,67,250784731
11790601,238,146,92,291659129
14282641,253,173,80,360899395
13560121,249,155,94,340681691
12802609,283,196,87,319607299
11549689,301,208,93,285041745
11294761,273,202,71,278056277
12061081,362,250,112,299104285
11039641,317,223,94,271081957
14775289,292,194,98,374746693
13782841,382,270,112,346902801
12551641,263,182,81,312653501
10796641,226,159,67,264454125
10542361,253,161,92,257536901
10072129,294,214,80,244791181
10293889,310,216,94,250794235
13038481,248,149,99,326156883
14549929,265,182,83,368405239
12310321,245,163,82,305981823
11550169,294,205,89,285055293
12061249,324,218,106,299109211
13560289,302,208,94,340686005
10072561,276,189,87,244802455
12552121,228,160,68,312667847
14052361,305,198,107,354443731
10294369,250,161,89,250807735
11790769,254,184,70,291663887
11294809,298,206,92,278057447
13290001,348,265,83,333152675
11040241,236,153,83,271098103
10796809,204,126,78,264458823
10544041,231,170,61,257582413
12803281,233,156,77,319626421
12310369,359,252,107,305983209
14282881,323,222,101,360905635
14550001,283,182,101,368407285
11551201,254,159,95,285084495
13783249,363,251,112,346913979
10072609,234,154,80,244803721
12061681,289,202,87,299121271
14775769,262,181,81,374759983
13561081,254,172,82,340709207
10294489,300,221,79,250811359
12552481,293,189,104,312677159
13038601,236,174,62,326160021
12310489,263,185,78,305986989
11551369,286,191,95,285088257
10072729,295,214,81,244806907
11294929,311,210,101,278061017
10545529,239,168,71,257622961
11791201,285,193,92,291675503
11040481,244,165,79,271105501
10796881,336,221,115,264460263
12061849,323,224,99,299125855
14550769,281,175,106,368429707
10294729,232,155,77,250817779
14054329,210,119,91,354499171
13291009,310,212,98,333181205
13561321,326,216,110,340715591
12552961,182,120,62,312691619
12803449,288,198,90,319631335
14283721,291,200,91,360929747
12311209,263,185,78,306006073
10072969,262,178,84,244812841
11551849,231,160,71,285102069
13783849,332,230,102,346931973
10295161,361,241,120,250828807
13039441,266,173,93,326183637
12063241,285,195,90,299163625
14776561,305,193,112,374782531
14550841,389,277,112,368431459
10545721,262,187,75,257628115
11295169,337,235,102,278067191
12553081,278,180,98,312694277
10798321,274,188,86,264500501
11041249,297,200,97,271125721
13562161,372,264,108,340738935
11792041,315,231,84,291698687
10073281,247,163,84,244821631
12311401,271,191,80,306011701
11553481,253,180,73,285145735
10296001,214,151,63,250851991
13292281,277,190,87,333215821
14055409,243,165,78,354529645
12803569,275,197,78,319634203
12063361,323,220,103,299166691
10073449,246,168,78,244827049
12553921,282,200,82,312717353
14551441,212,149,63,368447935
14283889,280,209,71,360934223
13562929,347,257,90,340760763
10296241,309,203,106,250857949
10545889,323,207,116,257632789
13784401,248,174,74,346946485
11553649,232,156,76,285151009
13039849,163,105,58,326194473
10798729,367,240,127,264511289
12311881,412,276,136,306024457
11295601,275,183,92,278079479
11041321,268,177,91,271127317
11792089,259,172,87,291699773
12063529,255,171,84,299172013
14777401,232,160,72,374805823
10074241,228,169,59,244848739
10296409,315,210,105,250862437
12554161,284,187,97,312724655
11554201,239,161,78,285166189
12804289,263,187,76,319654645
13563001,278,184,94,340762977
13292329,291,224,67,333217273
14552449,279,190,89,368476207
12312241,273,194,79,306034195
14056849,285,197,88,354569849
10548049,269,183,86,257691047
10074409,220,151,69,244852195
12063769,226,144,82,299178361
10799161,251,194,57,264523667
11295649,267,185,82,278080691
11043001,265,182,83,271174063
10296721,222,158,64,250871241
13040161,257,193,64,326203431
14284201,259,188,71,360943433
12554329,259,180,79,312729347
13784689,267,190,77,346954831
11792761,380,252,128,291718549
11554321,211,134,77,285169267
12314569,232,175,57,306099049
10074481,322,204,118,244854445
13564009,286,192,94,340790097
14553001,244,167,77,368492929
14778481,268,173,95,374836441
12065089,259,163,96,299215001
10297249,248,162,86,250884969
10548169,206,148,58,257694599
12804481,259,163,96,319660033
13293169,418,284,134,333240847
10799209,295,213,82,264525137
11554561,210,140,70,285175819
12554761,277,189,88,312741317
10075129,215,149,66,244872703
11043481,210,137,73,271187149
11296009,264,169,95,278090723
14057569,331,218,113,354589349
12314689,298,193,105,306101911
13564609,244,172,72,340807121
10297849,191,133,58,250901667
12065881,241,154,87,299236613
13040281,279,197,82,326207043
11792881,232,144,88,291721879
14553361,235,155,80,368502673
14284321,285,190,95,360946691
13784761,260,187,73,346956457
10075921,293,209,84,244893811
11555161,342,237,105,285192475
12554809,288,207,81,312742469
10548841,262,181,81,257712809
12315241,227,155,72,306117511
10298401,255,172,83,250916661
10800241,229,154,75,264552873
14778649,343,240,103,374841007
12805081,223,152,71,319676503
12066049,269,196,73,299241359
11044009,333,231,102,271201135
13564849,239,177,62,340813469
13293289,291,199,92,333244531
11297161,231,139,92,278121917
10076161,291,209,82,244899703
14553529,222,145,77,368506837
11555329,220,155,65,285197005
14058241,379,272,107,354607847
12555649,308,219,89,312766091
10298521,251,176,75,250919385
11793961,283,194,89,291750907
13040449,297,212,85,326211033
12315529,312,233,79,306124837
10549681,202,138,64,257736291
12066289,268,190,78,299247833
10076329,285,180,105,244904515
13785361,322,236,86,346973023
14285329,249,187,62,360974855
13565161,203,134,69,340823993
10800841,272,205,67,264569181
11556001,276,189,87,285214867
11044321,251,172,79,271209715
10298689,274,183,91,250923897
14553961,371,241,130,368518657
11297281,268,191,77,278124581
12556441,289,216,73,312788327
12805129,265,178,87,319677745
12316081,308,216,92,306141349
10076809,243,156,87,244917433
14778961,275,194,81,374849077
13293361,259,174,85,333246521
12066721,315,218,97,299260589
11794609,315,221,94,291768493
10299529,312,226,86,250946853
10550401,210,146,64,257755305
13566169,254,182,72,340852073
11556049,332,235,97,285215989
14058361,279,183,96,354611963
13040689,342,233,109,326218473
10801009,353,246,107,264574107
10077649,272,182,90,244940959
12558289,269,172,97,312838127
11044489,170,106,64,271213807
12805921,316,222,94,319700209
13785529,246,166,80,346977523
12316609,312,213,99,306157345
12067129,327,218,109,299272085
11298289,300,208,92,278152265
14285569,260,176,84,360982067
10300201,289,192,97,250964625
11794729,294,191,103,291772183
11556169,330,223,107,285219829
14554129,368,258,110,368523781
13567201,284,208,76,340880813
10078489,261,167,94,244963365
13294681,200,136,64,333283571
10550929,222,146,76,257769561
14779249,288,191,97,374857639
12558361,231,160,71,312839935
10300369,257,176,81,250969845
12317209,235,168,67,306172651
10801249,270,181,89,264580845
12067441,201,133,68,299280581
11795809,236,160,76,291803245
13041001,231,159,72,326227095
14058601,320,228,92,354618887
11556409,340,239,101,285226529
11044609,182,120,62,271217143
10078681,371,251,120,244968393
11298841,255,189,66,278168075
12806161,218,144,74,319706755
13567369,276,197,79,340885127
13785601,311,211,100,346979035
10301041,189,148,41,250987923
12558961,337,226,111,312857089
14287681,265,177,88,361042091
10551241,273,196,77,257778387
12068809,213,143,70,299318453
12317281,262,171,91,306174703
11796121,227,144,83,291811717
10079449,292,195,97,244989171
11556841,314,216,98,285238931
14555521,281,199,82,368562943
13294849,226,150,76,333287975
10801561,177,122,55,264589491
10301089,322,226,96,250989195
11045161,277,188,89,271232503
13568041,395,248,147,340903631
14779489,300,209,91,374864191
13041121,288,207,81,326230167
10080289,247,154,93,245012563
12559009,291,198,93,312858403
11298961,285,193,92,278171189
12069961,306,218,88,299349881
12319129,259,173,86,306224939
11797249,315,217,98,291842275
14058769,263,184,79,354624011
11557081,293,206,87,285244811
12806641,179,122,57,319720429
10551529,303,219,84,257785953
10305241,288,193,95,251102147
13785769,401,267,134,346983967
10802401,244,161,83,264611351
10080529,336,225,111,245018455
14287729,248,169,79,361043141
13568209,331,227,104,340908995
12070081,206,138,68,299353277
12559369,262,189,73,312868219
11797801,254,169,85,291856975
12319609,181,120,61,306239201
13295641,282,185,97,333309749
11558401,235,155,80,285281105
14555809,209,136,73,368570651
11045521,245,161,84,271242241
10305481,251,176,75,251108639
11301049,347,237,110,278228281
13041361,329,237,92,326236767
10081681,261,178,83,245049883
10551769,311,207,104,257792667
14780929,310,233,77,374906149
12807169,274,172,102,319734243
14059081,272,184,88,354632705
12070801,231,159,72,299372465
11797921,237,170,67,291860437
12559849,322,227,95,312881995
13569481,284,190,94,340944353
12319729,236,164,72,306242291
11559241,256,175,81,285304887
10802521,315,212,103,264615239
10306081,262,184,78,251124637
10081801,228,168,60,245052619
13786441,276,201,75,347003287
11046001,255,180,75,271256113
14287849,240,167,73,361046003
13296649,343,245,98,333337793
11301361,238,144,94,278237071
11798929,274,187,87,291888235
12071329,308,217,91,299386937
10306249,315,213,102,251129539
10553041,270,180,90,257827811
11559529,306,226,80,285312249
12560209,267,183,84,312892369
12320401,221,141,80,306260599
14556049,296,207,89,368577185
13569649,297,210,87,340948703
10081849,290,187,103,245054119
13041841,273,187,86,326249901
10802929,240,167,73,264626117
12807601,217,159,58,319747023
14781001,248,173,75,374907727
14059249,242,158,84,354637259
10306801,308,209,99,251143831
11799769,221,155,66,291910195
11560369,257,183,74,285335235
12072001,331,241,90,299405525
10083049,292,183,109,245085479
11046121,295,189,106,271259161
12320449,245,157,88,306261847
12560521,263,185,78,312900499
13786921,287,188,99,347017177
13569889,272,191,81,340955501
10553281,338,232,106,257833793
11301721,294,190,104,278246041
13297369,307,207,100,333358727
14288929,321,229,92,361075399
10307641,291,198,93,251167097
10084369,232,163,69,245122085
11560441,283,191,92,285337059
11800441,325,224,101,291929363
10803601,231,165,66,264644357
12072169,290,203,87,299411837
13042129,210,131,79,326257623
14556361,248,170,78,368587325
12321121,240,171,69,306280613
12560641,225,150,75,312903421
12808009,330,210,120,319758303
13570561,228,153,75,340974143
11046289,281,204,77,271263523
10307761,231,156,75,251170445
14782609,265,175,90,374952077
14059369,317,202,115,354640127
10084561,243,153,90,245127455
10553449,211,138,73,257838845
11303209,226,155,71,278287519
11560609,321,215,106,285342255
11800489,291,195,96,291930521
12072649,302,213,89,299424077
13787041,259,177,82,347020243
12321241,195,132,63,306283625
12560809,226,164,62,312908761
10804081,247,172,75,264657509
13298041,214,153,61,333376835
10307809,269,189,80,251172023
10085161,243,167,76,245143613
14289241,280,195,85,361084471
13570729,308,198,110,340979081
13042681,250,179,71,326272791
11560921,254,177,77,285350583
11801329,247,176,71,291953591
11047369,220,160,60,271292833
12073441,275,186,89,299445407
14556481,233,164,69,368590625
12808321,254,185,69,319766313
10554889,298,216,82,257877191
12321289,280,192,88,306285293
10308169,198,135,63,251181953
12561481,283,201,82,312926953
11303329,214,144,70,278291077
10085329,330,232,98,245148407
14060881,310,228,82,354682713
14782681,219,150,69,374954183
10804249,228,151,77,264662303
13571329,246,175,71,340996265
11561089,154,102,52,285355227
11802361,192,126,66,291981635
13787929,258,166,92,347044765
12073609,305,217,88,299450063
10308769,256,161,95,251197337
13298401,204,148,56,333386603
10086001,221,153,68,245166635
12321409,188,104,84,306288389
12561529,318,212,106,312928363
11047849,329,222,107,271305721
10555561,209,137,72,257895365
14290201,219,146,73,361111753
13043689,369,260,109,326301459
12809281,174,128,46,319793613
11561449,245,153,92,285364059
11303401,269,189,80,278292799
11803369,400,261,139,292010117
13571401,344,240,104,340998077
10309009,326,223,103,251204069
14556649,240,152,88,368594885
10086841,337,246,91,245189543
12073681,243,151,92,299452109
10805089,216,135,81,264684593
12321649,376,267,109,306294797
12561889,251,183,68,312938059
14061721,216,155,61,354705969
14782849,276,188,88,374958893
11562049,272,193,79,285381633
10310329,176,132,44,251240579
10555609,259,179,80,257896457
13788289,379,272,107,347054575
10086889,287,188,99,245190623
11048041,237,159,78,271310659
11803849,290,195,95,292023563
13298881,251,187,64,333400421
12075001,274,193,81,299488641
13572721,299,213,86,341034349
13045321,268,177,91,326346671
11303569,314,225,89,278297017
12322081,376,262,114,306306407
14290249,311,213,98,361112767
12810121,185,117,68,319816515
12562369,263,173,90,312950689
10805209,227,153,74,264687953
10311841,203,140,63,251281085
10087009,171,129,42,245194173
11562121,209,132,77,285383829
11803969,250,159,91,292026593
14558881,322,232,90,368657197
12075169,347,248,99,299492757
10555729,373,240,133,257899313
13573081,282,191,91,341043769
11048209,327,221,106,271315327
14061769,224,158,66,354707427
12322969,378,273,105,306330917
10312681,272,186,86,251303639
10087921,253,172,81,245218377
12563209,348,254,94,312974377
14784001,309,211,98,374991299
13788721,234,163,71,347068003
11562769,193,121,72,285401127
13299409,349,249,100,333415799
11304001,281,197,84,278309095
11804209,298,199,99,292033817
13045489,394,268,126,326351255
10806721,299,196,103,264729569
12075289,278,194,84,299495661
12810169,274,178,96,319817919
14290369,275,188,87,361116073
10088569,332,239,93,245235789
10313521,234,153,81,251326415
13573249,329,229,100,341048479
12323161,355,252,103,306336101
10555969,341,246,95,257905373
12564001,261,172,89,312996133
11562961,307,210,97,285405507
11048689,257,171,86,271328707
11804641,303,223,80,292045659
14560009,303,211,92,368689885
12075841,212,152,60,299511855
10088761,274,191,83,245240739
10314361,273,199,74,251349353
14061889,322,229,93,354710379
11304049,245,162,83,278310529
10806769,257,179,78,264730889
12323809,210,135,75,306354731
13300921,307,208,99,333457217
13788961,249,162,87,347073961
14784361,292,207,85,375001457
11563441,257,178,79,285420489
13573921,229,145,84,341067565
13045729,337,232,105,326358023
12564169,332,228,104,313001053
12810529,320,202,118,319827183
11805481,206,138,68,292068693
10556281,250,173,77,257915351
11049481,262,173,89,271350381
10089529,275,185,90,245262019
10315369,276,196,80,251376729
12075961,334,242,92,299514471
14291041,240,171,69,361135189
12324769,318,206,112,306381171
11563561,216,151,65,285423621
11304169,335,235,100,278313877
10807129,221,150,71,264740549
12565009,387,270,117,313024441
11805529,303,206,97,292069761
14560561,338,230,108,368705053
11049529,281,191,90,271351947
10090369,275,196,79,245284855
10315729,376,273,103,251385825
14063449,247,169,78,354754439
12076201,254,184,70,299522289
10556401,245,165,80,257918201
13301689,341,237,104,333477935
13789441,288,195,93,347086957
13046041,233,168,65,326367249
12810961,258,179,79,319839387
13574689,366,268,98,341090161
12324841,241,163,78,306383541
11563729,242,175,67,285427815
14784841,241,166,75,375015077
10090441,206,138,68,245286469
11050201,349,241,108,271370505
11805889,306,199,107,292079403
10316881,258,178,80,251417103
12565249,256,174,82,313031539
14291089,366,253,113,361136509
12076849,287,196,91,299539047
10807609,292,207,85,264753479
11304409,225,163,62,278320813
10090609,236,168,68,245291095
12325441,307,219,88,306399879
11563801,396,283,113,285429657
10556569,240,166,74,257922809
10317169,266,179,87,251425019
11050489,252,169,83,271377801
11807041,190,134,56,292111123
14560729,347,234,113,368710441
14063809,340,229,111,354764903
13302241,326,198,128,333493973
10807729,150,108,42,264757481
13046161,277,203,74,326370339
12076969,299,195,104,299542509
12811009,345,239,106,319840695
13789609,307,210,97,347091577
13575361,313,225,88,341108575
10093129,373,261,112,245358895
12565561,373,248,125,313039861
10317841,214,155,59,251443637
11563969,252,162,90,285433773
12325681,206,140,66,306406839
14786641,250,174,76,375065763
11050729,282,185,97,271384149
11304841,269,181,88,278332069
11808169,365,263,102,292142005
10808569,307,226,81,264779957
10557409,223,160,63,257945375
14291209,250,180,70,361139815
12077209,147,98,49,299550099
10093441,265,178,87,245367745
10318249,398,263,135,251453897
11566129,272,191,81,285493707
11051329,271,186,85,271400871
12326329,258,178,80,306425193
14560921,207,135,72,368715433
11809009,253,170,83,292165051
13302529,270,188,82,333502465
10809961,283,175,108,264817991
13046881,289,191,98,326389819
14064409,342,235,107,354782159
12811369,362,245,117,319851879
10093561,248,159,89,245371111
13790449,314,222,92,347115727
13575409,229,148,81,341109703
12565921,219,151,68,313050187
12077809,315,218,97,299566107
11305681,235,146,89,278356189
10318681,269,194,75,251465981
10557649,270,200,70,257952551
11051881,278,198,80,271416315
11566249,332,220,112,285496773
14786689,226,170,56,375066771
12326521,183,124,59,306429879
10810321,226,151,75,264827249
11809081,336,226,110,292167223
10094281,287,193,94,245389837
14291881,332,243,89,361158493
10319521,271,181,90,251489291
12078049,250,162,88,299572827
11052169,350,261,89,271424253
11567641,274,178,96,285535065
13048081,336,233,103,326423191
13303369,247,169,78,333525829
12812689,286,195,91,319887947
10810489,295,203,92,264831551
10094449,255,174,81,245394445
11306089,241,172,69,278367079
12327529,225,146,79,306456993
10558489,342,257,85,257974685
14561089,238,155,83,368720071
14064481,265,190,75,354784253
11809249,246,181,65,292171393
12566089,319,211,108,313054393
13791241,323,224,99,347137249
13575769,237,161,76,341120155
10319761,183,115,68,251495573
12079201,283,206,77,299605215
11052241,366,249,117,271426173
11568001,220,162,58,285544581
10095409,213,133,80,245420617
10811089,234,167,67,264848581
14786881,276,194,82,375072363
12327841,209,133,76,306465897
11809561,161,117,44,292181209
10320361,232,154,78,251512331
14291929,356,256,100,361159777
10559929,312,198,114,258013949
11306521,289,194,95,278378827
12079321,316,219,97,299608221
11052409,207,141,66,271430607
12813649,264,178,86,319914151
13048249,333,216,117,326427889
10095649,284,194,90,245427643
11568481,237,160,77,285557975
13304041,235,169,66,333543925
10811161,241,159,82,264850579
12566761,207,141,66,313073053
14064961,262,193,69,354797195
10320601,192,134,58,251518853
14561689,285,185,100,368737177
11810401,190,119,71,292204189
13576249,238,184,54,341132893
13791409,311,213,98,347141119
12328681,269,169,100,306489327
11052721,207,145,62,271439535
10095961,298,201,97,245436169
12079369,251,179,72,299609331
10811761,214,134,80,264866737
11569489,247,169,78,285584999
10560169,237,157,80,258020891
10320769,269,171,98,251522963
14787481,290,199,91,375089149
11306569,278,177,101,278380285
11811361,211,137,74,292229839
14293129,262,170,92,361193749
12329209,294,197,97,306504057
10096081,274,189,85,245439169
12814561,278,206,72,319940113
13048561,261,164,97,326437387
11052841,276,197,79,271442871
12567409,316,221,95,313090705
13305601,218,148,70,333587863
10812481,287,189,98,264886219
12080161,308,219,89,299630949
11569609,257,175,82,285588179
10321249,263,192,71,251536121
14065321,284,195,89,354807333
13576369,265,174,91,341135749
13791649,165,108,57,347148607
14562241,251,159,92,368752837
11811601,289,183,106,292236589
10096921,230,155,75,245461723
10560481,222,138,84,258028943
12329521,266,173,93,306512643
11053249,254,170,84,271453599
11308369,309,237,72,278429395
10813681,277,196,81,264919381
10322041,203,137,66,251556899
11570521,296,208,88,285614513
12081001,253,186,67,299654439
14787649,315,220,95,375094489
10096969,291,208,83,245462827
14293441,308,211,97,361202737
12815041,245,175,70,319952707
11812249,309,223,86,292254397
13048681,295,190,105,326440255
12568081,308,203,105,313108825
12331369,364,272,92,306563269
11053561,258,169,89,271462257
13305961,373,265,108,333597629
10814281,243,167,76,264936037
10323721,268,182,86,251602841
10560601,272,184,88,258032459
11571289,289,194,95,285634745
12081241,318,206,112,299660445
14065969,319,213,106,354825123
13576441,354,248,106,341138425
13791961,249,161,88,347157999
10097089,300,211,89,245466571
11309929,237,162,75,278471991
14562601,288,186,102,368762845
11813209,219,162,57,292280851
11054401,206,150,56,271485625
12333001,345,240,105,306608551
10814449,336,228,108,264940393
10323889,271,176,95,251607089
11572129,291,204,87,285657977
12081841,285,194,91,299676847
10098169,209,121,88,245495817
12816169,264,194,70,319984471
13049929,240,167,73,326474155
12568249,281,190,91,313113643
14788561,325,237,88,375120349
10560769,398,267,131,258036623
14293561,294,211,83,361206151
11813281,239,154,85,292282903
11054689,382,257,125,271492777
13306129,288,186,102,333602009
10324129,289,206,83,251613777
10814521,213,142,71,264942247
12334081,285,207,78,306637867
11311129,230,173,57,278504043
10099009,301,212,89,245517843
11572369,285,186,99,285664583
14066161,269,182,87,354830973
13576609,327,225,102,341142823
12081889,289,188,101,299678047
13793641,279,178,101,347204223
14565121,312,215,97,368833429
11054761,279,207,72,271494889
10324969,240,161,79,251636979
11814769,260,186,74,292324783
10815529,273,182,91,264968935
10561609,203,140,63,258060139
10099321,299,189,110,245526099
12334561,257,179,78,306651353
11572849,326,223,103,285677927
12816409,242,162,80,319991235
12569041,218,147,71,313136437
13050241,236,162,74,326483395
12082921,279,208,71,299707107
14789569,358,253,105,375148411
13307449,247,173,74,333638933
10325281,230,146,84,251645379
14294809,240,153,87,361241233
11055529,190,148,42,271515685
11311801,225,163,62,278522973
10816129,214,133,81,264986129
11814889,232,163,69,292327561
10099681,212,140,72,245536221
12336361,273,192,81,306701903
13577041,231,150,81,341154091
11572969,245,171,74,285681563
14066329,238,163,75,354835555
13793761,394,293,101,347207307
10561849,215,147,68,258066313
12083689,239,177,62,299727991
10325401,244,162,82,251648295
11056249,270,199,71,271534777
10816849,191,126,65,265005701
14565289,345,240,105,368837917
10100161,266,167,99,245549567
11815129,264,187,77,292333549
12569281,280,196,84,313142935
12816841,274,184,90,320002881
13050769,321,213,108,326498239
11312281,321,229,92,278536077
12336409,296,203,93,306703607
11574481,253,177,76,285722669
10326409,329,218,111,251675757
13307641,252,174,78,333644933
12084409,326,228,98,299748181
11057041,283,195,88,271557085
10817041,212,145,67,265010429
14295409,380,262,118,361258993
14790001,249,171,78,375160141
10100449,296,215,81,245557497
10562281,283,196,87,258077605
13577209,313,218,95,341159041
11816281,218,146,72,292365283
12816889,285,196,89,320004387
14066641,288,201,87,354843985
13793929,398,269,129,347212169
12337201,286,203,83,306724877
10326961,241,166,75,251691123
10817689,247,174,73,265028261
10100689,311,210,101,245563077
11057209,195,129,66,271561711
12084529,257,164,93,299751205
14565769,302,207,95,368852425
12569761,220,152,68,313155943
11312641,283,198,85,278545527
13051201,267,187,80,326510047
11574649,233,168,65,285727061
11816449,341,236,105,292370203
10327129,364,270,94,251695491
12817081,325,229,96,320009775
10562521,233,157,76,258084503
13308121,337,215,122,333657517
10101361,239,163,76,245581497
12337249,234,169,65,306726053
10817881,292,197,95,265034219
11057281,204,142,62,271563871
14295481,316,221,95,361261009
12084769,303,206,97,299757943
14791729,281,193,88,375209691
13577281,233,154,79,341161837
11817121,303,196,107,292388251
10327249,194,123,71,251698491
13795681,220,131,89,347261591
14066809,244,162,82,354848947
10102009,244,172,72,245598495
11313409,310,209,101,278565807
12817921,261,189,72,320032413
10818361,212,155,57,265047155
11057929,214,155,59,271581181
12569929,275,202,73,313160413
12338041,190,141,49,306748427
11574721,244,175,69,285729245
10563121,286,192,94,258100781
12085609,244,160,84,299781331
14566561,224,140,84,368874115
13052089,293,198,95,326535247
10327321,186,117,69,251700123
11817241,340,263,77,292391473
13308241,252,162,90,333660547
10102201,324,211,113,245603901
10818481,329,216,113,265049951
11058601,296,197,99,271598893
12818401,284,195,89,320045979
12338449,295,191,104,306759231
14297641,292,225,67,361320859
13577449,335,226,109,341166025
12086449,309,210,99,299804449
14792689,306,211,95,375236149
11313649,263,164,99,278573085
10327489,283,189,94,251704647
10102849,229,138,91,245622009
11817961,266,173,93,292411657
13796161,210,153,57,347274659
11574889,305,217,88,285734021
10564201,323,211,112,258130613
14067601,222,155,67,354870475
12570289,280,175,105,313170365
10818529,259,175,84,265051637
11058961,231,171,60,271610221
13052761,270,193,77,326553757
12818569,228,154,74,320050863
12338881,214,149,65,306770877
14566609,306,212,94,368875597
10327969,203,147,56,251717631
12086761,301,196,105,299812561
10102969,255,175,80,245625327
13308289,208,147,61,333661843
11818801,284,206,78,292434757
10819201,311,209,102,265069733
11059441,244,161,83,271623089
11313961,274,186,88,278581431
10564681,322,213,109,258143009
13577881,267,182,85,341178073
14297809,311,209,102,361325083
11576401,192,132,60,285775255
10328161,333,226,107,251723055
12338929,265,183,82,306772059
12818929,278,189,89,320060325
10103521,201,138,63,245640591
14793769,348,246,102,375267265
12086929,394,261,133,299817457
12570721,191,149,42,313183013
13796281,239,170,69,347278253
14068321,305,212,93,354891721
11819089,328,237,91,292443109
10819321,283,199,84,265072523
11060809,319,219,100,271660313
13053049,221,152,69,326561431
10329769,260,177,83,251767269
10103641,234,164,70,245643525
14566801,370,266,104,368880157
12339289,291,198,93,306781731
13308409,324,233,91,333665575
12820201,312,218,94,320095803
11314081,270,191,79,278584887
12087769,268,169,99,299840449
10564849,184,127,57,258147857
10819489,285,200,85,265076837
11819161,219,148,71,292444885
11061241,253,172,81,271672121
11576569,275,204,71,285779671
13578049,277,193,84,341182951
10330009,289,195,94,251773453
10105489,166,106,60,245692929
14297929,227,167,60,361329097
12571969,291,196,95,313216517
12339601,239,164,75,306790809
14794249,311,227,84,375280399
13796329,271,175,96,347279513
12820369,201,136,65,320100765
12088441,259,170,89,299859913
10820401,269,187,82,265101989
14068849,305,211,94,354906313
13053289,360,238,122,326567743
11819809,231,163,68,292462677
11061289,301,205,96,271673543
10106401,357,248,109,245717241
10330321,146,109,37,251782477
10565521,276,178,98,258166625
11314249,309,223,86,278589231
13308481,325,222,103,333667117
14567401,312,227,85,368897839
11577001,338,231,107,285792013
12339889,271,192,79,306798735
10820569,245,167,78,265106985
12089281,296,195,101,299882377
12821449,222,133,89,320130693
11062969,278,177,101,271719033
11820169,250,169,81,292472757
10106881,261,185,76,245730459
10330609,220,144,76,251789587
12573289,190,128,62,313253771
13578601,220,144,76,341198119
14298601,310,218,92,361348117
10565641,188,125,63,258169607
13797169,271,178,93,347303579
10820881,238,170,68,265115817
13053961,283,188,95,326586541
14794609,377,265,112,375290413
14069161,430,310,120,354914593
12340969,372,245,127,306828439
11314801,213,137,76,278605491
10107001,200,136,64,245733909
12089641,251,174,77,299891731
11063089,278,176,102,271722579
10331521,293,206,87,251814211
12821761,259,163,96,320139639
11820481,255,182,73,292481127
11577169,307,205,102,285796573
13308649,375,249,126,333671881
14567569,262,173,89,368902873
10821001,235,157,78,265118559
10107169,368,277,91,245737873
10331689,280,195,85,251818411
11063929,323,227,96,271745289
12341281,317,217,100,306837229
12574321,255,192,63,313281731
12090241,270,190,80,299909131
11820769,266,182,84,292488957
13578769,214,146,68,341203117
10565689,245,168,77,258170735
12822289,368,258,110,320153927
11315641,273,184,89,278627703
14299321,258,165,93,361368085
13055401,282,188,94,326626651
13798969,284,198,86,347353349
10821049,282,190,92,265119723
10107841,281,194,87,245756755
10332529,251,175,76,251841667
14069281,328,239,89,354917815
11064601,218,153,65,271763375
14795089,320,222,98,375303817
11577889,209,156,53,285817485
12341569,225,166,59,306845005
12090409,307,218,89,299913829
11820841,305,204,101,292490595
13308961,251,161,90,333680875
12823441,295,198,97,320185001
10109521,233,177,56,245802463
10566529,236,169,67,258193481
10821409,247,158,89,265129533
10332841,275,189,86,251850289
14568241,310,207,103,368921101
12574801,330,229,101,313295285
11065009,277,206,71,271775141
11315809,259,174,85,278632089
13579609,236,164,72,341226307
12341809,330,243,87,306851437
12090649,336,231,105,299920261
11822329,243,158,85,292531407
13055569,288,196,92,326631499
10109929,300,207,93,245814001
12823609,280,198,82,320190257
14299849,275,177,98,361383943
11578081,373,249,124,285822123
10822561,230,142,88,265160337
10333801,224,150,74,251875959
13799209,348,246,102,347360249
14069449,319,232,87,354922543
11065441,291,202,89,271786439
14796721,311,201,110,375349831
10566649,326,225,101,258196571
13310641,174,121,53,333727633
12091081,219,149,70,299931763
12342409,234,173,61,306868843
11822449,292,216,76,292534581
10111081,295,204,91,245844355
10334041,245,169,76,251882361
12574921,252,178,74,313297883
10823569,230,150,80,265188117
11315929,270,192,78,278635449
12825961,294,206,88,320255879
14570089,251,168,83,368972769
11066281,326,219,107,271809749
13580401,246,167,79,341248453
11578849,302,203,99,285842877
10111369,283,188,95,245852569
13057081,330,210,120,326673363
12092161,296,201,95,299961523
11823169,283,198,85,292554465
12343081,249,168,81,306886551
10334209,233,172,61,251887401
10567201,233,160,73,258212783
10824409,329,231,98,265210939
14300329,335,219,116,361396009
13800049,288,193,95,347384285
12826081,260,182,78,320259227
11066329,254,152,102,271811243
14069689,336,228,108,354928951
13311169,273,185,88,333742087
10111609,236,156,80,245859409
14797609,340,219,121,375374805
11317441,325,215,110,278677071
12575809,226,148,78,313323341
10334881,298,211,87,251905227
11823841,219,149,70,292573803
12092809,296,223,73,299979847
12343129,278,189,89,306888237
10824769,300,200,100,265221649
11579521,273,193,80,285860619
11068009,338,235,103,271856057
14570161,220,152,68,368974725
13580641,284,196,88,341255281
12826321,298,210,88,320265593
10112041,255,169,86,245870599
10567369,293,192,101,258217283
13057129,323,231,92,326674875
10335361,198,137,61,251918151
11824849,255,181,74,292601037
10825081,226,146,80,265229701
12093769,257,181,76,300006171
12344089,249,171,78,306914739
13801561,310,220,90,347425715
14300449,282,183,99,361399399
11317849,386,255,131,278687967
11068201,169,115,54,271862135
14072041,218,139,79,354995425
10112209,330,224,106,245875423
13312681,325,232,93,333784531
12576001,256,146,110,313328309
12826921,301,207,94,320282165
10335529,288,181,107,251922507
14797969,316,209,107,375384399
11579929,304,215,89,285872181
10826209,174,104,70,265260157
10567561,286,199,87,258222203
11825041,300,216,84,292605897
12094009,342,224,118,300012381
12344161,287,194,93,306916419
10112449,197,136,61,245882177
11068969,313,214,99,271882613
13581121,209,136,73,341269051
14570761,305,218,87,368991807
13057249,321,227,94,326678055
10336201,313,223,90,251941653
12827161,276,198,78,320289911
11319169,241,148,93,278724051
10826281,251,164,87,265262485
11825641,225,141,84,292623009
13801729,288,210,78,347430197
10112761,249,192,57,245890337
12094321,253,182,71,300021021
14301289,376,261,115,361422555
11069041,195,141,54,271884755
13313161,180,124,56,333797999
12344641,264,178,86,306930441
14073361,221,160,61,355032445
12576649,284,198,86,313346429
10567729,289,195,94,258226151
10336321,192,145,47,251944107
11580529,225,151,74,285888999
10826449,301,194,107,265267027
14798401,277,200,77,375396561
12827329,247,183,64,320294663
10112881,230,143,87,245893403
11826361,268,186,82,292642711
11069881,185,118,67,271907537
12095329,222,154,68,300049275
13581289,297,205,92,341273509
13057321,309,222,87,326679963
10336369,275,199,76,251945457
12344809,248,143,105,306934695
11319361,176,117,59,278729303
14571481,290,190,100,369012759
10827049,274,197,77,265283185
10568329,263,185,78,258242711
10113049,243,166,77,245897447
13803169,221,146,75,347470509
12827761,239,166,73,320306291
11580601,371,277,94,285890565
12577321,251,179,72,313365611
13314121,398,259,139,333824387
11826481,318,220,98,292645267
11070361,265,179,86,271920293
14301961,324,229,95,361441797
10336489,193,136,57,251948673
12096001,244,157,87,300067173
14073649,305,209,96,355040461
12344929,237,158,79,306937773
10827721,228,150,78,265301435
10113121,303,208,95,245899583
14798569,272,196,76,375401913
11319961,247,155,92,278746581
13058761,274,185,89,326720259
12828001,276,184,92,320312549
11826649,290,204,86,292650409
11070649,268,200,68,271928315
10337209,247,158,89,251968335
13581481,286,200,86,341278417
10568401,320,210,110,258244511
12097201,219,153,66,300100295
12345001,240,156,84,306939369
14572321,257,178,79,369035235
10830289,300,209,91,265371135
10113289,309,210,99,245904209
11581081,233,163,70,285903729
12577489,268,191,77,313369565
13804729,231,162,69,347514177
13314361,342,238,104,333830603
10338001,295,201,94,251990115
11071321,214,151,63,271946693
11826889,449,312,137,292657033
14303041,239,170,69,361472709
12828481,219,144,75,320326241
14074729,292,197,95,355070881
12097369,332,241,91,300104777
11320129,297,206,91,278750571
10113769,327,217,110,245916737
10830409,320,218,102,265374129
12345169,307,220,87,306945231
10568881,263,179,84,258257513
10338049,248,159,89,251991459
13059169,340,233,107,326731869
14798809,270,174,96,375408723
13582801,238,152,86,341315945
11072209,224,151,73,271971233
11827369,339,226,113,292669903
11581249,227,143,84,285907965
12828601,327,228,99,320328893
10114129,228,156,72,245926649
12097849,222,158,64,300118541
10831081,238,162,76,265393017
12578161,302,216,86,313388831
14572489,346,230,116,369039993
12345769,261,188,73,306962679
13315849,341,228,113,333872333
10338169,272,189,83,251994543
13805089,182,120,62,347524809
11073241,279,190,89,271999557
11320369,263,176,87,278756775
10569241,205,136,69,258267113
14075041,306,207,99,355079329
11827489,372,285,87,292672633
10114561,257,181,76,245938115
14303689,192,144,48,361491329
10831489,294,193,101,265404213
12828649,256,167,89,320330507
12098641,258,177,81,300140501
10338241,272,186,86,251996475
13059769,291,190,101,326747631
12346681,238,161,77,306986963
11581441,273,169,104,285912993
13583641,293,199,94,341338865
11073889,270,178,92,272016429
14799241,367,267,100,375420255
10116409,264,187,77,245988531
11827561,191,119,72,292675021
12579289,321,211,110,313419551
10831969,238,164,74,265417605
10569721,368,269,99,258280733
11320681,238,159,79,278765427
12098809,310,233,77,300145289
10338409,281,198,83,252000909
12828769,309,209,100,320333267
14572609,246,166,80,369043131
13315969,293,199,94,333875819
13805401,260,175,85,347533509
12347161,221,156,65,307000187
11074009,253,176,77,272019393
10117321,272,173,99,246012675
14075161,253,184,69,355082737
14304049,276,186,90,361500755
10832089,268,180,88,265420449
11827729,220,161,59,292679731
11582209,274,183,91,285934563
10338721,288,194,94,252009051
13060009,275,193,82,326754771
12099049,265,179,86,300151763
12828841,253,182,71,320335673
13583761,229,143,86,341342639
10117801,203,139,64,246026889
11074081,309,198,111,272021235
12347281,321,233,88,307003205
10570009,255,172,83,258287933
12579841,238,157,81,313434779
11321521,259,175,84,278788923
14800321,303,203,100,375450717
10832161,340,213,127,265422477
11828041,228,145,83,292688581
10339729,263,178,85,252037215
13316209,257,183,74,333882467
14573281,383,259,124,369062211
12099721,315,203,112,300169213
13805521,236,151,85,347537013
10118929,336,239,97,246056781
12829489,400,266,134,320353811
11074561,220,151,69,272036067
12348289,312,226,86,307031507
11582929,260,188,72,285954309
14075329,279,191,88,355087387
10833769,231,173,58,265466397
14304481,285,183,102,361512581
10340089,257,177,80,252046911
11828881,253,165,88,292711861
13060681,295,199,96,326773305
10570081,273,186,87,258289967
10119601,348,254,94,246074829
11322529,270,177,93,278816019
13584481,190,129,61,341362349
12100201,234,160,74,300184245
12580681,212,148,64,313457679
11075521,252,165,87,272061759
12830161,288,193,95,320372339
12348529,311,215,96,307037681
10834489,338,215,123,265486395
10340689,335,244,91,252062949
14800921,296,195,101,375467943
13316521,237,155,82,333891179
11829049,274,188,86,292716721
10119649,217,153,64,246076143
11583601,344,245,99,285973143
13806241,268,184,84,347557119
14574529,308,215,93,369098037
12100729,361,243,118,300197847
10570249,344,232,112,258294113
11076361,339,238,101,272084335
10834849,218,138,80,265496247
10341361,305,207,98,252081807
14075401,324,224,100,355089523
12830449,301,201,100,320380031
13062169,258,183,75,326815277
12348961,189,131,58,307049753
11323321,237,165,72,278837781
14304721,258,171,87,361519241
10119841,219,133,86,246081261
11830081,223,149,74,292744097
12581689,350,229,121,313485531
13585009,247,172,75,341376407
11076529,250,169,81,272089453
12101329,211,145,66,300214899
10342081,217,144,73,252100953
10835329,272,186,86,265509297
11583769,312,210,102,285977841
13317049,326,226,100,333906065
10120441,258,178,80,246098109
12830689,265,190,75,320387123
10570849,224,169,55,258310475
12349681,273,184,89,307069919
14801329,192,129,63,375479919
11830729,221,150,71,292762595
13806361,261,189,72,347560009
11323561,316,199,117,278843781
11077201,283,188,95,272107453
14575009,209,149,60,369111303
10342369,263,190,73,252108959
10835449,244,165,79,265512501
12102001,319,216,103,300232167
13062289,280,193,87,326818211
14075569,255,172,83,355094023
10120489,246,173,73,246099357
14304889,206,138,68,361523969
12582049,318,222,96,313495647
12349801,291,199,92,307073069
12831001,268,177,91,320395607
11830921,250,184,66,292768229
13585321,226,151,75,341385437
10570921,223,150,73,258312197
11077249,243,167,76,272108911
10342921,228,150,78,252123751
11584609,239,167,72,286000371
10837129,256,178,78,265557471
12102241,359,250,109,300239853
10121161,289,208,81,246117273
13317361,277,195,82,333914339
11323729,275,205,70,278849637
14801641,327,226,101,375488217
12350641,277,199,78,307095553
12831361,250,169,81,320405279
11831089,291,207,84,292771997
13806409,302,214,88,347561413
10343761,240,163,77,252146581
11077441,324,226,98,272114317
13062529,333,232,101,326824523
10838041,244,170,74,265582055
14575129,308,229,79,369114621
10121329,258,182,76,246121641
12102841,318,209,109,300256005
12582649,288,195,93,313512687
14076001,206,138,68,355106149
10571521,277,200,77,258328931
14305201,179,119,60,361533047
11585281,372,236,136,286019079
13585441,299,197,102,341388671
12351049,269,175,94,307107181
10344289,380,264,116,252160267
11831569,317,219,98,292785803
12831529,327,240,87,320409971
11077921,287,195,92,272127547
10838689,201,138,63,265600403
10121521,211,144,67,246126411
11324041,163,95,68,278858787
13317649,259,174,85,333922973
12103009,282,196,86,300260757
14802001,248,160,88,375498171
10344601,223,155,68,252169015
10571929,254,192,62,258339737
13806769,297,202,95,347571001
12351481,382,268,114,307118791
13063129,307,235,72,326841983
11078761,249,169,80,272150479
11831761,263,197,66,292790621
10122289,193,134,59,246147663
10839889,279,190,89,265632799
12831961,249,161,88,320422601
12582721,324,229,95,313514307
14575369,349,242,107,369120825
11585401,244,177,67,286022871
14076409,317,213,104,355116937
12103249,374,258,116,300267457
13585489,262,181,81,341389781
14306569,261,183,78,361571459
10345609,270,187,83,252195907
11325049,342,240,102,278885307
13317721,246,165,81,333924653
10122529,332,231,101,246154551
11078929,179,128,51,272155327
12352729,223,148,75,307153489
10840201,185,121,64,265641775
11832241,227,153,74,292804379
10572361,363,256,107,258351983
12832801,288,208,80,320444727
12103561,253,195,58,300275905
10346641,368,270,98,252224617
10123369,287,195,92,246177369
11325241,200,140,60,278890473
13063969,274,187,87,326865059
13807081,264,179,85,347580181
14802169,389,268,121,375502701
11080129,281,198,83,272187535
12583561,253,182,71,313537797
11585569,286,194,92,286027113
10840321,289,194,95,265644937
12353161,278,190,88,307165357
14575801,301,213,88,369133599
14076889,312,212,100,355130945
10347121,257,160,97,252238093
12832849,258,162,96,320446239
13585609,256,186,70,341393729
10123849,265,181,84,246189793
12103849,323,215,108,300283501
13318321,265,171,94,333941597
14306881,232,162,70,361579763
11325409,291,202,89,278894877
10572409,242,167,75,258353489
11080561,359,252,107,272199349
11832361,257,174,83,292807235
10840369,237,158,79,265646161
12353329,233,146,87,307170715
10347409,333,228,105,252244783
10123969,225,159,66,246193357
11586241,265,188,77,286045407
13064641,293,200,93,326884243
12584401,338,225,113,313561227
12834649,224,149,75,320496867
11325841,233,158,75,278906727
12104569,233,152,81,300303847
13807249,203,131,72,347584639
11080969,210,149,61,272210101
10840561,292,188,104,265651753
14802649,254,176,78,375517041
10572769,221,142,79,258363245
12353569,247,162,85,307177267
10349329,208,137,71,252297463
14575849,316,210,106,369134901
10124641,223,154,69,246211275
14077009,389,276,113,355134107
13586161,251,179,72,341408819
13318369,161,126,35,333942881
11832529,307,189,118,292811747
11325889,205,145,60,278908089
14307169,334,225,109,361588655
11081281,228,153,75,272219563
12105361,205,146,59,300325321
12834889,282,186,96,320503383
10841329,303,215,88,265672969
11586649,337,223,114,286056309
10124689,223,140,83,246212319
10349641,203,142,61,252305725
12584569,316,215,101,313565829
12353881,204,141,63,307185733
13065049,430,291,139,326894953
10573369,191,120,71,258379169
11326009,280,203,77,278911275
11081449,265,187,78,272224025
13808209,323,228,95,347611465
10841401,218,140,78,265675069
12105529,285,205,80,300329941
12835201,233,162,71,320511741
14802769,255,176,79,375520023
10125649,197,130,67,246238349
10350601,244,179,65,252331409
11833249,295,203,92,292831089
14077561,278,185,93,355149913
14576041,298,207,91,369140277
13586449,317,221,96,341416415
13319881,211,156,55,333985475
12354049,302,201,101,307189951
11326561,232,167,65,278926881
11587249,235,163,72,286072751
11081641,299,197,102,272228957
14307889,301,207,94,361608299
10841569,300,208,92,265679629
12105601,292,198,94,300331897
10125721,254,179,75,246240503
10351321,310,203,107,252350765
12835729,328,215,113,320526639
10573441,266,175,91,258380945
12584881,223,157,66,313574985
13065361,212,152,60,326903821
12354721,241,166,75,307209193
11326681,244,172,72,278930337
11082121,312,216,96,272242163
13808281,350,242,108,347613463
10842001,187,133,54,265691419
10126201,255,171,84,246253349
10351441,249,164,85,252354215
11833369,222,138,84,292834683
12106201,241,152,89,300348493
14803609,312,224,88,375544101
12836401,233,155,78,320545377
13587001,243,183,60,341431951
11588089,330,238,92,286095447
14077681,311,212,99,355152973
13320001,316,217,99,333988571
14577481,250,173,77,369179877
10574041,178,116,62,258397499
11082289,274,195,79,272246165
12355729,243,170,73,307236175
11327929,321,210,111,278964241
10842049,267,191,76,265692595
10126321,303,214,89,246256505
14308249,406,294,112,361618577
10351681,308,211,97,252361013
12585169,188,132,56,313583433
12106921,258,178,80,300370393
13065649,297,207,90,326912017
12837001,316,211,105,320561853
11833609,281,197,84,292841435
10126561,169,105,64,246262853
11082961,284,201,83,272264743
10842241,264,198,66,265697479
13808449,281,193,88,347618515
11328529,212,146,66,278980555
10352161,259,187,72,252374219
12356089,183,134,49,307246759
11588809,291,220,71,286115343
10574209,194,135,59,258402431
12107041,255,172,83,300372739
13587121,279,183,96,341435485
13320169,321,230,91,333992447
14804689,230,162,68,375573087
14077729,293,194,99,355154443
10126729,330,218,112,246267749
12837241,320,222,98,320569317
14578321,317,223,94,369204237
11083801,221,166,55,272287789
10842721,276,200,76,265710565
10352521,317,218,99,252383495
11329369,292,208,84,279003071
12585241,222,152,70,313585197
14308561,260,184,76,361627757
12356401,292,196,96,307254997
13066321,251,166,85,326930335
12107089,244,166,78,300373765
11834881,275,175,100,292876649
10127329,247,177,70,246284069
10575121,325,233,92,258427355
10352689,293,197,96,252387953
11589001,288,195,93,286120455
11084089,252,164,88,272295679
10843681,252,168,84,265736689
12838249,251,183,68,320596575
13808761,278,191,87,347627597
11329441,291,207,84,279005057
12356761,303,195,108,307265131
13320409,233,159,74,333999233
13587961,270,174,96,341459887
10128409,279,193,86,246313415
12107881,249,155,94,300395347
14077849,276,193,83,355157815
14805121,233,159,74,375587181
10353001,378,256,122,252396863
12585409,293,206,87,313589661
10844401,299,195,104,265755913
11084929,311,215,96,272318737
14578489,281,206,75,369209085
11330089,229,160,69,279023381
12838921,358,256,102,320614179
13067569,278,180,98,326964721
11835049,327,229,98,292881227
14308681,206,144,62,361630769
10575601,213,148,65,258439981
12357409,204,132,72,307283041
10128721,235,155,80,246321551
11589841,265,185,80,286144641
10353121,137,85,52,252399965
12107929,311,201,110,300396385
10845529,326,212,114,265786603
11085001,249,158,91,272320717
13810441,293,206,87,347673803
11330929,201,124,77,279046223
12839089,327,222,105,320619285
10128841,264,185,79,246324605
13324609,199,142,57,334116477
13588369,359,249,110,341471149
12358441,279,190,89,307311367
12585889,246,164,82,313602177
10353529,223,145,78,252411533
14079409,262,177,85,355201699
10576129,222,149,73,258454489
12108769,288,187,101,300419689
10846081,208,144,64,265802101
14805289,302,193,109,375592329
11085769,351,240,111,272341867
11835121,277,190,87,292883195
11331121,291,197,94,279051461
14579329,418,316,102,369231609
13068169,302,209,93,326980907
11590489,198,139,59,286162425
10129081,320,222,98,246331739
14309089,324,215,109,361642379
12839401,236,138,98,320628537
10354009,313,215,98,252423425
12358921,232,149,83,307325239
10846441,209,138,71,265812091
11086609,285,179,106,272364757
12108961,366,251,115,300424903
13810561,357,240,117,347677463
11331289,298,207,91,279056099
10129849,235,151,84,246351629
10576609,315,229,86,258467017
13325089,285,209,76,334130649
13588681,286,189,97,341479471
12587401,336,217,119,313644171
10354801,260,178,82,252445535
11835289,252,186,66,292888439
12839689,289,203,86,320636313
14080201,261,168,93,355224061
12359761,378,258,120,307348063
10846921,282,195,87,265825507
11592121,262,182,80,286206831
11086681,303,214,89,272367019
13068721,277,184,93,326996147
14805841,340,243,97,375606879
12109969,200,136,64,300452845
10130089,323,225,98,246358367
11331769,305,204,101,279069803
14579569,237,163,74,369239397
14309689,237,160,77,361658599
10355641,244,181,63,252468247
10577569,294,198,96,258493009
10848049,233,153,80,265855861
12840241,348,245,103,320652507
12359929,274,182,92,307352677
11086849,251,167,84,272371375
13588801,299,210,89,341482249
13812289,272,188,84,347725505
10131361,285,207,78,246392265
11332561,290,188,102,279090971
12110401,224,149,75,300464579
11592289,224,152,72,286211397
13325449,259,189,70,334140075
12587521,242,153,89,313647027
11835601,311,215,96,292896899
10355689,256,171,85,252469699
10848769,243,162,81,265875593
14081209,331,228,103,355252777
13069009,357,248,109,327004583
10131529,199,147,52,246396795
12360121,258,194,64,307357819
12840361,312,208,104,320655543
11332729,210,150,60,279095789
14806969,276,191,85,375638001
10578289,285,190,95,258513079
11592961,263,183,80,286229679
12112921,335,228,107,300532805
14580721,220,162,58,369272151
14312209,282,186,96,361729159
11088529,333,231,102,272417149
10356361,351,251,100,252487711
10848889,311,217,94,265878263
10131601,237,173,64,246398577
13589209,250,174,76,341493733
11835721,243,156,87,292900427
13812481,229,150,79,347731271
12360769,313,230,83,307376115
12587689,253,164,89,313651731
11333449,263,174,89,279115937
12840769,284,197,87,320666847
13325929,297,200,97,334152981
11593801,273,190,83,286252901
12114481,254,173,81,300577767
10356481,192,131,61,252491197
10848961,284,201,83,265880387
10578961,296,202,94,258531745
10132609,248,172,76,246426543
13069249,331,235,96,327010883
14083561,306,201,105,355318987
11088841,158,114,44,272425729
11334481,258,185,73,279143531
12360889,267,170,97,307379235
12841201,241,175,66,320678673
11593849,257,180,77,286253735
14807521,249,170,79,375654419
10356649,315,225,90,252495577
14581081,268,192,76,369282231
12114601,264,176,88,300581301
14312281,260,169,91,361731301
10849801,307,200,107,265903091
10132921,330,237,93,246435423
11836129,340,252,88,292911161
13589689,225,154,71,341507359
12587929,272,186,86,313658511
13813081,261,166,95,347747627
13326289,367,252,115,334162983
11334649,259,173,86,279147839
10579081,360,256,104,258534577
10356721,260,177,83,252497539
12361729,272,190,82,307402329
11594521,225,153,72,286273163
12841369,316,221,95,320683383
12114841,364,251,113,300587097
10134721,188,128,60,246485123
10850401,247,156,91,265919855
13070521,251,163,88,327046757
11089009,316,222,94,272430139
14083801,193,141,52,355325245
11335249,260,179,81,279165257
10357201,281,186,95,252511045
11836609,273,181,92,292924787
11594641,249,185,64,286275881
10134769,272,192,80,246486269
12362401,218,143,75,307420781
14807641,293,197,96,375657347
14581681,217,145,72,369298227
10850809,257,173,84,265930851
14313049,230,146,84,361753477
12115681,268,190,78,300609969
12841921,190,118,72,320698191
10579801,267,185,82,258554485
12588601,220,149,71,313677709
13589881,300,212,88,341513089
13326721,278,204,74,334176279
13813801,167,115,52,347769323
10357561,383,250,133,252519991
11335321,385,254,131,279167117
11089681,244,176,68,272449177
10135969,243,152,91,246517571
11595889,341,231,110,286310275
13071241,264,174,90,327067757
10851241,283,193,90,265942761
12362641,244,166,78,307426763
12116329,255,178,77,300627429
12842209,285,199,86,320706171
14083969,244,164,80,355329661
10358041,231,149,82,252534157
11836729,293,198,95,292927919
10579969,216,142,74,258558415
11335969,322,226,96,279184943
10136281,221,159,62,246526709
11596729,196,120,76,286332889
10851289,218,160,58,265943925
12590041,393,288,105,313717117
14581921,220,150,70,369305115
14810569,312,223,89,375739983
14313121,277,180,97,361755151
12363409,291,206,85,307447607
11090809,277,196,81,272478821
12116449,222,152,70,300631371
13590649,340,240,100,341534497
10358329,187,124,63,252541675
13327129,396,264,132,334186485
12843049,299,202,97,320730353
13815001,272,175,97,347801387
10136449,260,183,77,246530873
11336761,293,204,89,279206057
13071769,318,223,95,327081997
10851409,358,260,98,265947507
11597041,208,140,68,286341969
10580329,326,225,101,258568393
11836801,233,162,71,292929911
12364129,357,255,102,307468277
10359841,343,236,107,252582267
14084641,324,205,119,355348141
12116521,282,204,78,300633333
10137481,248,158,90,246559547
12843121,315,207,108,320731967
11337169,260,171,89,279216953
11090881,222,158,64,272480729
12590449,187,129,58,313729043
10852321,353,231,122,265971753
11597569,203,138,65,286356333
14582401,331,219,112,369318285
14313721,509,346,163,361771339
10360081,212,148,64,252588477
14811889,231,167,64,375777159
13591489,357,246,111,341557447
13327801,337,230,107,334205343
10138129,270,177,93,246576285
12364489,325,218,107,307478591
12117121,223,140,83,300649761
10580809,312,221,91,258581651
13815481,214,152,62,347814905
13072369,307,209,98,327098377
11337649,228,159,69,279230619
12844441,222,138,84,320768963
11836969,263,183,80,292934381
10852489,450,336,114,265976775
11598409,312,207,105,286378947
10360561,221,147,74,252602415
10138321,371,256,115,246581259
11091049,442,290,152,272485091
14085241,272,187,85,355365433
12364921,316,212,104,307490375
12117289,384,256,128,300654213
12590881,219,148,71,313740755
11338321,264,181,83,279249191
10852921,204,141,63,265988569
12844609,275,184,91,320773205
10581169,315,219,96,258591101
10360729,324,233,91,252606753
11598889,248,174,74,286391727
10138489,341,238,103,246586179
13327969,340,233,107,334209999
13591729,293,211,82,341565367
14313769,308,208,100,361772875
14582569,372,263,109,369322869
14812249,296,195,101,375787293
11837569,260,180,80,292950851
13815649,214,136,78,347819903
13072921,243,166,77,327113455
12367321,320,228,92,307556693
12117841,258,184,74,300669405
11338489,282,184,98,279253217
10853641,287,214,73,266008249
11091481,307,204,103,272497667
10360849,322,223,99,252610209
10138801,231,154,77,246595017
12845449,275,202,73,320796747
11599009,301,201,100,286395297
14085481,264,183,81,355372069
12591769,269,193,76,313764761
10582441,190,119,71,258625943
12118009,338,230,108,300674547
12367489,252,152,100,307561265
11340361,266,187,79,279304277
10853761,242,178,64,266012077
10361089,309,206,103,252616365
10139329,217,151,66,246608793
13328449,257,170,87,334224267
13592041,295,204,91,341574391
11599249,293,193,100,286402161
11837809,174,115,59,292957187
12845641,200,136,64,320801487
14314609,225,143,82,361796437
14583409,230,161,69,369346839
13074049,282,203,79,327145135
11091529,240,154,86,272498987
13816681,298,192,106,347848511
14813089,279,193,86,375810789
10853809,285,186,99,266013397
11340841,252,188,64,279318041
12118801,274,186,88,300696315
12367681,218,152,66,307567043
10139809,241,168,73,246621639
10361929,394,272,122,252638493
10582609,298,198,100,258630731
11599849,214,150,64,286418607
12592609,326,227,99,313788767
12845809,356,252,104,320805621
14085649,395,266,129,355376449
10854001,236,168,68,266018503
10139929,296,210,86,246625053
10362361,297,224,73,252650619
11340961,286,193,93,279320927
11838481,293,198,95,292976021
12118969,238,154,84,300700701
12368281,193,123,70,307583153
11091889,314,198,116,272508791
13328641,243,175,68,334229235
13593241,266,184,82,341607825
11600401,272,190,82,286433247
13074289,409,288,121,327151009
14314801,333,203,130,361802155
10583161,246,167,79,258645809
14583601,288,197,91,369352587
13817329,232,151,81,347867261
12846409,303,202,101,320822439
10140001,181,117,64,246627381
10854169,244,175,69,266022805
14813761,223,159,64,375829437
10362529,198,130,68,252654717
11341201,305,219,86,279328091
12120049,348,265,83,300730437
12368329,301,204,97,307584347
12593809,374,263,111,313820657
11601241,235,160,75,286456895
14087761,310,212,98,355435725
10140601,262,175,87,246642831
11838649,298,193,105,292980659
11092201,266,183,83,272518225
10362601,291,203,88,252656913
10854601,287,209,78,266034187
12846481,288,209,79,320824815
11341969,355,233,122,279348119
10583281,216,147,69,258648803
13329409,212,146,66,334250337
12120649,317,225,92,300747113
13594561,277,178,99,341643969
12368689,288,203,85,307594583
13074889,264,162,102,327167941
11602081,242,162,80,286479917
10141489,289,196,93,246667329
13817689,303,213,90,347876519
14315281,316,205,111,361815157
10363609,236,162,74,252683913
10854769,300,215,85,266039215
14583769,343,227,116,369357363
11342041,285,187,98,279350675
14814409,265,191,74,375848865
12594289,296,208,88,313834883
12846649,375,246,129,320829381
11093041,326,237,89,272540599
12121321,204,146,58,300766067
11839081,273,192,81,292992393
12369121,319,226,93,307606805
10141849,280,185,95,246676797
11602441,296,192,104,286489793
10364209,308,234,74,252700479
10583329,210,143,67,258649943
14087929,356,255,101,355440537
10855489,277,195,82,266058799
11342209,348,229,119,279355229
13330489,305,200,105,334280343
13595929,285,168,117,341681997
13075441,285,197,88,327183151
12847921,220,154,66,320865207
10142161,245,169,76,246685263
12121729,250,183,67,300777281
10365049,306,224,82,252723633
12369169,314,224,90,307608131
11603881,198,104,94,286528775
13818169,230,150,80,347891873
10855681,272,183,89,266063911
14315449,293,194,99,361820239
11093209,288,200,88,272545273
12594481,250,172,78,313840145
14584081,249,168,81,369366117
11343049,315,201,114,279378249
11839249,338,222,116,292997151
10583449,413,293,120,258652979
14815081,261,178,83,375867561
10142449,320,220,100,246692775
12848809,287,207,80,320890419
10365721,296,211,85,252741519
12122041,227,155,72,300785537
11603929,261,176,85,286530341
14088001,266,184,82,355442025
10855849,260,173,87,266067685
12369529,373,254,119,307617125
13330969,300,216,84,334293627
11343649,249,161,88,279395281
13076641,258,187,71,327216781
13596241,295,200,95,341690205
10143361,274,189,85,246717877
10365889,304,198,106,252746703
11093569,216,149,67,272555389
12849601,303,196,107,320912181
12122401,237,176,61,300796025
10584001,241,160,81,258668505
10857001,231,145,86,266099797
12595489,165,121,44,313868105
11604889,265,181,84,286557299
13818289,198,149,49,347894399
11840329,309,207,102,293025807
12370201,304,199,105,307636487
14315809,337,229,108,361830373
14584441,241,157,84,369375825
11344369,232,162,70,279414619
10143961,237,156,81,246734149
14815441,226,151,75,375876921
10366561,245,167,78,252764901
10857289,197,134,63,266107999
14088169,306,211,95,355446705
12124081,261,197,64,300841981
12849649,276,193,83,320914035
11604961,264,183,81,286559015
13331641,272,180,92,334311963
12370681,252,156,96,307649553
13077481,283,187,96,327240403
10144369,274,183,91,246745417
11093881,316,218,98,272563621
11345401,221,145,76,279443179
10584529,322,225,97,258682941
13596361,233,159,74,341693157
10366801,314,210,104,252771141
11840641,226,162,64,293034723
12596809,242,152,90,313904189
10857361,213,145,68,266109559
13819681,328,233,95,347933855
11605729,227,167,60,286579919
12125521,270,197,73,300881345
10144969,282,188,94,246761221
12851161,224,156,68,320955789
14317081,213,139,74,361866721
12370801,264,179,85,307652565
11345881,233,162,71,279456133
14585089,334,229,105,369393867
10366969,313,219,94,252775707
14815921,262,170,92,375890613
11095681,170,113,57,272612851
10858129,232,157,75,266130429
10584841,278,214,64,258691611
14088769,300,203,97,355464495
10146481,241,183,58,246802231
13331761,274,180,94,334315275
11605801,264,179,85,286582205
13078489,347,254,93,327267959
12125569,255,172,83,300882581
12852001,296,196,100,320978949
13596409,335,233,102,341694639
10367449,216,155,61,252788805
11346001,295,198,97,279459145
12371521,310,225,85,307672851
11842009,210,140,70,293073015
12596929,288,214,74,313907753
10858849,259,172,87,266150361
10146529,310,211,99,246803767
13819801,347,237,110,347937023
11606449,279,185,94,286599821
12125689,250,173,77,300885719
10368649,252,164,88,252820597
14317129,289,200,89,361868029
10585969,215,144,71,258721623
11346169,469,320,149,279463309
11096401,250,180,70,272631883
12852121,299,205,94,320981451
14585209,270,176,94,369397023
12371809,291,192,99,307680693
10859041,269,194,75,266155305
10146649,299,202,97,246806821
14816041,437,303,134,375894009
13331809,367,241,126,334316991
13079929,297,220,77,327308599
14090521,238,170,68,355513479
11842609,192,134,58,293089071
11606809,276,168,108,286609333
10368961,222,138,84,252829669
13596529,299,219,80,341697693
12128929,309,215,94,300976127
12599689,275,202,73,313984723
11346409,450,302,148,279470023
12852361,252,156,96,320988021
12371881,339,220,119,307682625
10147561,299,202,97,246832715
10859689,175,123,52,266172507
10586209,319,218,101,258728295
11096521,302,213,89,272635027
13820041,359,252,107,347943161
10369081,260,184,76,252832345
11607121,264,177,87,286618183
14317321,294,199,95,361873279
11347081,294,191,103,279488847
12129769,279,194,85,300998681
10148041,280,190,90,246844973
14585281,377,259,118,369399423
10859881,365,248,117,266177481
12373201,193,124,69,307719693
11843329,267,177,90,293108937
12852841,183,127,56,321002589
13080649,307,217,90,327329119
13332169,273,187,86,334326855
10369129,208,141,67,252833635
14816281,219,148,71,375901071
14091289,390,273,117,355534791
12600001,244,160,84,313993663
13596601,245,165,80,341699937
11607289,269,191,78,286622587
10586689,225,158,67,258741939
11347561,241,158,83,279502665
10148209,269,174,95,246849209
12129889,290,196,94,301002089
11096689,289,200,89,272640361
10860481,214,145,69,266194731
12373561,205,138,67,307729923
12853129,236,176,60,321009819
10370329,391,259,132,252866041
13821481,287,192,95,347982563
11608081,260,172,88,286643989
10148329,179,124,55,246852473
11347681,280,200,80,279505395
14317489,310,201,109,361878037
11843521,222,162,60,293114337
12130441,301,212,89,301017623
10860649,304,218,86,266198775
13082521,209,132,77,327380845
14586049,240,143,97,369422223
13332481,277,192,85,334335357
10586809,298,202,96,258745575
10370641,286,212,74,252874399
12600121,283,191,92,313996897
12373729,226,148,78,307734273
14091841,274,179,95,355549929
11097409,288,211,77,272659603
12853969,354,248,106,321033345
14816881,229,165,64,375917955
13597249,302,210,92,341718381
10148401,271,172,99,246854411
11608249,291,194,97,286648465
11347849,264,195,69,279510455
10861489,300,204,96,266221845
12130609,314,218,96,301021535
10370809,271,178,93,252879121
13821649,290,193,97,347987753
12374041,191,142,49,307742415
11845201,205,124,81,293160411
10149001,222,159,63,246870749
12854041,305,202,103,321034905
10587649,297,202,95,258767481
11608321,222,156,66,286650619
11348089,235,168,67,279516521
14318329,246,177,69,361900807
10861729,268,165,103,266228187
13083529,332,230,102,327407905
11097769,183,136,47,272669275
10371601,261,181,80,252901513
13332601,264,164,100,334338459
12131569,303,199,104,301047653
12600361,198,137,61,314003211
14586601,206,138,68,369437289
10149169,353,241,112,246874673
14092369,302,203,99,355565073
13597921,238,155,83,341738259
12374209,219,144,75,307746909
14816929,269,167,102,375919239
11608489,295,199,96,286655167
12854209,287,197,90,321039321
11348521,257,174,83,279527729
10862041,282,198,84,266236839
10371841,259,173,86,252907651
10588729,325,233,92,258797047
11845849,352,243,109,293178573
12131641,294,187,107,301049789
10149721,250,185,65,246890009
13821889,226,141,85,347993867
11098201,304,201,103,272681089
12374569,236,177,59,307757007
11608921,275,190,85,286667173
11349361,227,152,75,279550867
10862161,331,228,103,266240445
13083841,239,167,72,327416977
10372009,393,294,99,252911905
14319601,262,185,77,361937115
12602521,191,131,60,314062665
12854521,265,199,66,321048039
13332769,304,216,88,334342863
10150249,330,225,105,246904037
12132481,240,166,74,301073489
14586961,244,167,77,369446841
13598089,349,257,92,341742369
14092801,332,232,100,355577251
10589209,262,189,73,258809655
12376249,368,241,127,307802877
10863001,270,182,88,266263545
10372441,305,218,87,252924163
11349601,287,206,81,279557281
11610169,275,183,92,286701613
14817601,314,197,117,375938185
11845969,273,196,77,293181621
12855481,221,153,68,321074683
10150561,255,170,85,246912743
11098369,334,229,105,272685769
12133129,231,156,75,301091279
13822489,374,250,124,348010895
10372489,249,166,83,252925183
12602641,253,180,73,314065683
10863169,232,166,66,266267619
13084129,203,139,64,327424615
11349769,295,217,78,279561883
12376681,216,148,68,307815589
11610601,244,163,81,286713115
13333681,231,151,80,334369321
10150681,235,152,83,246915975
14319769,315,213,102,361941327
10589329,260,191,69,258813045
12855529,306,220,86,321075961
13598881,244,178,66,341764011
12133321,272,182,90,301096157
14588401,254,168,86,369488167
14093689,248,182,66,355602115
11846881,234,182,52,293206917
10373521,262,173,89,252953563
10863409,295,204,91,266274003
11099281,248,179,69,272711359
11350249,262,194,68,279575509
10150849,266,194,72,246920331
11610649,298,199,99,286714447
12376729,267,181,86,307816849
14818129,339,236,103,375953035
12603361,227,157,70,314086251
12855721,257,175,82,321081607
13823041,189,131,58,348026951
10590841,281,188,93,258854517
13084681,247,153,94,327440515
10863841,294,194,100,266285917
10374121,240,162,78,252970219
13333849,244,154,90,334374295
10151521,265,187,78,246938253
11350609,292,204,88,279584977
12133969,221,127,94,301114775
13599721,331,233,98,341787813
11611321,276,194,82,286733845
14320321,291,198,93,361957197
12377929,251,162,89,307850683
11847049,226,158,68,293211561
11099449,252,170,82,272715949
14093881,338,233,105,355607377
12855889,298,221,77,321086785
14589241,432,301,131,369511651
10864729,258,186,72,266310139
10374289,283,198,85,252974791
10151689,280,199,81,246942741
11351089,248,166,82,279598291
10591081,208,144,64,258860937
12603529,216,153,63,314091075
11611441,251,172,79,286737115
14818561,154,105,49,375966763
12378241,282,198,84,307858687
13599769,261,191,70,341789181
13823209,232,148,84,348031403
13084969,244,170,74,327448261
10865761,176,114,62,266337799
10375129,359,275,84,252996811
10151761,353,221,132,246945171
12134329,210,149,61,301123901
13334281,153,93,60,334386347
12856201,203,146,57,321095611
11100049,199,131,68,272732161
11351449,281,188,93,279608647
11847529,254,175,79,293224849
11611609,195,136,59,286742143
14320489,310,222,88,361962303
12378529,289,205,84,307866475
10591729,344,245,99,258878799
13600801,217,149,68,341817243
10375201,210,132,78,252998929
10151929,241,151,90,246949881
10866409,190,137,53,266355997
14094049,329,226,103,355612003
14589409,289,196,93,369515935
12604489,301,200,101,314117301
11351761,265,181,84,279617305
12856321,277,180,97,321098845
11611681,170,131,39,286743727
14819281,239,160,79,375986045
13085209,270,194,76,327455617
11100121,259,170,89,272733739
12380041,321,235,86,307908451
10152529,265,183,82,246965803
12134641,275,201,74,301133363
10375801,258,186,72,253014855
13824049,400,279,121,348054119
10866769,206,135,71,266365669
11847721,261,176,85,293230231
13334329,280,179,101,334387409
13601449,211,141,70,341836003
10591849,228,139,89,258882069
11351881,272,206,66,279620053
12856489,227,157,70,321103267
11612449,255,178,77,286764403
14321521,319,214,105,361989819
10153249,243,172,71,246985357
10376209,354,239,115,253026261
10867921,223,159,64,266396945
12380209,365,247,118,307912981
14094889,247,160,87,355635745
12604561,330,227,103,314119503
14589649,334,235,99,369522157
11351929,249,159,90,279621445
13602649,278,190,88,341869093
11100889,275,197,78,272754713
12134929,271,180,91,301141773
12856729,415,307,108,321109813
10154449,358,271,87,247017811
11613169,280,195,85,286784771
11848489,175,119,56,293250817
13085521,227,156,71,327464551
10376521,224,159,65,253035207
10592089,240,167,73,258888147
14819569,381,276,105,375993761
10868089,271,187,84,266401511
13824169,314,221,93,348057515
13334521,258,185,73,334393019
12380281,263,177,86,307915735
11352049,228,165,63,279624745
10155601,172,114,58,247049287
13603129,248,165,83,341882857
10376689,232,148,84,253039443
11613289,296,199,97,286787987
14322001,202,154,48,362004653
12857209,264,178,86,321123403
10868761,250,167,83,266419913
12606169,325,233,92,314164449
11102401,236,160,76,272796175
14095201,276,197,79,355644553
12380449,179,136,43,307920215
10592401,252,157,95,258897285
12136321,275,180,95,301179237
11353129,368,260,108,279654961
14590129,278,193,85,369536403
11848729,185,122,63,293257739
10155721,268,182,86,247052131
10376881,291,210,81,253044669
13086529,309,208,101,327492079
11614201,198,134,64,286812419
10869289,244,175,69,266433911
13603489,180,121,59,341892251
13335001,310,211,99,334406147
13824241,331,232,99,348059591
12857569,278,188,90,321134011
14819641,294,209,85,375996503
12381961,308,212,96,307961201
10155889,266,170,96,247057639
11354281,222,143,79,279685781
10378369,187,130,57,253085319
11102809,263,178,85,272806735
12606241,295,208,87,314166177
10869769,212,160,52,266447075
11615041,297,206,91,286835497
14323009,278,190,88,362032359
10592521,171,126,45,258900429
12136441,207,139,68,301182873
11849401,323,192,131,293275547
13603921,245,183,62,341904887
14095489,222,169,53,355651999
12857881,245,171,74,321141943
10155961,231,166,65,247059409
10379041,349,242,107,253103363
11354569,352,240,112,279693605
12382561,270,186,84,307978411
13087369,176,113,63,327514721
14590249,281,189,92,369539679
10869889,346,229,117,266450201
13335529,267,164,103,334420847
11615809,249,157,92,286856407
13824409,198,123,75,348064523
11103409,299,203,96,272824123
10156441,245,170,75,247072045
14820121,298,213,85,376009295
10379209,268,181,87,253107827
12859081,250,163,87,321174943
13603969,326,242,84,341905913
10592761,251,176,75,258906369
11354641,228,159,69,279696245
12606409,347,228,119,314171517
12383401,287,209,78,308001115
10870129,272,192,80,266456483
11849569,310,217,93,293280089
12136489,296,178,118,301183971
11616361,256,188,68,286871649
14323849,318,227,91,362055795
10156609,252,169,83,247076497
14095561,333,235,98,355653907
10379569,259,178,81,253117349
13088161,277,191,86,327537917
11355241,215,144,71,279712403
12861241,256,181,75,321234991
13605601,327,225,102,341951645
14590489,201,125,76,369546111
12384121,270,199,71,308021401
11103481,197,132,65,272826295
10870441,294,208,86,266465243
13335841,214,135,79,334429631
10592929,236,163,73,258910977
11616481,303,218,85,286875015
13824841,253,174,79,348076601
10157281,212,138,74,247094467
10380001,160,102,58,253129175
12606889,196,131,65,314184357
14820649,234,144,90,376024541
11849881,299,205,94,293288507
11355649,403,277,126,279723071
12136609,252,187,65,301187295
12861361,315,212,103,321238189
10870729,282,209,73,266473259
12384241,183,124,59,308024665
13605649,351,240,111,341953007
10158241,205,145,60,247120945
14324641,244,164,80,362078847
11616529,199,141,58,286876395
10380049,226,152,74,253130207
14095729,318,212,106,355658911
13088209,275,198,77,327539135
11105089,321,217,104,272868781
10593361,274,188,86,258922689
11355961,292,203,89,279731867
13336681,341,238,103,334452599
10872241,218,147,71,266515577
14590921,330,222,108,369558475
10158481,272,196,76,247126921
12861769,420,317,103,321248905
13825681,385,273,112,348099923
12384289,297,212,85,308025835
10381009,219,152,67,253156553
11616721,247,163,84,286881405
13605769,276,179,97,341956265
12607009,265,168,97,314187225
11850001,210,145,65,293291729
12137449,257,169,88,301210539
14820961,211,150,61,376032653
11356249,272,183,89,279739757
10872409,265,185,80,266519651
10159801,252,174,78,247162475
11107489,305,192,113,272935387
10593529,213,139,74,258927723
10381081,327,216,111,253158725
12862441,271,185,86,321267193
14324881,297,205,92,362085969
11617201,295,212,83,286895115
12385081,285,189,96,308047987
13088401,295,191,104,327544541
14096161,275,178,97,355671199
13605841,350,238,112,341958053
11356321,285,198,87,279741557
10160929,245,173,72,247192559
13338529,331,234,97,334504775
10872481,267,182,85,266521721
11850049,278,186,92,293293025
14591329,206,142,64,369570013
10381561,276,183,93,253171847
12607249,276,191,85,314193747
13826401,267,174,93,348119989
12138001,261,180,81,301226037
11617321,314,218,96,286898451
12862609,300,206,94,321272543
12385249,345,244,101,308052409
10594081,162,112,50,258942849
11108281,343,234,109,272956945
10161601,252,177,75,247210673
11356801,228,149,79,279754751
13606009,309,211,98,341963981
10872649,341,241,100,266525951
14821129,313,226,87,376036967
10381729,279,207,72,253175957
13089169,334,231,103,327565415
14325049,374,247,127,362090241
11617561,266,175,91,286904955
14096209,270,173,97,355672255
12863041,216,145,71,321284687
10161649,206,137,69,247212101
12386929,289,195,94,308099425
11850169,259,185,74,293296343
13338889,276,180,96,334515191
11356921,188,115,73,279758071
10873129,343,227,116,266538959
10383361,243,166,77,253220541
12139129,318,233,85,301256645
12608569,269,193,76,314230419
13607521,287,198,89,342006149
10594201,271,193,78,258945579
14591641,176,125,51,369579397
13826689,354,248,106,348128719
11108329,328,239,89,272958217
11618401,309,229,80,286928229
10161841,252,166,86,247217375
12863089,271,179,92,321286301
12387481,271,183,88,308114143
10873801,314,210,104,266558333
11357161,286,197,89,279764533
10384081,270,191,79,253240041
14822809,299,191,108,376084703
13089889,314,210,104,327585911
13607689,388,284,104,342010415
10162489,268,187,81,247234961
11851681,318,210,108,293338397
14325361,283,188,95,362099343
14097169,198,135,63,355699761
10594249,253,164,89,258946803
14592601,244,160,84,369606357
13339321,263,181,82,334526321
12139849,307,196,111,301276427
10874761,286,198,88,266583095
10384249,321,226,95,253244703
12608929,350,252,98,314240103
11109289,365,270,95,272983993
11357329,255,184,71,279768955
12387769,275,202,73,308122075
12863281,288,197,91,321290549
11618881,238,156,82,286941381
13826929,393,271,122,348135283
10162609,269,188,81,247238267
13608961,251,174,77,342046125
10384369,251,168,83,253247691
10875169,421,284,137,266593841
11358649,305,201,104,279805383
13090081,280,206,74,327591231
14593009,319,225,94,369617139
12387841,290,190,100,308123701
10595041,299,210,89,258968031
12863881,211,151,60,321307487
11852089,326,232,94,293349491
10162681,213,167,46,247240613
14823649,243,159,84,376108799
11109841,234,166,68,272999149
12140521,355,228,127,301295243
14325721,280,188,92,362108967
12609241,333,225,108,314248947
13339561,192,137,55,334533359
14097409,272,189,83,355706295
10385041,357,258,99,253265729
10875769,233,167,66,266610287
13610521,304,203,101,342089499
11619841,233,171,62,286968061
11359681,242,161,81,279833005
10163521,206,146,60,247263465
12388609,227,158,69,308145223
13827241,266,178,88,348144361
12865969,236,162,74,321365363
14593321,285,208,77,369625947
10385281,234,168,66,253272107
10595281,228,163,65,258974793
10876441,245,149,96,266628929
11853241,243,159,84,293381679
13090729,236,166,70,327609195
11360161,229,154,75,279847279
11110201,310,219,91,273008731
13610809,224,159,65,342097217
10164169,243,163,80,247280943
12141721,332,232,100,301329395
12389281,278,183,95,308163775
12610201,306,213,93,314275497
14823769,234,159,75,376111871
11619889,267,182,85,286969105
12866281,240,161,79,321374447
10386601,238,170,68,253307789
13340209,270,202,68,334551191
14326369,421,286,135,362126297
10878169,236,157,79,266676513
14098009,302,203,99,355722813
14593441,274,178,96,369629001
11360449,266,172,94,279854887
10164841,311,209,102,247298751
10595929,226,150,76,258992217
13827769,370,253,117,348159349
13611721,348,249,99,342122525
12389329,305,199,106,308165359
10386769,333,230,103,253312577
11853529,303,207,96,293389911
11111209,260,174,86,273037749
10878289,370,252,118,266679297
12867289,337,244,93,321401945
13091929,216,142,74,327642777
10165681,206,143,63,247322169
12141889,280,174,106,301334099
11360521,190,135,55,279856627
14593609,299,218,81,369633855
11620729,259,171,88,286992181
12610249,251,180,71,314276623
10388281,247,184,63,253353285
13341409,248,169,79,334585153
13612201,253,163,90,342136541
10596121,294,182,112,258997809
12390121,421,292,129,308186847
14823841,362,250,112,376113929
10878529,213,146,67,266686695
14326561,273,187,86,362132039
14098081,330,223,107,355724685
10165801,268,184,84,247325091
12867409,211,145,66,321405725
11361001,341,258,83,279869185
11111809,314,220,94,273053409
11853601,248,168,80,293392281
13828921,272,188,84,348191809
10389241,235,161,74,253379439
14593681,434,293,141,369636129
10878961,224,147,77,266697969
10168201,209,140,69,247390323
13092361,278,192,86,327654501
12390289,238,142,96,308191711
12143161,319,213,106,301368439
11622601,230,167,63,287043715
13612321,309,217,92,342139523
12868321,276,188,88,321430667
11361121,406,275,131,279872149
12610441,345,242,103,314282257
10596961,310,198,112,259020627
10389481,337,238,99,253386093
13341721,298,201,97,334594465
10880209,326,223,103,266732103
10168489,385,259,126,247397631
11112649,289,195,94,273076335
14594161,270,182,88,369649497
14824441,348,222,126,376130615
14098681,240,159,81,355741971
12390529,437,311,126,308197635
14327569,281,204,77,362160725
11854441,295,194,101,293415027
13613569,410,283,127,342174267
11361529,163,105,58,279883873
10389649,469,325,144,253390365
12869161,383,272,111,321453905
13830049,257,182,75,348221911
11622769,245,168,77,287047735
12144169,204,149,55,301395919
10169041,216,137,79,247412703
10597129,252,159,93,259024383
10880689,211,142,69,266744967
13093369,281,194,87,327682449
12610921,264,178,86,314295601
12391201,293,197,96,308216169
11362129,221,152,69,279900711
10390129,236,155,81,253403901
14595001,284,194,90,369673161
11112721,182,108,74,273078243
13614001,201,130,71,342186875
13342561,243,181,62,334617739
12869809,287,206,81,321472777
10169569,244,165,79,247426827
10882489,227,152,75,266794101
11855881,363,261,102,293454045
14099089,282,193,89,355753089
14328409,299,189,110,362183615
14824609,345,243,102,376135259
10390249,224,140,84,253406751
10597729,262,169,93,259041263
12391369,176,120,56,308221095
11362801,271,173,98,279919509
11623609,334,226,108,287071597
12145561,216,143,73,301435147
10169881,266,182,84,247435911
13830121,320,219,101,348223831
13093441,205,132,73,327684213
14595289,297,213,84,369680817
10882561,334,227,107,266796339
12870001,206,148,58,321478051
13614049,222,161,61,342187937
12611089,245,166,79,314299687
11113321,339,228,111,273094245
10391761,243,160,83,253448253
11362849,255,173,82,279920739
12393649,276,194,82,308284221
10170049,279,196,83,247440539
13342729,254,161,93,334622161
11856049,338,238,100,293459361
10883569,295,207,88,266823315
10597969,332,210,122,259047395
12870841,189,134,55,321501097
11623921,253,168,85,287080525
13615681,292,192,100,342232859
14596201,177,114,63,369707829
10391809,240,161,79,253449585
14099401,290,188,102,355762023
12145849,263,193,70,301442671
14328889,332,237,95,362196929
10170169,170,119,51,247443497
11363689,256,169,87,279943257
14824681,249,165,84,376137767
12393889,359,230,129,308291145
13830769,389,270,119,348242881
13093921,263,190,73,327698763
11113489,231,163,68,273098859
10883881,285,190,95,266832483
12611281,217,141,76,314305291
10392001,197,136,61,253455021
12871009,434,303,131,321505495
11857801,416,296,120,293507661
10598281,288,197,91,259057583
10170241,155,105,50,247444985
13616401,363,252,111,342253079
11363809,408,297,111,279946167
14597041,310,210,100,369730707
13344241,231,155,76,334663345
11624449,207,159,48,287094037
12394201,313,213,100,308301045
10884001,367,270,97,266835435
10392649,234,151,83,253472253
12146401,218,149,69,301458307
10170409,293,207,86,247449443
14099689,318,209,109,355769691
11113561,289,190,99,273100809
12871321,284,192,92,321514183
14329009,323,229,94,362200769
11364481,338,247,91,279965115
13094089,314,226,88,327702813
13616761,323,227,96,342263297
12611449,307,202,105,314309629
14826121,326,232,94,376177829
13831729,302,208,94,348269047
10884241,228,162,66,266841843
10598449,179,117,62,259061589
14597521,295,166,129,369744045
12394321,267,174,93,308303529
10392769,249,175,74,253475787
11857969,411,292,119,293511753
10170841,313,231,82,247461575
11624761,253,162,91,287103133
13344769,222,153,69,334678069
11364649,210,144,66,279970275
12871489,257,183,74,321518545
10884409,286,199,87,266846001
12146521,232,147,85,301461355
13616929,350,241,109,342267779
11114329,300,210,90,273122385
10393441,222,154,68,253493913
12394561,315,204,111,308309841
10171081,349,230,119,247468031
14597809,303,213,90,369752925
10599961,274,198,76,259102059
14099929,317,224,93,355776855
13094281,323,224,99,327708765
12612289,244,172,72,314332411
14329561,209,146,63,362215853
11365369,232,163,69,279989553
13832281,272,192,80,348285559
10886401,181,126,55,266900441
11858281,276,196,80,293521055
12871849,311,207,104,321528049
14826961,310,218,92,376201121
10393609,261,188,73,253498665
10171849,261,166,95,247488295
11625049,331,231,100,287111755
13617529,282,197,85,342285275
12394729,256,161,95,308314551
13345081,253,162,91,334686835
11114401,198,126,72,273124347
14598481,338,240,98,369771513
11365729,306,216,90,279999213
12146569,225,149,76,301462633
10887241,241,168,73,266923561
10395001,191,131,60,253536743
10600321,204,134,70,259111467
10173529,230,177,53,247534567
12872449,295,217,78,321545155
12395041,229,154,75,308323569
12613561,420,294,126,314369077
13617601,372,255,117,342286769
13094761,300,205,95,327721905
14101201,258,169,89,355812043
11858569,294,190,104,293528409
11366041,305,226,79,280008309
14329729,240,174,66,362220059
10888081,257,163,94,266946319
10395361,251,177,74,253545707
11626561,268,196,72,287152079
13832569,289,196,93,348293303
10173601,175,120,55,247536847
14598889,376,253,123,369782805
14828689,346,263,83,376249845
11114881,296,208,88,273137475
12873841,269,189,80,321584129
10600969,264,196,68,259129737
13345369,303,217,86,334695073
12147361,353,249,104,301484325
12395569,236,155,81,308338017
13618201,253,178,75,342303695
10395841,206,137,69,253559303
11367241,301,206,95,280040725
10888201,221,153,68,266949487
10174081,238,162,76,247549375
12614401,327,235,92,314391841
11859241,218,144,74,293546853
14599369,255,171,84,369796941
13095289,179,116,63,327735987
12874009,275,190,85,321588227
11626729,260,162,98,287156177
14102089,260,188,72,355837579
12396049,291,194,97,308351025
10395961,238,163,75,253561905
10174369,349,234,115,247556899
10888609,286,207,79,266960689
11367409,236,156,80,280045195
11115409,390,270,120,273151641
14329849,366,245,121,362223863
13832641,179,119,60,348295043
10601641,288,203,85,259148027
13618249,292,186,106,342305339
12147529,313,231,82,301489545
14829721,311,214,97,376278265
13346209,344,234,110,334719049
12874201,302,204,98,321594119
10396369,231,150,81,253572873
10174921,233,158,75,247572309
14600401,248,176,72,369825357
10888921,226,167,59,266969875
12396409,208,131,77,308360949
11367841,247,167,80,280057687
11859481,266,185,81,293553229
12615121,262,176,86,314411605
11626801,200,138,62,287158517
13618441,215,156,59,342310703
13095601,290,173,117,327744621
11116081,254,164,90,273169951
10602001,180,121,59,259157609
10175449,279,187,92,247586139
10396801,279,203,76,253584535
14102449,436,294,142,355847005
10889089,331,218,113,266974291
12874681,280,205,75,321607907
11368081,225,159,66,280064047
12396889,313,204,109,308373747
13832809,262,169,93,348299459
14330929,452,311,141,362253869
12147769,347,254,93,301495959
14602009,278,176,102,369869965
13346761,276,180,96,334734319
10175761,298,217,81,247594749
10396849,231,169,62,253585777
13618609,269,181,88,342314783
14829889,326,228,98,376283759
11859961,220,153,67,293566837
10889929,286,202,84,266996737
11368249,265,178,87,280067947
11626969,309,223,86,287163287
12616129,278,191,87,314439631
12875689,291,179,112,321634957
10602649,249,166,83,259175213
11116561,228,163,65,273182935
12397009,265,182,83,308377899
13095721,288,185,103,327747501
10175881,204,132,72,247598067
10397209,237,157,80,253595191
14602561,244,168,76,369885475
10890049,181,124,57,267000421
13619449,274,184,90,342338075
14102761,255,161,94,355856191
12148369,349,218,131,301511655
11368561,191,137,54,280077295
13834921,246,160,86,348359107
12876649,249,169,80,321661099
14331241,267,200,67,362263517
12397081,260,178,82,308379639
10175929,261,177,84,247599075
10397809,279,190,89,253612411
13346881,314,221,93,334737421
11860081,232,159,73,293570107
10602769,275,178,97,259178237
11627281,235,164,71,287172119
11116849,338,249,89,273190561
10890289,236,160,76,267006715
14830489,266,204,62,376301075
12616921,245,178,67,314462217
14603089,342,240,102,369899577
11368681,254,163,91,280080127
13619761,247,179,68,342347321
13096129,308,225,83,327758757
10176121,277,204,73,247604143
10398721,265,186,79,253636351
12877561,341,217,124,321688099
12397249,290,212,78,308384331
12148921,209,144,65,301527423
10890769,328,224,104,267019735
14103289,356,229,127,355871383
10603849,281,202,79,259208225
11368729,235,162,73,280081837
10176601,290,195,95,247616725
11860489,248,162,86,293581213
13836169,284,193,91,348394357
14603401,303,217,86,369910101
10399201,244,173,71,253650217
11116921,225,162,63,273192817
11627401,229,137,92,287175467
14331409,202,139,63,362268575
13620601,296,202,94,342371171
13347289,379,278,101,334748917
12397681,270,184,86,308396229
12878161,236,159,77,321704191
12617161,401,279,122,314468853
10891729,242,156,86,267045973
14831329,296,206,90,376323995
10176889,296,199,97,247624723
11369089,210,147,63,280091533
13096801,182,122,60,327777447
10399321,240,166,74,253653475
12149041,235,161,74,301530441
10604161,262,167,95,259216727
14605081,269,178,91,369956853
13620721,228,141,87,342374129
12398569,300,200,100,308420541
10892281,316,218,98,267060529
12878881,208,143,65,321724381
11117569,200,133,67,273210307
11861089,286,197,89,293597215
10177129,371,270,101,247631787
11628121,265,179,86,287194983
14103769,231,160,71,355885801
11369569,271,190,81,280104487
10399369,343,247,96,253654699
13836601,271,195,76,348406585
13347769,359,252,107,334762255
14332249,317,213,104,362291285
12618481,310,207,103,314505723
10892449,299,200,99,267064861
12399769,369,250,119,308453463
13620889,244,169,75,342378953
10177561,305,208,97,247643541
12879049,282,190,92,321728725
14607721,401,289,112,370031085
10605121,292,211,81,259242845
13096969,334,214,120,327782197
10400161,222,155,67,253675471
11369689,260,185,75,280107283
12149089,267,183,84,301531851
14831569,232,155,77,376331201
11117761,254,182,72,273215629
11863321,247,162,85,293659631
11628241,197,133,64,287198145
10892569,303,202,101,267067981
10177729,248,156,92,247648353
12400441,255,168,87,308471875
10400329,215,134,81,253679953
14103961,236,160,76,355890991
12879409,316,207,109,321738157
13621801,336,232,104,342404321
11370241,255,180,75,280123303
14607889,292,203,89,370035927
13348609,300,204,96,334785847
13837009,331,241,90,348417457
12618601,310,208,102,314508693
10605169,208,133,75,259244321
14332369,350,238,112,362294441
10893409,293,194,99,267092359
10177969,272,190,82,247654047
10400881,269,168,101,253695361
13097401,237,174,63,327794695
12149881,249,180,69,301553265
11119249,291,198,93,273256489
12401929,294,208,86,308512807
11370409,331,221,110,280127733
12879721,383,259,124,321747139
11863441,266,180,86,293662913
11629249,200,137,63,287225451
13621969,276,186,90,342408965
14832409,276,194,82,376354577
10179241,247,158,89,247689093
14608441,219,155,64,370052301
10894321,222,155,67,267116893
10403689,308,199,109,253772173
10605289,281,182,99,259247465
14104729,261,169,92,355911367
12618649,321,228,93,314510001
12402601,232,165,67,308532523
13348969,263,197,66,334796317
11371081,313,200,113,280146321
13838161,239,164,75,348449257
12880009,277,192,85,321755209
10179289,277,202,75,247691223
10894921,311,232,79,267132847
13624081,267,178,89,342467531
11119609,355,248,107,273265939
14333089,220,139,81,362314837
12150289,345,238,107,301564523
10403761,198,139,59,253773883
13097449,283,213,70,327795925
14608609,240,159,81,370056111
11629489,277,181,96,287232447
11863609,199,143,56,293667251
11371201,225,155,70,280149057
12402769,256,181,75,308537173
10180129,298,194,104,247712487
10605961,231,154,77,259265255
14832841,196,125,71,376367033
10895089,385,270,115,267137377
12880729,213,138,75,321775837
10404241,242,171,71,253787823
13626001,247,169,78,342521567
12618769,307,209,98,314513271
13349569,258,184,74,334812073
14106121,348,235,113,355950343
11120209,237,162,75,273282637
11371609,310,238,72,280160367
14608801,165,117,48,370061349
10180249,254,181,73,247716627
13838449,274,192,82,348457427
12150889,183,126,57,301581221
12402961,211,147,64,308541949
10895809,324,220,104,267157179
10406089,251,157,94,253837523
11629801,305,202,103,287241573
13097569,165,101,64,327798841
11863681,236,155,81,293669249
14333881,286,186,100,362337099
12881521,277,170,107,321796753
10606369,359,243,116,259276523
13626601,273,188,85,342538031
10180801,276,189,87,247731417
11372929,292,197,95,280196307
10896001,209,131,78,267162069
10406449,193,142,51,253846475
12403609,186,126,60,308559721
14609281,215,150,65,370075067
14833009,305,193,112,376372001
11120281,287,183,104,273284371
12618841,163,111,52,314515755
12881689,326,222,104,321802255
13350241,252,173,79,334831087
11632441,293,200,93,287313855
10180969,310,216,94,247735785
12150961,238,160,78,301583381
14106241,267,185,82,355954147
11373121,181,116,65,280201539
13627441,264,176,88,342561467
13840201,312,224,88,348507017
11865001,250,161,89,293705733
10606801,302,219,83,259288415
10407601,196,132,64,253878167
10896649,236,166,70,267180375
13097641,302,220,82,327800587
12404281,359,266,93,308578141
14333929,236,168,68,362338365
10181761,329,223,106,247757253
11632681,323,206,117,287320407
12883201,258,180,78,321844015
12619489,247,181,66,314532483
11120761,245,168,77,273298219
10408969,317,214,103,253914503
14609449,301,196,105,370079663
11373601,235,171,64,280214637
13627609,287,189,98,342566195
10897321,233,173,60,267199089
10183441,231,155,76,247803009
14833081,271,195,76,376373837
12151801,277,195,82,301606673
10606969,322,219,103,259293353
13350409,336,247,89,334835191
12404401,203,145,58,308582137
11865169,270,177,93,293710467
11632849,312,207,105,287325075
14106289,314,214,100,355955431
10409401,304,212,92,253926443
13841209,249,179,70,348534761
12883369,232,168,64,321848947
13097809,291,182,109,327806119
10897441,260,172,88,267202149
14334049,336,237,99,362341317
10183609,312,224,88,247807629
14609641,336,246,90,370085405
13628281,354,245,109,342584357
12619681,321,228,93,314538033
11121601,374,254,120,273320581
12404449,327,224,103,308583121
11374801,240,155,85,280247583
11633161,332,226,106,287333565
10607041,234,160,74,259295027
12884041,246,180,66,321867361
10897681,254,186,68,267207735
12152281,267,181,86,301620213
10183681,221,139,82,247809363
11865289,330,234,96,293713239
10410121,258,176,82,253946735
13351081,216,148,68,334854061
14334601,262,183,79,362357841
14833561,287,214,73,376387709
13629361,238,154,84,342614993
14610121,327,236,91,370098665
14106409,263,191,72,355958563
12405961,241,165,76,308624889
11633329,305,218,87,287338317
13099921,290,210,80,327863803
13841881,237,162,75,348553977
11122129,290,201,89,273335773
10898449,228,148,80,267228315
10184329,270,190,80,247826685
12620521,274,186,88,314561323
12884449,278,193,85,321878587
11374969,345,214,131,280252725
10607521,207,149,58,259307957
10410649,305,200,105,253960889
14334769,279,206,73,362362203
11633449,255,171,84,287341425
13629841,185,128,57,342628823
12406129,384,261,123,308628987
12152401,281,195,86,301623645
14610289,263,170,93,370103333
11865361,253,170,83,293715363
10185001,240,171,69,247845387
10899001,236,166,70,267243555
13351249,286,200,86,334858549
12885049,232,157,75,321896135
11122561,267,183,84,273347287
13100089,274,204,70,327868651
14833921,297,188,109,376397111
14107081,321,225,96,355977031
11634121,249,149,100,287359707
10607809,189,124,65,259314965
11375401,251,178,73,280264395
10185289,239,178,61,247852413
13842529,284,191,93,348572019
12406321,241,151,90,308634441
10899121,195,127,68,267246867
12621121,328,218,110,314578147
13630009,230,154,76,342633113
14334889,304,210,94,362365125
10411129,259,160,99,253973915
14610481,263,185,78,370108481
12152449,182,120,62,301624919
12885121,329,228,101,321897629
11865961,246,172,74,293731959
10186849,297,209,88,247894887
11634361,322,205,117,287366559
10899169,315,210,105,267247797
11122609,218,151,67,273348547
12407761,259,181,78,308674653
13352161,202,137,65,334884157
13630369,243,166,77,342643397
10608649,344,239,105,259338131
14335561,258,172,86,362384355
11375449,248,163,85,280265799
13100641,244,172,72,327884215
14611081,248,160,88,370125785
10411321,366,276,90,253979093
10187041,266,186,80,247899525
12885289,342,225,117,321902207
14107801,383,259,124,355997475
12621289,312,222,90,314582671
14834401,318,219,99,376410767
13842649,302,214,88,348575325
11635369,240,162,78,287393457
10899529,291,225,66,267258177
12407809,403,273,130,308675835
12153121,277,191,86,301642709
11866009,289,192,97,293733111
13630801,289,208,81,342655367
10187209,355,247,108,247904493
11122729,290,208,82,273352333
14336401,284,211,73,362407827
10608721,327,242,85,259339847
10899961,325,222,103,267270747
12885721,243,168,75,321914459
14611249,238,147,91,370130429
11635801,182,125,57,287406165
11376121,284,190,94,280283601
10412161,230,155,75,254001491
13352641,248,159,89,334897291
12408001,281,204,77,308681901
13100809,366,261,105,327889843
10188361,247,177,70,247936057
12622201,202,141,61,314608531
13631209,271,185,86,342666157
14107921,327,219,108,356000745
10900369,340,245,95,267281877
13843561,320,207,113,348600357
14834569,303,196,107,376415477
11635849,245,165,80,287407263
11866201,338,248,90,293738391
14337121,269,191,78,362428161
12154321,252,174,78,301675583
12886129,295,207,88,321926321
11124121,216,150,66,273390439
14611321,316,217,99,370132397
10609369,188,134,54,259357809
10188649,303,209,94,247943245
12408169,321,216,105,308686041
10412329,221,154,67,254005961
11376289,245,165,80,280288125
10900849,294,210,84,267294441
13631641,240,150,90,342678625
13352929,295,204,91,334906129
11636641,293,191,102,287428323
10189369,268,183,85,247963103
12886441,242,165,77,321934619
14337481,306,221,85,362438505
13100929,252,179,73,327893191
12622369,277,190,87,314612779
12409681,260,182,78,308727711
14611489,348,230,118,370137221
11867041,276,190,86,293761595
10610881,279,193,86,259399269
11125129,269,185,84,273417337
10901809,265,181,84,267320895
12154489,296,180,116,301680647
14107969,345,234,111,356002005
13844041,381,259,122,348613905
10413841,216,135,81,254046233
11636881,294,201,93,287435115
14836249,325,212,113,376463285
10189489,304,214,90,247966553
13631689,237,148,89,342680515
11376481,205,139,66,280293501
12886729,258,170,88,321942125
14338921,195,129,66,362478669
12409849,246,167,79,308732625
10901881,267,168,99,267322839
14611801,252,173,79,370146257
13354681,305,197,108,334955121
10190161,285,192,93,247984307
11638321,319,223,96,287474931
13101769,353,252,101,327915643
10611241,252,177,75,259409637
12622681,342,228,114,314621743
11125489,226,148,78,273427129
11867209,342,236,106,293766005
10414321,226,145,81,254060489
13632361,271,185,86,342698965
12154801,270,182,88,301689269
12887449,247,158,89,321961937
10902361,268,192,76,267336177
12410449,280,191,89,308749021
14108161,380,239,141,356007771
11377489,312,208,104,280320911
14338969,303,207,96,362480139
13844209,298,209,89,348618537
10190569,256,186,70,247995749
11638729,307,220,87,287485989
14611921,236,145,91,370149719
14836369,408,289,119,376466933
10902481,338,244,94,267339519
13632889,298,197,101,342712819
10611409,230,153,77,259414035
12888121,221,160,61,321981187
10191241,339,243,96,248013461
13354849,215,153,62,334959447
10414441,305,221,84,254063843
12410689,285,197,88,308755051
11125921,215,138,77,273439393
11867809,334,233,101,293782649
13101841,208,143,65,327917449
12622849,316,219,97,314626315
11639161,259,168,91,287497491
14339929,301,195,106,362507025
12154969,336,246,90,301694051
11378641,324,214,110,280353125
14612089,399,301,98,370154033
10902721,334,237,97,267345585
10191409,408,285,123,248018507
14108329,292,202,90,356012379
13844329,226,154,72,348621919
13633369,307,221,86,342726409
12888241,266,191,75,321984421
12411001,328,206,122,308764105
10613401,259,178,81,259468275
11639209,324,221,103,287498781
10414609,284,205,79,254068577
14836609,402,276,126,376473593
11126329,309,206,103,273449947
14340841,275,181,94,362532789
10191889,262,175,87,248032175
10903369,243,164,79,267363425
11868049,271,189,82,293789597
13355161,230,152,78,334968411
14612329,298,202,96,370160405
12623521,183,124,59,314644735
13102009,397,278,119,327922285
12155161,331,220,111,301698893
12889249,288,185,103,322012729
12411361,214,153,61,308773831
11379169,319,201,118,280367303
13633489,224,138,86,342729937
11639569,321,235,86,287508279
10192009,273,183,90,248035199
10903489,165,116,49,267366491
10613521,190,138,52,259471317
10414849,235,156,79,254074883
14341441,243,164,79,362549679
14109481,198,132,66,356044153
13845001,280,186,94,348640309
11127001,317,221,96,273468367
12412129,286,187,99,308794401
14612641,222,160,62,370170079
12890809,264,185,79,322055425
11640241,339,228,111,287528187
10192681,185,120,65,248053091
13634209,301,197,104,342750499
11868481,248,163,85,293800533
10903561,358,250,108,267368641
14837041,244,165,79,376485239
13355449,347,238,109,334976811
12155641,241,166,75,301712333
11380321,240,163,77,280398953
12623641,335,238,97,314647753
13102849,303,223,80,327945553
14341609,297,206,91,362554209
10613929,313,223,90,259482195
10415161,168,115,53,254083549
10192729,308,236,72,248054423
12413209,300,194,106,308825199
11640721,247,169,78,287542005
12891601,291,192,99,322077733
10903729,239,168,71,267373255
14612761,341,237,104,370173199
11127169,290,203,87,273473245
13634329,352,256,96,342754093
13845049,278,182,96,348641617
14110009,210,132,78,356059609
11870329,279,193,86,293852517
12624049,252,167,85,314659441
10193929,227,151,76,248086301
11380489,289,180,109,280404137
14837089,322,226,96,376486385
14342161,230,164,66,362569683
11641009,244,169,75,287549265
12155761,210,139,71,301715597
13355521,250,156,94,334978695
10905049,241,151,90,267409073
10615249,275,188,87,259518183
10416169,280,196,84,254110081
12413521,209,134,75,308833947
13103161,308,204,104,327954403
12891649,241,154,87,322079053
13636081,245,170,75,342802187
10194361,216,153,63,248098121
11128441,242,163,79,273507231
11641249,208,149,59,287555583
14612929,242,160,82,370177843
10905241,236,150,86,267415067
14342281,343,230,113,362573115
14837281,361,252,109,376491749
12413641,242,161,81,308836929
11871169,297,198,99,293875167
12624649,253,181,72,314675635
11381329,286,194,92,280426697
12892441,246,150,96,322100569
10195201,279,191,88,248121179
13845721,357,255,102,348660949
14110441,281,197,84,356071711
13636561,285,178,107,342815903
10416361,264,188,76,254115211
10615921,284,178,106,259536351
12155929,340,245,95,301720349
11641681,238,176,62,287567817
13356121,280,180,100,334994709
10905409,265,183,82,267419105
13103329,286,192,94,327959455
11128681,286,202,84,273513693
10195441,244,161,83,248127755
12415369,291,198,93,308885121
14342689,305,199,106,362584341
14837929,360,266,94,376510235
12893281,292,203,89,322123347
13636681,313,221,92,342818843
11871721,243,172,71,293890575
10905889,250,178,72,267431603
11642089,288,188,100,287578681
11381521,316,208,108,280432289
10417009,263,162,101,254133073
14613481,214,134,80,370193101
10617121,246,163,83,259568649
12625489,362,234,128,314699047
10196281,295,203,92,248150243
12156169,232,154,78,301726889
12416401,435,298,137,308912529
13847569,300,217,83,348712267
14110489,270,183,87,356072821
12893689,214,157,57,322135203
14343169,241,161,80,362597865
11129329,242,156,86,273531479
14838721,271,186,85,376532609
13356289,241,168,73,334999377
10906249,289,194,95,267441335
13104361,253,157,96,327987541
11642929,204,135,69,287601523
13637089,389,266,123,342830441
10196761,241,155,86,248163431
10417201,242,156,86,254138299
10617601,197,127,70,259581735
12417001,253,165,88,308929941
11382169,328,230,98,280449425
11872249,367,247,120,293904795
12894001,328,226,102,322143747
10906849,381,263,118,267458945
12625729,228,161,67,314705725
10196881,305,202,103,248166119
11643241,246,170,76,287610409
12156841,286,200,86,301744997
14343361,341,247,94,362603193
14614489,417,288,129,370220815
14839609,300,204,96,376557405
13637761,240,167,73,342849449
11129449,224,150,74,273534857
13847929,282,200,82,348722463
14111161,275,191,84,356091805
12417169,314,229,85,308934063
13105969,377,261,116,328032741
13357009,208,145,63,335020179
10906921,267,181,86,267460949
10417801,215,140,75,254154697
10196929,308,225,83,248167241
10617769,313,213,100,259586685
12894169,320,235,85,322148595
11643601,262,202,60,287620315
11382361,318,211,107,280455257
11873761,247,164,83,293946813
14345041,306,202,104,362650043
13639201,233,161,72,342889215
14839729,239,156,83,376560513
12417721,285,196,89,308950323
12626881,246,169,77,314737411
10198609,214,144,70,248213811
12158161,268,181,87,301782431
10907089,243,166,77,267465425
11129689,343,233,110,273541517
11643769,254,179,75,287624215
12894361,300,201,99,322153893
14614681,241,148,93,370226233
10417969,249,168,81,254158957
10618561,335,227,108,259607475
13849921,290,199,91,348778767
14111329,234,174,60,356097073
14345521,306,221,85,362664779
10199401,213,149,64,248235183
13106209,276,184,92,328039395
13357129,340,228,112,335022993
13640041,257,162,95,342913395
11383849,286,196,90,280495607
10907401,339,242,97,267473789
12418561,278,186,92,308973219
14839801,288,189,99,376562181
11874241,219,162,57,293960001
11645089,281,176,105,287660719
12894841,236,162,74,322167585
11130001,156,104,52,273550515
12158449,278,182,96,301790123
10199569,267,194,73,248239467
12627049,295,195,100,314742583
10907569,308,225,83,267477551
10418041,292,195,97,254160703
10618969,219,143,76,259618731
13640089,296,192,104,342914703
14345641,292,194,98,362668577
12418729,292,205,87,308977537
11645761,240,165,75,287679065
14840281,314,212,102,376576935
14616169,306,216,90,370269037
11384209,283,192,91,280505455
10199641,190,127,63,248241459
12895849,305,210,95,322194567
13850281,317,211,106,348788811
13106641,256,164,92,328050999
14112529,385,244,141,356128839
11874361,325,231,94,293963289
13357369,264,174,90,335029479
10908409,278,190,88,267500741
11130289,228,153,75,273557883
12418849,274,175,99,308980783
13641289,303,207,96,342947943
10418521,252,177,75,254174827
11646121,266,186,80,287688779
12158521,281,194,87,301792667
14345809,213,129,84,362672981
10199809,237,174,63,248245803
12627721,300,206,94,314760565
10619641,250,170,80,259636875
14840569,281,196,85,376584665
12896209,237,161,76,322205217
10908529,327,252,75,267503603
11384521,297,213,84,280513735
12418921,239,181,58,308982907
10200241,281,202,79,248257563
11646289,346,237,109,287693609
11874769,360,237,123,293973981
13106689,344,235,109,328052049
13641721,221,140,81,342959925
14616289,387,291,96,370271953
13851049,242,174,68,348810195
13357681,340,235,105,335037957
14346049,252,174,78,362679419
11131369,319,216,103,273586821
14112841,250,184,66,356138529
10908769,259,181,78,267510377
10418689,272,186,86,254178811
12896809,340,226,114,322221369
10620241,162,106,56,259654137
12159529,375,258,117,301819973
14840641,243,157,86,376586117
10201129,219,146,73,248281273
12628009,218,132,86,314768995
11646721,180,121,59,287705735
12419089,284,197,87,308986723
11384689,308,221,87,280518001
10909081,283,191,92,267519953
13641961,322,207,115,342966891
14346481,311,231,80,362691683
12897361,203,135,68,322236489
11875081,195,137,58,293983273
10202641,260,182,78,248322485
10418809,218,160,58,254182117
11131801,337,227,110,273599115
13107049,256,175,81,328062483
14840809,222,157,65,376590971
11646889,251,162,89,287710355
10620289,225,145,80,259655217
13358041,263,176,87,335048001
12419689,266,183,83,309003769
13851121,275,178,97,348812169
14617129,313,205,108,370295455
10909369,226,154,72,267527099
14113849,273,178,95,356166447
12160201,215,142,73,301838393
13642561,235,159,76,342983817
10202761,337,233,104,248325881
12628921,355,253,102,314793757
12897529,310,219,91,322241097
14347369,285,197,88,362715929
11385481,280,182,98,280539853
11646961,282,198,84,287712209
10909441,434,277,157,267528419
12419929,261,162,99,309010111
10419361,272,189,83,254196943
14841481,321,214,107,376610483
11875921,291,206,85,294006289
11132521,207,144,63,273619659
10203001,212,143,69,248332013
10620481,198,137,61,259660209
13642609,311,218,93,342985107
13107649,238,152,86,328079017
12897649,339,239,100,322244631
13358689,219,141,78,335066739
11647609,191,112,79,287729927
12160801,222,137,85,301854575
14348569,221,152,69,362749295
10910761,217,135,82,267565145
13852129,325,212,113,348840489
12420769,213,141,72,309034017
14114041,335,233,102,356171265
14617201,242,160,82,370297501
10203649,282,175,107,248349773
11385889,331,224,107,280551019
12629569,367,260,107,314813203
14842081,283,203,80,376627235
10419481,338,242,96,254199835
11133481,272,188,84,273645435
10621489,304,206,98,259687497
13642801,271,200,71,342990633
11877121,243,159,84,294038845
11648449,322,223,99,287752769
12897889,334,227,107,322251639
10910881,176,125,51,267568085
10204321,247,158,89,248367557
14349169,353,243,110,362766591
12421921,245,175,70,309066213
13109881,244,171,73,328141135
12160849,312,228,84,301855865
13359361,192,134,58,335085705
14842129,280,179,101,376628639
11386201,237,167,70,280559849
10911601,274,184,90,267588455
11648641,268,190,78,287758301
10204609,307,218,89,248375495
10419649,257,197,60,254204863
13852609,270,188,82,348853905
13643569,252,175,77,343011351
12898489,392,268,124,322268505
12629689,298,204,94,314816311
14114521,240,160,80,356185701
10622641,308,201,107,259718235
14617969,288,191,97,370319941
11133649,355,250,105,273649593
12422209,294,215,79,309074679
11877289,304,194,110,294042781
14350009,300,231,69,362790453
10204681,267,180,87,248377175
10911889,318,213,105,267596867
11649481,319,220,99,287781383
14842489,426,280,146,376638377
12898729,240,167,73,322275825
13645321,301,203,98,343060525
12161041,290,192,98,301861037
13110841,239,165,74,328167285
11386489,186,118,68,280567619
10420321,269,179,90,254222583
12422281,209,155,54,309076251
13359529,238,170,68,335090415
10622809,249,161,88,259723233
10205161,353,240,113,248391689
14350249,251,165,86,362797347
11134489,224,145,79,273673839
10911961,242,169,73,267598307
12630529,360,258,102,314838371
11650801,270,195,75,287817917
13852801,236,172,64,348859737
11877601,256,189,67,294051709
14114809,271,198,73,356193603
14618641,267,176,91,370338355
12900001,260,183,77,322310037
13646089,307,214,93,343081493
14842969,341,240,101,376652165
12422929,247,167,80,309093831
10205449,252,165,87,248398967
10914961,228,147,81,267679605
10421401,366,245,121,254252685
11388721,222,144,78,280628885
11650921,311,203,108,287820869
12161521,236,148,88,301874549
14350729,321,208,113,362810613
13111009,429,294,135,328171911
10623601,200,136,64,259744941
11134561,228,156,72,273675969
12901081,316,223,93,322340493
10206121,188,124,64,248416451
13359649,275,190,85,335092875
12630769,369,247,122,314845403
12423121,299,193,106,309098841
13646929,286,192,94,343105673
10915321,256,172,84,267689151
11877889,267,196,71,294059941
14843089,277,187,90,376655591
13853401,216,148,68,348876289
11651329,280,183,97,287832077
14115889,339,260,79,356223891
10421569,293,206,87,254256891
14350849,340,236,104,362813991
10206529,286,204,82,248427971
14618881,298,203,95,370345201
11389681,204,138,66,280655111
10623649,261,184,77,259745703
12901729,265,164,101,322357707
10916161,247,170,77,267712365
12161689,216,157,59,301879223
12424561,312,219,93,309138897
13647001,193,135,58,343107407
11134729,279,181,98,273679563
13111561,270,182,88,328188705
11652169,252,166,86,287855753
14843641,279,200,79,376671275
10207201,256,171,85,248445815
13359889,310,221,89,335100021
12631609,292,193,99,314868561
11878441,273,195,78,294075793
14351089,234,152,82,362820531
10916641,225,156,69,267725261
10421881,241,170,71,254265501
12902401,261,177,84,322377531
12424969,248,198,50,309150447
13853569,199,136,63,348880873
11652481,224,151,73,287864327
10624441,240,166,74,259768203
13647169,314,207,107,343111847
10207369,286,180,106,248449907
11389849,256,178,78,280660223
14116369,313,223,90,356236923
12162481,230,158,72,301900637
11135041,321,216,105,273688323
14619529,244,179,65,370363807
14843929,311,224,87,376678739
10916761,254,175,79,267728297
13111849,171,114,57,328196049
14351521,184,133,51,362833131
12902569,238,168,70,322381651
12425641,224,157,67,309168963
10207849,264,191,73,248462903
11654281,269,185,84,287913425
10423249,297,198,99,254303067
11878609,276,184,92,294080059
12632041,279,192,87,314880219
13361209,227,156,71,335136141
13647649,229,146,83,343125449
10624681,243,161,82,259774299
10916809,261,188,73,267729311
11389921,345,238,107,280661735
14844001,337,221,116,376680893
10208689,294,200,94,248485391
13854121,270,185,85,348895435
11135161,279,183,96,273691911
12426121,268,184,84,309182307
12902761,245,164,81,322387087
11655121,236,167,69,287935921
12162649,229,155,74,301905677
14351761,302,212,90,362839413
14116489,300,202,98,356240751
10917169,285,185,100,267739301
13648321,261,194,67,343144145
10423849,300,205,95,254318403
14621329,447,322,125,370413481
13112761,214,139,75,328220985
10208881,298,198,100,248490833
11878729,245,159,86,294083275
12632089,378,256,122,314881401
10624849,212,139,73,259778785
11655961,338,236,102,287959029
12426241,211,143,68,309185799
13361401,312,213,99,335142243
14844169,362,249,113,376686881
12904369,196,141,55,322431705
11390089,229,159,70,280667147
14352409,318,222,96,362858253
10917481,235,159,76,267748649
11135209,329,237,92,273693015
10209721,379,268,111,248512991
13648681,412,294,118,343154021
12163561,291,213,78,301931021
13854289,299,209,90,348900223
10423921,369,257,112,254320125
11656681,182,128,54,287979057
12426409,290,198,92,309189465
14116561,264,173,91,356242665
12904609,323,226,97,322437675
10625689,309,208,101,259801105
10917649,260,175,85,267752789
11879449,276,192,84,294102757
14844481,198,134,64,376695215
13112929,291,198,93,328225671
10210561,266,184,82,248536833
14621569,299,209,90,370420003
14352601,318,221,97,362862873
12632761,301,200,101,314900697
11390521,324,219,105,280678679
13648849,266,164,102,343158689
13362049,317,213,104,335159991
11135329,342,234,108,273696477
11657641,322,222,100,288005721
12426481,185,129,56,309191925
10424569,195,138,57,254338411
10211401,315,223,92,248560695
10917769,339,231,108,267755603
12905041,308,208,100,322450071
12163729,339,245,94,301935281
13855129,352,235,117,348923013
14845489,286,198,88,376724111
10626169,258,167,91,259814513
14352769,316,236,80,362868069
11879641,234,166,68,294108403
11657809,276,187,89,288010179
13649689,254,160,94,343182665
14117329,287,197,90,356264379
10212721,257,170,87,248595015
13113241,289,203,86,328234641
10918321,295,203,92,267771257
12427081,254,177,77,309208263
11391361,232,152,80,280701791
12632881,285,198,87,314904135
11135401,351,229,122,273698229
12905209,198,136,62,322455039
14622169,281,182,99,370436707
10425361,261,174,87,254360185
13362409,331,216,115,335169999
14845849,275,183,92,376733993
10214089,346,238,108,248632005
11658529,225,157,68,288029733
12164041,305,218,87,301944533
14353201,316,217,99,362880345
10626361,197,124,73,259819847
10918681,257,174,83,267780731
13650001,270,185,85,343191287
12427321,248,160,88,309215013
11880241,272,183,89,294124681
13855249,249,164,85,348926865
12906721,248,154,94,322496133
11391769,260,176,84,280712825
10214401,230,159,71,248640879
11136049,257,185,72,273715215
13113601,280,204,76,328244481
11659561,197,132,65,288058125
14118241,277,177,100,356289717
10425409,278,206,72,254361133
12633961,304,215,89,314932719
10918849,276,186,90,267785675
14846281,389,290,99,376746551
14353249,262,171,91,362881731
12427489,349,223,126,309219423
13650121,279,187,92,343194017
10627009,336,215,121,259837433
14624761,345,237,108,370509567
13363081,279,190,89,335188911
12164329,322,212,110,301951763
10214689,266,177,89,248648339
12907801,267,185,82,322527393
11660041,294,198,96,288071691
10920361,226,171,55,267826845
11880289,251,158,93,294125923
11392081,323,233,90,280721045
11137561,313,227,86,273756837
12428089,262,188,74,309236259
10426201,332,231,101,254382193
13855321,246,148,98,348928509
14846449,258,188,70,376750703
10216441,204,142,62,248696473
13650289,236,158,78,343199351
14353369,302,202,100,362885241
13113769,396,272,124,328248855
12634129,331,209,122,314938383
12907969,314,206,108,322531527
10627681,232,160,72,259856275
10920529,216,143,73,267831315
11660161,345,264,81,288074553
14118409,388,277,111,356294721
12164881,147,109,38,301967723
13363681,309,195,114,335205489
10217281,268,180,88,248718787
12428329,239,163,76,309243051
14625409,336,234,102,370527993
13650529,308,201,107,343205753
11881321,234,163,71,294154577
14353441,309,213,96,362887323
10426249,278,181,97,254383687
14847361,212,142,70,376776617
11392201,272,200,72,280724075
10921969,241,157,84,267871157
11137921,281,200,81,273767043
12908569,289,209,80,322548063
11660329,297,201,96,288079635
10217761,250,171,79,248732869
10628041,248,192,56,259865815
13856329,290,212,78,348957093
12634729,317,204,113,314954841
13114201,250,179,71,328261419
12429841,301,211,90,309285273
10922521,319,232,87,267885851
14118889,276,179,97,356307897
13651681,200,147,53,343238381
11661241,324,217,107,288104205
12165721,342,218,124,301990181
14354089,310,201,109,362904809
12908641,293,190,103,322550601
14847529,279,206,73,376781939
10218889,235,159,76,248762757
10426369,352,242,110,254386849
13363729,290,202,88,335206887
11881489,253,151,102,294158565
11138761,338,209,129,273789339
11392441,250,165,85,280731329
14625529,311,228,83,370531167
12430321,295,189,106,309297825
10628209,249,171,78,259870159
10922689,239,154,85,267890627
11661841,275,188,87,288120987
10219609,240,154,86,248782167
13652209,203,122,81,343253363
12909241,272,193,79,322566817
12634969,211,137,74,314961867
14357641,211,151,60,363004345
13856929,275,183,92,348974493
13114369,288,200,88,328266651
14848369,429,290,139,376804049
12166249,259,171,88,302004405
10427281,331,238,93,254411701
12430489,292,185,107,309303003
10923361,307,226,81,267909271
10628521,288,195,93,259878829
14119009,299,212,87,356311113
11139361,234,166,68,273805589
10220449,276,180,96,248804871
11393209,255,154,101,280752215
11881801,239,167,72,294168111
11662249,229,158,71,288132753
13363849,301,205,96,335209905
12909961,226,159,67,322587583
13652521,240,163,77,343261451
14626081,345,244,101,370546603
10924321,263,191,72,267934435
12166681,311,234,77,302017191
14849209,263,184,79,376828451
12430681,247,173,74,309308139
10221481,262,186,76,248832945
10427761,303,218,85,254424769
12635281,303,207,96,314970927
11662921,261,182,79,288150603
13114609,345,222,123,328272561
10628641,232,145,87,259882009
13857001,264,177,87,348976887
14358649,339,249,90,363032485
11139409,270,180,90,273806621
12910489,270,197,73,322601125
11393761,263,169,94,280767203
13653049,242,157,85,343276217
10925329,327,232,95,267961789
11882929,244,179,65,294198669
10221649,183,122,61,248836833
12166729,219,137,82,302018589
14119921,253,177,76,356336507
12430849,253,184,69,309312225
13364089,384,262,122,335216523
14849521,291,199,92,376837949
11663401,219,154,65,288163959
10428049,301,219,82,254432725
10925881,269,188,81,267977611
10221961,262,198,64,248845869
12910801,240,177,63,322610713
14626201,307,223,84,370550089
10629649,321,226,95,259908643
13653529,316,222,94,343289441
12637081,322,224,98,315019761
12167521,246,171,75,302039987
12431281,301,190,111,309323727
11139769,264,174,90,273817709
13115281,251,166,85,328291899
11393929,252,160,92,280772495
11664529,318,221,97,288194925
11883169,220,138,82,294204813
13857769,247,174,73,348998361
14850049,319,214,105,376852367
14361601,279,179,100,363115573
10222081,191,122,69,248848785
10926001,273,190,83,267980689
12911161,334,231,103,322620187
13364521,178,118,60,335229233
14120089,378,250,128,356340983
10428721,232,172,60,254451277
12167569,326,231,95,302041337
13653889,295,198,97,343300421
12431329,174,113,61,309325215
11665081,293,206,87,288209559
10630201,256,174,82,259924057
10222801,244,170,74,248868585
10926169,291,210,81,267985219
11141089,271,184,87,273852641
12637921,365,231,134,315044049
11394049,344,260,84,280775867
14850361,354,247,107,376861205
14626369,281,195,86,370554847
13115929,274,179,95,328309731
12911329,299,214,85,322624771
12168769,354,247,107,302074759
11883601,271,197,74,294216711
11665441,297,212,85,288219549
12431689,460,307,153,309334911
13654489,239,162,77,343317125
10223641,304,208,96,248891241
13857841,259,176,83,349000335
10428961,177,117,60,254457397
14362441,320,208,112,363138853
10926241,298,207,91,267987889
10631041,228,152,76,259948117
13364569,162,122,40,335230169
14120929,277,174,103,356364737
12912649,273,175,98,322660937
14850481,313,216,97,376864139
12169249,251,162,89,302087521
11141881,257,177,80,273874697
10224649,303,215,88,248918119
11666041,238,150,88,288235383
11394121,302,213,89,280777919
12432169,296,201,95,309347955
12638761,289,188,101,315066903
13655401,353,245,108,343342253
10927009,207,153,54,268009069
11883769,313,221,92,294221319
13116721,280,198,82,328331847
10429801,236,164,72,254480611
14626441,265,188,77,370556959
10225609,230,160,70,248944135
10631161,286,207,79,259951003
12169609,309,221,88,302098189
12912769,243,173,70,322664087
11666929,249,157,92,288260877
13858321,229,158,71,349012977
12432841,296,203,93,309368251
14851561,297,202,95,376894379
10927561,288,192,96,268023823
14362489,214,157,57,363140719
13365409,284,203,81,335253299
11141929,330,228,102,273876563
13655569,244,163,81,343347745
11394289,318,214,104,280781891
14121361,330,216,114,356376527
10226521,359,244,115,248969923
10430281,192,134,58,254493469
12639481,306,210,96,315086895
12170209,364,260,104,302114437
11667289,239,170,69,288270177
12913321,303,195,108,322681523
11884009,293,190,103,294228243
10927849,321,227,94,268031845
12432961,254,177,77,309371293
13117561,266,189,77,328354795
10632409,344,242,102,259984513
14852041,256,174,82,376907729
10227121,291,201,90,248985343
13655881,284,203,81,343355455
14626609,340,225,115,370561495
11142049,308,224,84,273879719
13858849,333,216,117,349027701
11668441,227,147,80,288302655
12170281,387,265,122,302116303
10928521,250,176,74,268049371
11395609,219,155,64,280818169
12914521,325,221,104,322713359
13365529,293,180,113,335256083
14362609,357,248,109,363143575
10431961,214,127,87,254539513
12433009,250,174,76,309372451
10227289,280,198,82,248989979
14121529,337,229,108,356381753
12640009,337,253,84,315101667
11884441,278,193,85,294239685
10633009,297,202,95,260000821
14852161,278,196,82,376910867
13656169,346,244,102,343363999
10928689,285,186,99,268054483
11668729,365,266,99,288309873
12171721,231,162,69,302156095
13117801,227,157,70,328361113
10227961,245,159,86,249007625
12915169,341,244,97,322731623
12433801,244,160,84,309394195
11144281,234,165,69,273940773
11397241,280,181,99,280862851
10432129,335,232,103,254543677
14627449,250,163,87,370586557
10928761,355,232,123,268056199
13860001,253,179,74,349060293
13657249,400,269,131,343393891
11670121,221,166,55,288348413
14852881,231,149,82,376931015
13366201,254,173,81,335274983
12171889,261,182,79,302160493
10229209,353,235,118,249042617
10633081,375,240,135,260002111
14362681,285,188,97,363145525
11884489,325,220,105,294241293
12640489,287,204,83,315114779
12915361,331,226,105,322736765
12433849,333,208,125,309395911
14123041,223,156,67,356424387
10929601,215,149,66,268079161
13117969,313,202,111,328366153
11144449,332,224,108,273944799
11670289,316,213,103,288352787
10229881,280,191,89,249060371
10432249,233,166,67,254546761
12171961,249,169,80,302162389
13657849,306,218,88,343410619
11398129,273,197,76,280886279
14853001,260,186,74,376934591
12435529,369,273,96,309442441
12916129,320,230,90,322758233
10633729,264,171,93,260020927
10930081,357,245,112,268091585
14627761,239,159,80,370594873
13860169,263,184,79,349065309
10230049,304,209,95,249064895
13366609,300,203,97,335286287
11670961,238,161,77,288371153
11885521,290,207,83,294269817
12640609,261,196,65,315117751
12172609,362,248,114,302180349
14362849,306,231,75,363150109
13658401,253,173,80,343425775
10432921,287,198,89,254565587
11145289,231,167,64,273968157
14123089,264,168,96,356425395
12435889,250,176,74,309452245
14853721,297,204,93,376954729
12916369,246,178,68,322765571
10930369,246,171,75,268100249
10230529,291,201,90,249078437
13118641,397,262,135,328384927
11398249,269,170,99,280889273
11671081,365,247,118,288374177
10633921,279,184,95,260025883
12172729,292,200,92,302183967
13658761,268,181,87,343435999
10231201,258,186,72,249096863
10931449,251,175,76,268129139
11886169,246,158,88,294287979
12436321,312,205,107,309464587
13367449,248,169,79,335309549
13860841,279,191,88,349083381
12918049,264,171,93,322811317
14627881,265,169,96,370598083
10433161,298,212,86,254571815
12642001,219,139,80,315156961
14854009,255,167,88,376963495
11672641,218,147,71,288418139
11146129,215,157,58,273991407
14365009,298,208,90,363211421
11398489,339,242,97,280896071
12173569,287,201,86,302205909
10635409,232,157,75,260066123
10232569,397,262,135,249133355
14123881,263,181,82,356447637
10931929,318,223,95,268142321
13119961,221,148,73,328421723
13659241,260,188,72,343449925
12436561,269,188,81,309470599
12918481,206,145,61,322824061
11672929,258,177,81,288425675
14854249,334,214,120,376969639
11886289,307,207,100,294291525
10433809,240,156,84,254588727
10233049,234,152,82,249146241
12173809,348,234,114,302213679
10932289,329,223,106,268151939
11146489,288,189,99,274000989
13367929,218,149,69,335323805
12642121,344,233,111,315160291
13861129,249,167,82,349091361
14628121,302,203,99,370604971
11398921,227,168,59,280908083
12437209,316,205,111,309488815
10635529,264,169,95,260068889
13659361,278,195,83,343452961
11673481,308,190,118,288440885
12918721,252,183,69,322831015
10233241,312,204,108,249151179
14365201,379,247,132,363216635
13120321,287,205,82,328431221
10932601,234,148,86,268161223
12174121,337,227,110,302221923
14124889,231,163,68,356476539
14855089,351,238,113,376993333
10434649,245,160,85,254612511
11886529,292,203,89,294297999
12437401,384,270,114,309493741
11673601,270,175,95,288443753
11147329,296,215,81,274023549
10233889,278,189,89,249168769
13659409,189,144,45,343454149
12918889,293,207,86,322834765
10636081,285,201,84,260084843
10932721,381,258,123,268163989
12642841,216,144,72,315179959
11399161,231,158,73,280914365
13368889,274,180,94,335349935
12175081,295,172,123,302248971
13861201,250,171,79,349093563
14855761,442,307,135,377013241
14628961,263,171,92,370629295
10234921,236,167,69,249196513
11673841,236,157,79,288449921
12438721,207,134,73,309530125
10434769,244,182,62,254615637
13120489,283,195,88,328436879
14365801,336,210,126,363233117
12919561,277,196,81,322853671
13660081,327,234,93,343472671
10933729,289,202,87,268191673
14125129,278,190,88,356482863
12175129,259,171,88,302250795
11147641,395,260,135,274031919
11887201,276,181,95,294315669
10636921,256,176,80,260107343
10235761,338,236,102,249219547
11399761,211,151,60,280931669
11675281,302,209,93,288489621
12439081,288,206,82,309540259
12643201,259,179,80,315189703
14856241,247,173,74,377026825
10933801,317,201,116,268193989
13369129,245,171,74,335356187
12921001,289,187,102,322893961
13660201,207,141,66,343475791
10435441,257,159,98,254632905
13861369,294,199,95,349098273
12175489,312,221,91,302259915
10236409,298,182,116,249237325
14629441,320,233,87,370642561
13122001,261,175,86,328478037
11675449,244,155,89,288494811
11147761,199,132,67,274035345
10637041,289,196,93,260110349
12439561,285,186,99,309553915
10933969,311,219,92,268197979
14366809,301,193,108,363261125
11888209,319,216,103,294344423
14125561,299,204,95,356495223
14856529,235,170,65,377034481
12921049,274,195,79,322895425
10236769,229,161,68,249246979
11400481,226,151,75,280951823
12176161,301,212,89,302278221
13660249,256,170,86,343477633
10436161,265,189,76,254653431
12644041,236,169,67,315212383
11675689,279,179,100,288501267
10934641,234,163,71,268216429
13369441,261,173,88,335365733
12440089,249,177,72,309567891
10238209,235,184,51,249285223
13862809,312,214,98,349138821
11147809,253,170,83,274036413
10637089,199,141,58,260111393
12922561,300,205,95,322937065
12176809,310,224,86,302296539
13122169,240,171,69,328482489
14856769,255,176,79,377041591
11889049,325,230,95,294366447
13660441,270,192,78,343482935
14629729,281,194,87,370650049
11676169,281,203,78,288514145
10935961,295,196,99,268252597
11400601,268,187,81,280954683
14367049,292,204,88,363267635
10238281,268,188,80,249287527
10436449,268,170,98,254660523
12440521,261,176,85,309579765
14126569,429,315,114,356523921
12644809,253,170,83,315233099
12177001,270,175,95,302302431
12922681,291,194,97,322940119
13370569,223,156,67,335397305
10936129,348,244,104,268257019
11676361,270,192,78,288519509
10637449,195,123,72,260122367
13660609,279,185,94,343487399
11148001,286,199,87,274041525
14857081,337,237,100,377050099
10239601,182,125,57,249323479
12441241,275,201,74,309599583
11889481,333,225,108,294378411
13862881,323,225,98,349140969
13122481,290,196,94,328491981
10436689,286,190,96,254667507
11400769,228,163,65,280959201
12177601,290,205,85,302318817
12923089,247,166,81,322951327
10936489,233,160,73,268266613
14630401,274,177,97,370668619
10240609,231,155,76,249350827
11677129,225,157,68,288540197
14367481,281,202,79,363280673
13661281,289,190,99,343506629
14126641,237,172,65,356525697
12645649,220,164,56,315258415
14858089,232,157,75,377078017
10638049,363,268,95,260138093
12441601,258,185,73,309609965
11149009,186,132,54,274069063
13370809,272,177,95,335403881
10936969,259,176,83,268279345
12178321,207,132,75,302338101
10241281,262,188,74,249368719
12923929,341,231,110,322974957
11677201,284,197,87,288542075
10437169,304,217,87,254680329
11889529,242,157,85,294380379
11401609,364,277,87,280983015
13122601,371,261,110,328495611
13863529,298,236,62,349158873
13661449,319,220,99,343510727
12441769,341,231,110,309614039
14858281,211,139,72,377083009
10241401,301,192,109,249372049
10937161,226,154,72,268285783
10638601,207,145,62,260152973
12178609,265,182,83,302345871
11677969,315,212,103,288562277
14630569,418,295,123,370672987
11149849,214,144,70,274092817
12924529,293,205,88,322991793
12645889,290,192,98,315264091
14367721,319,229,90,363286907
14127121,288,198,90,356539443
10437841,265,181,84,254698977
10241809,274,206,68,249383167
12442081,200,141,59,309623513
13661881,234,156,78,343522883
13372321,237,164,73,335446463
10938649,253,171,82,268326295
11892169,260,180,80,294453189
11402329,224,157,67,281002287
12179161,276,185,91,302361465
14858761,228,154,74,377097817
11678209,237,167,70,288569637
13122841,326,228,98,328501641
12925201,222,152,70,323009793
10638769,268,192,76,260157095
13864321,205,145,60,349180401
10242241,249,156,93,249394603
11150281,254,168,86,274104379
10939009,217,136,81,268335787
12442201,245,170,75,309626891
13662721,246,175,71,343546351
12646369,254,170,84,315278083
10439041,252,178,74,254730897
12179689,262,170,92,302376249
11679049,344,233,111,288594189
14631649,388,265,123,370704151
14368729,239,168,71,363315659
14127481,332,234,98,356549157
14859289,406,275,131,377111929
10242289,308,210,98,249395773
11892241,296,214,82,294455193
12925369,374,265,109,323014107
11402449,285,199,86,281005239
13373161,328,212,116,335469339
10939849,302,211,91,268358563
10638961,233,156,77,260163341
12443089,341,220,121,309650903
13662769,327,216,111,343547701
13123009,291,204,87,328506249
11680489,347,229,118,288632565
12180169,205,143,62,302389223
11150329,306,218,88,274105447
10242649,214,146,68,249406325
13865209,350,236,114,349205595
10439641,214,145,69,254747223
12925441,180,118,62,323016441
10940329,200,120,80,268371037
14859601,183,123,60,377120911
12648001,176,131,45,315322645
12443281,335,245,90,309656417
11403361,294,196,98,281030697
11892721,310,194,116,294467673
11681569,229,150,79,288663075
10242961,144,91,53,249414689
12180361,328,226,102,302394077
14631961,343,239,104,370712653
10639129,287,204,83,260167673
14369401,321,224,97,363334703
13663609,282,213,69,343570939
14127961,173,114,59,356562783
13373641,312,212,100,335483091
10940689,242,177,65,268381219
12926761,220,142,78,323054127
11151001,180,128,52,274124095
10441369,240,156,84,254794551
13123441,288,203,85,328519323
12443449,257,169,88,309661751
14859961,236,176,60,377131207
10243969,237,170,67,249441737
11681881,346,237,109,288671487
12180529,176,112,64,302398613
13865881,241,164,77,349224353
10941001,251,159,92,268389619
13664569,215,141,74,343598251
12648169,297,193,104,315327343
11403961,261,190,71,281046345
10639561,243,152,91,260178905
11893009,342,246,96,294475545
12926929,296,219,77,323058045
10244089,269,185,84,249444935
12444721,218,145,73,309695939
11682241,328,227,101,288681039
10441489,222,148,74,254797419
11151169,286,192,94,274128127
14128129,260,178,82,356567283
14369569,388,275,113,363338741
12181369,322,222,100,302422259
14860609,225,142,83,377149237
14632249,217,141,76,370721203
13373809,286,209,77,335487309
10941121,186,125,61,268392999
13665121,272,194,78,343613389
13123681,259,160,99,328525971
10245601,237,152,85,249486007
12927721,274,176,98,323080413
11682721,228,148,80,288694677
10639729,262,172,90,260183663
12444889,260,173,87,309700745
11404201,260,175,85,281053287
12648409,222,147,75,315334435
13866841,298,207,91,349251131
10941289,325,226,99,268397175
12181681,288,196,92,302431259
11893681,258,180,78,294494247
14861449,226,163,63,377173411
10246009,374,265,109,249497353
10442209,303,218,85,254816505
11151529,235,157,78,274137997
13665481,361,237,124,343623583
12928129,237,152,85,323090859
11682889,206,150,56,288698473
13374001,276,184,92,335492589
12445129,310,210,100,309707897
10941361,268,178,90,268399227
14128321,220,155,65,356572827
14369881,292,198,94,363347849
14633089,195,128,67,370744063
12181849,287,193,94,302435609
10246321,235,165,70,249505831
10640281,264,172,92,260199263
13123849,268,185,83,328529955
11405041,264,195,69,281075853
14861641,366,240,126,377178067
11893729,284,175,109,294495441
12648841,281,195,86,315346279
13665649,384,258,126,343627837
10442401,269,178,91,254822289
11683561,285,202,83,288717415
10941841,256,172,84,268413407
12928561,246,171,75,323103363
13867681,273,181,92,349274789
12445441,261,188,73,309716039
11151961,351,250,101,274149625
10246441,314,236,78,249508945
12181969,332,228,104,302439407
13374169,317,219,98,335497347
10640449,278,193,85,260203427
11683681,257,180,77,288720463
13665961,226,144,82,343637953
14128489,282,204,78,356577393
10246609,284,210,74,249514051
11405809,243,166,77,281097797
14370241,252,173,79,363358397
11894569,265,180,85,294518847
14862121,288,207,81,377192149
13124281,238,161,77,328542285
14634481,264,169,95,370783763
12928969,214,144,70,323114619
10942201,275,193,82,268422665
12182041,184,141,43,302441795
10443841,230,158,72,254861077
12445561,400,287,113,309719759
12649561,295,198,97,315366259
11153809,313,223,90,274201303
10246849,468,330,138,249519781
11684401,215,149,66,288740949
13867729,260,179,81,349276145
11894689,225,148,77,294521931
13374601,251,157,94,335509467
10640569,290,203,87,260206751
13666321,230,156,74,343647551
12930289,236,154,82,323151025
12182641,206,145,61,302457531
14862961,237,156,81,377215515
12446449,302,208,94,309743627
11406649,285,202,83,281120327
10444009,214,158,56,254865781
10943641,243,169,74,268461873
10248361,270,172,98,249560731
11684521,291,200,91,288744363
13124521,203,134,69,328548153
14129761,361,250,111,356612253
14371081,303,201,102,363381167
11153881,226,163,63,274203421
11894929,258,172,86,294528633
14634649,212,159,53,370788905
12649729,222,155,67,315370327
12182809,250,170,80,302461911
13667089,346,241,105,343668587
12931081,249,174,75,323172865
12446809,248,172,76,309753701
10248529,258,180,78,249564991
10642081,248,167,81,260247673
14863489,236,165,71,377230347
13867921,221,156,65,349282139
11684689,259,180,79,288749073
13375441,301,211,90,335533535
10444081,285,204,81,254867431
11895361,209,138,71,294540501
11406721,245,172,73,281122277
10943689,278,195,83,268463037
12182881,265,186,79,302463741
10249009,161,110,51,249577945
12447121,243,163,80,309762269
13667761,280,183,97,343687079
12931801,199,134,65,323193177
11154529,211,148,63,274220587
13125001,271,190,81,328561561
11684929,204,143,61,288754845
14131681,310,214,96,356665589
14864329,272,190,82,377253897
12650761,286,198,88,315398981
14371249,322,210,112,363386039
10642129,153,94,59,260249215
11896081,293,202,91,294560247
14636449,252,160,92,370838933
10249201,272,192,80,249583489
12183049,265,173,92,302468925
10444849,276,187,89,254888959
12449089,309,226,83,309816835
10944529,313,212,101,268485543
12931921,269,183,86,323195859
11407321,250,173,77,281138531
13668001,184,127,57,343694399
13868089,266,197,69,349286615
11685241,286,193,93,288763323
13376521,276,191,85,335562815
11155201,257,168,89,274239055
10249801,195,143,52,249600421
11896249,287,210,77,294565437
14864809,243,169,74,377267427
10642249,350,247,103,260252503
12183361,253,161,92,302477061
12653281,289,185,104,315469433
13125169,261,182,79,328566955
12450481,252,182,70,309856169
14371561,264,169,95,363395063
12932329,255,170,85,323207139
11685769,332,226,106,288777957
10445401,279,185,94,254903779
14132449,227,152,75,356686925
13668169,238,171,67,343698581
10944649,240,165,75,268489719
11896441,327,228,99,294570549
11408041,254,182,72,281158409
14637001,231,148,83,370855685
12183649,303,213,90,302485227
14865481,287,203,84,377287115
12653761,268,176,92,315482399
11155561,302,214,88,274248877
13868521,292,182,110,349298549
12451489,250,163,87,309883223
13376689,253,168,85,335567417
11686201,275,198,77,288790833
12932641,310,203,107,323215983
10643329,337,244,93,260281645
14371921,207,139,68,363405311
13668481,365,257,108,343707431
11896609,347,224,123,294576135
10445761,259,166,93,254912527
13125961,303,211,92,328588135
12184489,219,145,74,302508171
10945369,329,236,93,268509237
12451849,305,229,76,309893021
12654289,277,184,93,315497153
11409169,316,215,101,281188835
14133961,267,173,94,356731121
14865649,269,189,80,377291573
11687281,294,192,102,288819633
12934321,240,151,89,323262239
11156161,235,150,85,274264821
14373409,295,205,90,363447833
11897209,289,193,96,294591609
13668841,260,172,88,343717487
10643929,272,169,103,260298451
14637121,260,169,91,370858889
13377289,297,212,85,335584451
13868761,251,171,80,349304891
12184561,302,196,106,302509965
10446529,212,139,73,254934183
12452329,311,221,90,309907019
11687761,251,170,81,288833007
12654601,283,188,95,315506183
10945489,240,163,77,268512207
12934489,242,168,74,323267651
14865841,267,172,95,377296445
13126681,321,232,89,328608001
11897449,191,138,53,294598623
11409721,334,236,98,281204639
14373769,362,258,104,363458159
13669009,341,220,121,343721891
11156881,223,155,68,274284813
12186001,214,161,53,302549913
10644001,271,181,90,260300425
14134009,394,271,123,356731991
11688121,240,153,87,288842559
12453361,310,213,97,309935339
12654721,241,174,67,315509531
10446769,303,189,114,254940597
12934681,413,276,137,323272823
11897761,330,224,106,294606687
14638201,400,289,111,370888271
13378009,342,246,96,335604491
14866681,262,178,84,377320163
13868929,367,273,94,349309217
10946041,297,198,99,268527207
13669489,233,153,80,343734947
14374201,259,169,90,363469691
12186721,264,187,77,302570781
11688961,257,173,84,288866157
11409841,201,137,64,281208107
13126801,248,166,82,328611241
12454009,262,155,107,309952925
12655561,260,206,54,315533009
11157169,209,130,79,274292157
10645321,259,173,86,260336039
11898121,226,150,76,294616443
12934849,282,199,83,323278313
10447441,243,176,67,254958963
14134129,340,241,99,356735111
14867161,216,153,63,377334077
12187009,250,173,77,302578257
13669609,294,195,99,343738115
11689609,237,165,72,288883263
14374369,256,175,81,363474719
10947049,208,148,60,268555263
12455809,278,182,96,310002557
12655801,233,152,81,315540089
11899729,306,222,84,294661293
13378369,231,153,78,335614079
14638369,287,200,87,370893201
11410081,209,141,68,281214179
12935161,292,206,86,323287589
13869769,299,200,99,349333739
10645441,234,157,77,260339143
11157409,277,177,100,274300017
13126849,338,221,117,328612759
12187729,207,150,57,302597517
10448041,324,227,97,254975451
11689801,278,189,89,288888429
13669681,292,208,84,343740239
14867689,252,171,81,377349491
12456049,301,214,87,310009265
14375281,327,209,118,363499899
11899969,325,215,110,294667551
12655969,321,225,96,315543899
10947841,259,167,92,268576725
12935281,305,213,92,323290325
14134369,298,215,83,356742659
12187849,356,276,80,302600721
11690401,348,254,94,288904679
11410249,222,143,79,281218493
10645489,295,193,102,260340211
13379209,233,147,86,335637761
11157889,253,153,100,274312377
13670521,282,201,81,343764029
12456361,257,171,86,310017815
10448281,258,178,80,254982051
11900641,218,150,68,294686499
14868361,237,157,80,377367941
13870201,261,179,82,349345451
14375929,349,236,113,363517993
14638801,257,173,84,370905075
12656569,212,151,61,315560207
13127209,311,226,85,328622947
12936529,229,158,71,323324885
11690449,260,182,78,288906455
12188089,297,195,102,302607705
10947889,272,196,76,268577721
12456649,243,170,73,310025837
11902249,274,195,79,294730689
13671289,272,165,107,343785659
10646281,281,197,84,260361415
11411401,193,136,57,281251849
12657121,204,148,56,315575885
14868961,280,171,109,377384139
10448881,194,129,65,254998095
14135521,233,156,77,356773895
11158009,310,213,97,274316109
14376049,247,175,72,363521137
12937849,363,253,110,323360867
11691649,333,223,110,288938975
12190081,234,174,60,302662413
13379689,283,198,85,335651213
13870921,194,125,69,349365389
11902321,214,149,65,294732705
12456721,247,181,66,310028027
13128529,391,299,92,328659809
10949089,318,215,103,268610397
14638849,223,156,67,370906323
13673041,338,217,121,343834301
12657289,267,182,85,315580187
10646329,261,171,90,260363029
11693089,235,163,72,288979103
12938041,245,172,73,323366381
14869009,272,196,76,377385417
14376289,289,207,82,363527833
12190369,213,150,63,302670507
10449121,257,168,89,255005055
11412361,268,177,91,281276899
11158921,347,225,122,274341349
11902921,299,209,90,294748563
12457321,368,275,93,310044413
14135881,265,181,84,356784557
13673689,311,204,107,343852967
12657409,273,196,77,315583655
13379809,247,167,80,335654729
11694601,261,180,81,289020609
10949401,203,137,66,268619217
12938209,250,157,93,323371265
12190441,329,238,91,302672331
14376601,211,139,72,363537013
13128649,285,185,100,328663457
14869681,222,145,77,377404551
13871761,289,211,78,349388993
10647361,278,193,85,260390677
11903761,283,193,90,294772251
10449961,317,210,107,255027141
12457729,300,183,117,310056107
14639881,196,127,69,370935909
11412769,233,172,61,281287873
11159569,265,178,87,274358641
11694769,263,178,85,289025013
13673809,331,228,103,343856699
12657961,224,154,70,315598385
12191041,275,184,91,302689119
12938521,250,184,66,323379707
11903809,218,147,71,294773523
10949569,268,196,72,268623519
14376889,316,228,88,363544741
14869969,222,142,80,377412945
12458041,274,180,94,310064129
14136481,310,213,97,356801159
13379881,308,209,99,335656931
10647529,212,126,86,260395513
10451569,370,278,92,255071685
11694841,319,226,93,289026915
13128721,272,199,73,328665293
12658801,252,178,74,315622523
13674649,321,215,106,343879679
12191089,231,161,70,302690565
11414209,218,136,82,281328013
13872601,216,150,66,349411871
11160361,292,207,85,274380211
12938689,248,164,84,323384147
11904481,255,178,77,294791335
14640361,310,221,89,370948899
12459001,190,128,62,310090775
14377969,245,168,77,363574695
14870689,348,254,94,377432853
11696281,231,163,68,289066959
10949761,214,137,77,268628769
10648201,280,201,79,260414655
12659161,361,256,105,315631751
12191209,286,191,95,302693445
10451641,251,178,73,255073575
13674721,256,172,84,343881443
12939889,352,230,122,323418077
11904601,319,214,105,294794371
14137369,203,130,73,356826299
13380361,248,172,76,335670779
12460081,289,193,96,310119813
11160769,231,153,78,274390621
11414929,306,211,95,281347653
13129201,277,196,81,328678265
11696449,264,181,83,289071417
14378449,315,221,94,363588745
13872889,296,203,93,349419905
14872729,230,167,63,377491713
12192121,385,249,136,302718115
12660169,279,200,79,315659401
10949929,250,159,91,268633875
11905681,407,288,119,294824569
13675201,271,191,80,343894865
12940201,295,212,83,323427221
10648801,193,132,61,260430601
14640529,354,241,113,370953723
10452121,243,163,80,255086391
12460681,321,224,97,310137291
11697001,254,170,84,289086689
14379121,249,153,96,363607249
11161081,263,165,98,274400131
11415289,385,261,124,281356833
12192601,245,181,64,302732485
13380481,272,163,109,335673731
12661321,311,215,96,315691137
14873041,361,253,108,377500881
14138401,292,214,78,356855023
11905849,357,248,109,294829285
12941041,296,212,84,323450087
13131169,293,205,88,328733051
13675489,210,146,64,343902797
12461401,232,154,78,310157987
10950361,313,212,101,268645187
11697289,437,295,142,289094051
10648849,251,169,82,260431489
10453081,221,145,76,255112419
13873441,275,185,90,349436009
12192769,214,158,56,302737647
14379289,271,186,85,363612045
12661849,302,214,88,315706047
11906161,279,197,82,294838873
14641321,365,268,97,370976271
14873401,278,182,96,377510525
12941881,319,220,99,323473343
11161609,347,238,109,274414009
11415961,281,202,79,281374747
13675561,221,156,65,343904501
11697529,344,217,127,289100789
12461689,238,155,83,310165625
13380529,297,201,96,335675009
10950529,340,235,105,268650137
12193561,299,203,96,302758539
10650049,231,153,78,260464645
13131241,327,219,108,328734845
10453321,288,190,98,255118941
14138569,255,163,92,356859289
11906281,239,156,83,294841681
12662449,288,191,97,315722637
14379481,324,226,98,363616911
12942409,320,242,78,323487923
11698009,304,214,90,289113743
13873609,368,261,107,349440479
12463201,276,183,93,310207139
14875681,313,222,91,377573951
13676161,315,216,99,343921829
11161921,200,137,63,274423117
11417281,310,215,95,281412235
12193969,335,246,89,302769477
11906329,299,208,91,294842953
14641489,297,210,87,370980747
12663121,250,157,93,315742047
10453801,236,174,62,255132369
10950769,251,183,68,268656425
10650889,257,193,64,260488051
11698201,258,165,93,289119107
14380081,196,142,54,363634647
12943729,365,249,116,323524721
12463369,275,194,81,310211873
13382329,249,161,88,335723921
13676209,243,161,82,343923269
13132081,276,185,91,328758875
14876401,238,159,79,377595233
14139049,224,143,81,356872843
12194569,377,259,118,302786291
11906689,321,229,92,294852445
11162881,246,172,74,274448791
12664129,253,177,76,315769615
11698369,309,217,92,289124255
13874569,249,166,83,349467893
11417401,285,202,83,281415037
12944689,278,188,90,323550985
12463609,352,251,101,310218389
14380969,325,237,88,363659751
10454089,256,184,72,255139755
10652209,263,172,91,260523289
10951249,234,152,82,268669703
13678729,242,161,81,343993461
12194641,302,203,99,302788109
11907289,221,160,61,294869075
14876761,392,274,118,377604431
14641729,249,165,84,370987287
11698801,214,134,80,289135133
13382401,326,232,94,335725709
12664369,225,142,83,315777229
13133689,294,193,101,328803253
12944761,264,172,92,323552887
12463921,318,228,90,310226933
11163049,292,202,90,274453765
14139241,211,143,68,356878435
14382001,273,184,89,363689187
11418409,265,201,64,281442541
12195481,259,179,80,302811269
13679929,218,149,69,344027799
11907529,279,189,90,294875489
10454641,221,155,66,255154379
10652881,322,227,95,260541685
10951609,314,204,110,268678835
13875649,372,282,90,349497461
11698969,354,251,103,289140017
14877409,327,230,97,377622881
12664681,274,164,110,315785005
12465049,215,144,71,310259285
12945241,225,151,74,323566777
12196321,282,189,93,302834543
11908849,303,201,102,294911969
14382649,307,226,81,363706773
14642209,238,167,71,371002161
11163121,275,191,84,274455685
13682209,330,224,106,344091843
13382569,410,278,132,335731565
13134409,300,208,92,328823161
11700049,231,154,77,289170695
11418481,342,230,112,281443987
10455001,323,224,99,255163859
10654009,329,238,91,260572339
12665041,353,243,110,315794347
14878081,224,146,78,377641301
10952281,375,264,111,268696569
14139841,168,113,55,356895433
12465769,262,176,86,310278671
12945769,262,173,89,323580423
11910361,221,151,70,294953711
12197089,264,193,71,302855927
13876801,246,171,75,349529875
11700529,249,172,77,289183199
14383009,242,186,56,363716229
13682281,311,205,106,344094117
11163601,249,159,90,274468675
12665641,300,214,86,315811621
10455481,200,138,62,255177677
12466561,289,196,93,310300979
14878249,181,133,48,377645759
12946081,264,194,70,323590005
10654081,267,187,80,260574961
11418961,281,190,91,281458039
13382881,294,205,89,335740205
13134769,304,215,89,328833331
11910529,267,183,84,294958319
12197329,209,147,62,302862665
10952881,227,158,69,268714329
14642569,399,287,112,371011467
11700889,352,231,121,289192745
13682761,181,139,42,344106975
14383321,297,201,96,363725187
14139889,287,203,84,356896345
12665689,265,174,91,315812863
12466969,265,181,84,310311809
12946369,299,204,95,323597859
11910649,264,177,87,294961061
13876921,246,170,76,349533145
12197641,164,114,50,302871653
11163721,258,173,85,274471255
14878441,322,236,86,377651333
10455769,297,202,95,255185501
11702329,322,221,101,289232567
10654249,282,184,98,260578759
11419249,227,155,72,281464993
10953289,285,188,97,268724751
13683889,319,228,91,344138247
14383489,342,223,119,363730377
13137121,434,296,138,328898659
13383241,167,117,50,335750753
12666361,353,242,111,315831121
12467569,194,136,58,310328447
11911201,215,133,82,294976553
12947041,290,199,91,323616399
14643241,302,204,98,371030379
12198001,407,260,147,302880953
11702569,306,213,93,289239743
14879089,253,173,80,377670173
10456321,258,180,78,255200831
14140849,353,243,110,356922687
11164561,219,132,87,274494319
10654561,215,154,61,260587315
13685401,310,222,88,344180145
12666529,344,228,116,315835663
13877161,290,195,95,349539217
11419921,296,197,99,281483863
12467641,348,251,97,310330493
10953721,282,202,80,268736715
14383849,250,171,79,363741195
11911321,362,248,114,294979541
12198649,207,155,52,302899007
11703049,368,243,125,289252775
12947881,264,181,83,323640237
13137961,250,170,80,328922273
13383841,215,154,61,335767355
14879881,260,172,88,377692631
10456609,317,246,71,255208511
12668209,203,146,57,315882259
13685641,347,244,103,344186619
12467809,321,196,125,310335125
11911369,299,200,99,294980741
11164969,243,170,73,274505431
10654729,304,229,75,260591881
14643841,257,180,77,371046993
11703841,302,211,91,289274853
12199321,214,147,67,302918273
14384449,262,176,86,363757749
12947929,263,174,89,323641449
10953769,297,211,86,268738173
14141401,223,147,76,356939613
11420089,325,209,116,281488345
13877329,262,169,93,349544695
14880601,290,203,87,377713307
11912569,311,212,99,295014317
12469081,229,150,79,310369955
12668569,170,106,64,315892213
11704249,228,154,74,289285575
13685809,281,193,88,344191107
12199609,404,260,144,302925833
10457449,325,242,83,255230657
13138561,271,180,91,328937993
12948601,277,199,78,323660457
13383889,261,161,100,335768465
14385121,276,189,87,363775773
10654921,227,169,58,260596603
11166289,293,190,103,274542127
10953889,219,147,72,268741929
11420329,292,215,77,281494927
11913049,307,215,92,295027931
12469129,283,189,94,310371521
14644081,188,130,58,371054013
11704921,332,245,87,289303791
12668881,277,178,99,315900733
14880721,242,175,67,377716079
12200521,313,225,88,302950361
13686121,284,197,87,344199741
14141929,366,246,120,356954241
12948961,327,221,106,323670081
10458529,267,197,70,255259955
14385169,331,229,102,363777387
13877641,285,197,88,349553305
10655521,295,210,85,260612983
11166481,298,208,90,274547245
11913409,284,179,105,295037969
11706529,323,213,110,289347723
13139641,193,123,70,328968773
12469921,262,175,87,310392791
13384561,212,146,66,335786735
12200689,301,198,103,302955065
12670081,270,183,87,315934429
10955449,325,222,103,268783539
13686481,236,161,75,344209941
14880769,336,237,99,377717507
11420641,215,141,74,281503831
12950569,213,151,62,323714505
14385361,279,181,98,363782295
10458841,281,198,83,255268241
11913721,228,156,72,295046171
11706769,351,229,122,289355145
14644249,219,144,75,371058693
12469969,318,240,78,310393799
14142409,294,207,87,356966889
12201961,257,182,75,302990355
10655569,273,183,90,260614777
12670849,246,156,90,315955181
11167921,297,200,97,274586333
13878481,233,151,82,349577179
13687081,266,177,89,344227091
12951241,393,290,103,323732529
14881129,345,218,127,377727263
10955809,341,223,118,268793151
13140289,347,249,98,328986449
13385401,281,168,113,335810547
11421481,347,247,100,281526829
11913841,242,175,67,295049693
11707081,250,162,88,289364205
14385529,316,216,100,363787023
12470329,242,164,78,310404243
12202129,264,178,86,302994435
10459201,248,161,87,255278729
12671089,352,253,99,315961571
10656241,270,196,74,260632483
12951481,420,290,130,323739273
13687129,205,132,73,344228297
11169001,250,168,82,274616593
11914009,285,191,94,295054247
14881609,285,196,89,377741159
11708089,252,155,97,289391763
14644561,253,173,80,371067381
14142529,295,211,84,356970633
10956289,245,175,70,268806053
12471001,202,136,66,310422495
12202849,273,203,70,303014841
14385841,357,251,106,363795969
13878841,318,204,114,349587265
11421601,192,129,63,281529703
12672409,284,186,98,315998093
13140409,281,188,93,328989791
10459849,228,149,79,255296021
13385761,250,185,65,335820117
12952321,318,215,103,323763009
13687249,231,142,89,344231033
11708881,326,237,89,289413039
11914081,308,226,82,295056143
10656361,204,132,72,260636647
14881969,325,232,93,377751287
12471169,330,239,91,310428003
12202969,251,183,68,303017787
11170321,382,281,101,274652311
14386681,279,191,88,363819723
12672529,213,138,75,316001489
10957249,237,175,62,268832531
12952921,218,148,70,323779455
11709769,275,195,80,289437285
11915401,261,174,87,295092269
11422321,249,150,99,281550325
14645401,210,139,71,371091115
10460209,281,191,90,255305273
14143081,247,171,76,356986269
13687321,259,189,70,344232863
13879321,216,144,72,349601653
12203689,260,180,80,303038157
12471601,254,176,78,310440291
13140649,294,213,81,328996037
10658209,153,95,58,260686445
14882281,294,197,97,377759969
13386409,291,206,85,335837817
12673081,324,212,112,316017833
14387041,202,142,60,363829131
11170609,323,220,103,274659925
11709961,351,242,109,289442997
11916241,274,183,91,295115243
12952969,330,229,101,323780733
10957801,211,147,64,268848629
13687801,247,170,77,344247579
12203881,298,204,94,303043323
12471649,271,192,79,310441575
10460689,322,211,111,255318347
11423281,192,129,63,281576167
14143249,305,200,105,356990961
14883241,254,161,93,377787251
10659769,236,156,80,260728691
11710129,213,152,61,289447511
11916409,285,208,77,295119517
14387641,218,144,74,363846819
14646361,354,245,109,371117155
12953929,338,218,120,323806953
13141081,280,196,84,329008253
12673249,315,205,110,316022129
13879441,255,178,77,349604773
11170681,253,181,72,274662205
12204721,207,131,76,303066807
13387201,273,196,77,335860599
13687969,273,182,91,344251665
12471841,356,254,102,310446753
10958329,369,251,118,268862297
10460809,261,199,62,255321835
11710561,240,160,80,289459169
11916601,203,147,56,295125307
14143369,243,175,68,356993907
11423449,380,264,116,281580721
14883481,449,306,143,377793683
12954769,205,126,79,323830309
14387809,357,268,89,363851379
10660129,350,252,98,260737607
12204889,253,176,77,303070875
12473281,247,173,74,310486053
13688641,262,177,85,344270685
12673369,255,170,85,316025213
11172001,169,109,60,274698331
11711449,227,143,84,289482971
14647441,282,189,93,371148007
13141801,288,190,98,329028491
11917249,289,199,90,295142751
10958641,235,151,84,268870931
13879609,330,252,78,349609225
10461361,249,179,70,255336391
13387249,284,196,88,335861715
12954841,284,192,92,323831899
14885089,326,220,106,377838091
14388481,337,227,110,363869699
12205321,280,209,71,303083121
14144041,343,247,96,357012759
12474361,196,134,62,310515495
11423689,254,162,92,281587339
10660561,254,180,74,260750033
13688761,238,166,72,344274213
11712121,269,184,85,289502993
11920561,179,127,52,295234575
14647609,224,151,73,371153323
11172289,282,197,85,274706809
12955609,386,287,99,323853283
10958809,235,156,79,268875317
12674209,289,203,86,316047773
12205561,292,200,92,303089841
10461889,218,148,70,255351631
14886769,367,258,109,377886355
12475009,251,166,85,310534107
14389201,292,205,87,363890801
13142161,346,247,99,329037707
11712289,291,200,91,289507097
13688809,313,206,107,344275395
11920801,303,209,94,295241247
13879849,292,201,91,349615405
13387369,317,212,105,335864679
10661281,252,176,76,260769587
11424001,213,151,62,281596099
14144089,274,206,68,357014055
12955681,259,172,87,323855701
12206209,235,173,62,303107469
12475681,258,173,85,310552333
14648209,304,222,82,371170111
11172529,224,138,86,274713253
11712409,199,141,58,289510151
14389489,234,158,76,363898229
14887009,295,205,90,377893419
10959649,264,192,72,268899371
10465249,209,147,62,255442417
11921401,240,170,70,295257831
10661401,179,133,46,260772695
13688929,305,209,96,344278767
12675121,361,254,107,316073957
13142641,243,168,75,329051795
12206401,270,175,95,303113085
12957121,257,179,78,323897137
11424121,234,158,76,281599129
12476689,234,158,76,310579459
11713081,268,191,77,289528193
13388041,399,267,132,335884077
10661449,271,195,76,260774243
13880521,303,184,119,349634155
11922121,234,151,83,295278813
14390329,383,279,104,363922265
14888161,209,150,59,377925943
13689601,310,219,91,344297355
11173801,274,182,92,274747231
10465729,179,122,57,255454975
14144209,239,163,76,357018033
10959769,308,201,107,268902413
12207049,288,204,84,303131229
12957361,241,158,83,323903821
14648281,361,270,91,371172037
10661569,220,161,59,260777975
12477529,225,152,73,310603825
11713321,208,126,82,289534703
12676801,248,174,74,316120595
11922241,300,208,92,295281327
11424961,234,152,82,281621601
13142761,306,205,101,329054771
14390881,326,223,103,363938285
13689649,274,183,91,344298825
14888329,246,159,87,377930251
12207721,341,238,103,303148935
10662241,366,273,93,260795705
13388449,327,226,101,335894901
10465849,261,181,80,255458389
12958201,226,152,74,323926903
11715481,292,202,90,289594445
11173969,339,234,105,274751989
13881289,298,209,89,349655671
10960009,238,167,71,268909211
12477649,331,234,97,310606729
11922409,255,180,75,295286565
14144281,317,224,93,357019455
10662649,302,201,101,260807015
13690441,273,187,86,344321115
14391049,327,250,77,363942551
12677449,284,187,97,316138745
12208081,218,150,68,303159565
11425201,398,275,123,281628381
14889529,353,240,113,377964487
14648761,350,242,108,371185219
11716321,307,216,91,289617341
12959041,329,227,102,323949403
12477721,253,164,89,310608859
11922649,301,207,94,295292835
10466089,281,194,87,255464743
13142929,298,225,73,329059787
11174521,322,223,99,274766989
10960441,342,237,105,268920341
10663801,266,174,92,260839015
13388761,225,155,70,335904705
12209521,182,130,52,303199225
13882009,234,153,81,349675747
13691281,341,237,104,344344287
11716681,298,206,92,289626659
14391241,352,243,109,363947735
12478201,306,214,92,310621813
12959521,189,115,74,323964085
14889961,286,203,83,377976325
11923081,259,172,87,295304229
11425801,251,167,84,281645283
14145049,244,167,77,357040917
12677641,327,232,95,316144133
10664761,297,207,90,260864053
10466569,214,157,57,255478309
12210241,221,156,65,303219133
14649601,310,215,95,371209081
10960681,241,160,81,268927099
11174689,260,165,95,274771669
11717521,253,158,95,289650335
13144489,317,212,105,329103373
13691449,357,249,108,344348679
11923921,204,128,76,295327239
12479209,248,164,84,310649839
14391889,281,202,79,363966395
12959809,329,228,101,323971219
14890201,294,209,85,377983387
13389049,274,212,62,335912385
10664809,221,159,62,260865667
12678121,245,159,86,316157645
13882681,301,212,89,349694971
11425969,207,141,66,281649309
12211249,305,211,94,303246269
11718361,248,177,71,289674023
10466689,254,165,89,255481141
11923969,263,177,86,295328373
12479881,295,196,99,310668307
13692841,383,271,112,344388111
14145601,326,241,85,357056049
12960889,359,252,107,324001197
10960849,311,214,97,268931065
11174809,257,187,70,274774519
14392009,270,198,72,363969215
14890849,261,174,87,378001579
13145449,280,193,87,329130577
12678241,246,165,81,316160555
11718841,269,186,83,289686551
14649721,259,176,83,371212729
12212881,256,183,73,303291009
10665769,183,133,50,260892883
11924641,209,137,72,295347399
12480049,309,214,95,310673465
13389121,321,202,119,335913987
10467241,229,151,78,255496237
11426521,330,229,101,281664581
13693201,240,163,77,344398083
12961561,289,209,80,324020205
13882801,270,195,75,349698493
14392849,225,146,79,363992639
10961161,295,200,95,268940479
11174881,225,160,65,274776787
11719009,202,130,72,289691285
12212929,249,163,86,303292437
14891521,396,278,118,378020041
12678649,198,137,61,316172009
11924929,292,208,84,295354449
14146801,268,176,92,357090465
12480841,250,176,74,310695331
11426689,263,184,79,281669771
10666441,362,233,129,260909893
12964561,186,128,58,324103613
13693969,275,186,89,344420481
13146169,205,142,63,329150581
10467409,310,222,88,255501391
11719369,319,231,88,289700963
14392921,267,196,71,363994283
14649769,286,200,86,371214535
12213049,285,215,70,303295917
13390129,247,174,73,335942115
11925481,251,157,94,295369839
10961281,238,153,85,268943431
14893201,273,181,92,378068221
11175481,237,152,85,274792591
12480889,237,158,79,310696549
11426881,302,206,96,281674667
13883041,337,228,109,349704373
12964681,231,155,76,324106865
13694209,227,149,78,344426661
11719969,330,236,94,289717721
12679081,204,132,72,316183739
10666609,372,260,112,260914495
12213601,213,146,67,303310761
10468441,242,162,80,255529231
14393521,324,213,111,364011569
14148961,271,191,80,357151431
11925841,287,189,98,295380027
13146361,384,278,106,329155987
11427049,267,182,85,281678879
12482521,328,217,111,310742219
14893369,249,168,81,378072415
10961521,291,199,92,268950463
12964921,231,159,72,324113387
11720641,214,144,70,289736429
11175529,246,172,74,274794667
13694881,237,165,72,344445639
14649961,306,202,104,371219125
13391401,287,186,101,335977617
12214441,237,156,81,303334197
11926009,322,205,117,295384827
10667521,217,151,66,260939499
11427649,291,208,83,281695841
14394409,320,210,110,364036667
13883521,275,195,80,349717845
10468609,317,229,88,255533533
12482761,273,187,86,310749047
12679129,250,158,92,316185167
11720689,356,234,122,289737545
14893729,358,240,118,378081931
12965521,350,250,100,324129707
13695481,323,222,101,344461413
12214561,394,263,131,303336999
14149081,281,189,92,357154683
13147009,265,181,84,329173279
10962529,327,229,98,268977181
11927329,368,248,120,295420795
11175889,261,177,84,274804777
11428201,204,140,64,281711105
12483241,245,174,71,310761671
14394769,334,237,97,364046347
10668169,270,187,83,260957547
13391449,297,204,93,335979183
11720809,205,138,67,289740617
10469089,237,165,72,255546655
14650969,348,242,106,371247181
12965569,243,160,83,324131237
14894161,316,215,101,378095029
12214729,321,217,104,303341901
11927449,262,175,87,295424713
13696561,321,222,99,344492043
12680329,346,236,110,316218443
11428489,317,216,101,281718287
13883641,275,175,100,349721601
12483409,246,180,66,310766177
10962961,209,145,64,268989061
11721049,304,213,91,289747553
11176201,293,201,92,274812949
14395201,318,214,104,364059439
13147369,308,209,99,329183065
12966241,224,141,83,324149513
14149969,252,163,89,357178953
10668289,252,176,76,260960499
12214801,244,171,73,303344241
11927521,226,133,93,295426609
10470289,248,168,80,255579183
11430169,269,185,84,281764653
14895169,258,169,89,378122979
13697041,249,161,88,344505165
13391641,295,208,87,335984175
12484201,222,152,70,310787819
11721649,244,157,87,289763585
14651401,280,189,91,371259553
12680641,268,181,87,316227215
14395441,272,194,78,364065445
10963201,302,212,90,268995421
12966601,232,165,67,324159587
12215449,200,141,59,303362445
11928361,192,134,58,295449319
13883689,261,176,85,349722975
11431561,207,144,63,281803227
11176369,239,161,78,274817515
10669369,278,202,76,260990239
13699249,267,175,92,344566877
10470721,259,164,95,255591045
14895409,196,133,63,378129693
13148041,325,217,108,329202565
12484249,365,258,107,310788911
11721889,204,137,67,289770125
14150329,290,210,80,357189759
12680761,232,156,76,316230111
12216121,258,177,81,303380421
11928529,381,264,117,295453801
12967609,303,214,89,324187723
14395609,320,210,110,364070341
13391809,305,196,109,335988681
10963369,289,180,109,269000323
11722201,236,158,78,289778513
13699561,310,206,104,344575499
11431921,191,134,57,281812953
11176489,187,129,58,274820443
12484441,233,142,91,310794347
10669969,247,157,90,261006649
14651449,334,223,111,371260939
14895889,336,249,87,378144077
10471561,262,172,90,255613881
13884049,247,167,80,349732731
11929129,188,135,53,295470585
12217801,337,232,105,303427821
12681601,222,152,70,316253073
12968209,257,179,78,324204013
13148689,307,231,76,329220065
14396929,299,198,101,364107623
11722369,313,205,108,289783475
12484609,273,192,81,310799153
13699921,282,184,98,344585333
14150641,317,237,80,357198135
10964641,228,150,78,269034955
14896009,374,265,109,378147257
11929201,327,219,108,295472523
12218329,308,219,89,303442143
11176729,235,163,72,274827859
11432569,277,188,89,281830665
13392121,286,206,80,335998131
10670809,383,265,118,261029233
12681769,239,170,69,316257069
10471729,277,208,69,255618067
12968281,293,198,95,324206377
11722489,244,168,76,289786883
14397049,400,297,103,364110559
12485881,339,240,99,310835461
14652241,340,238,102,371282491
13884721,311,215,96,349751403
13700569,256,176,80,344603831
11929849,397,284,113,295489539
13148809,288,216,72,329223599
12218761,284,198,86,303454203
10964809,284,207,77,269039455
14896729,222,158,64,378167453
12682849,254,179,75,316287147
12969049,270,180,90,324227635
11722729,392,286,106,289793603
10671049,233,149,84,261035365
11177161,238,165,73,274839405
11432761,281,188,93,281835567
10471801,215,146,69,255620245
14151169,251,184,67,357213447
12486049,265,172,93,310839283
14397289,215,137,78,364117723
13392649,290,186,104,336012599
11930041,288,200,88,295494819
13700761,212,147,65,344609651
12219169,276,204,72,303465729
12683329,323,241,82,316300899
12971641,254,177,77,324299563
11723161,342,224,118,289804853
14897521,212,138,74,378189569
10965049,222,158,64,269046097
13884889,407,298,109,349756041
14652289,301,210,91,371283985
12486121,357,235,122,310841341
13148881,269,181,88,329225489
10671481,282,204,78,261046957
14397961,324,223,101,364136569
10473121,175,116,59,255656107
11930521,344,245,99,295509827
11178001,228,167,61,274862397
11433241,245,169,76,281849145
12220441,294,204,90,303500079
13701529,301,201,100,344630483
11723329,330,239,91,289809533
12683521,259,179,80,316306251
12973249,212,152,60,324344713
14152441,230,149,81,357247675
13394089,302,216,86,336052607
14897689,229,159,70,378194765
12486601,195,133,62,310854685
11931889,374,256,118,295546643
10965481,266,193,73,269058463
12220489,312,211,101,303501267
14398129,273,179,94,364141627
10672201,197,129,68,261067449
13702441,185,129,56,344656595
10473289,376,261,115,255660133
11723401,273,197,76,289811975
11178721,263,182,81,274881903
12683689,274,185,89,316311111
11434201,187,128,59,281875267
12973801,296,193,103,324360035
13886209,344,225,119,349793199
13149361,217,152,65,329239187
14652409,361,276,85,371287429
12486889,351,238,113,310862599
11932201,196,142,54,295555613
14897761,255,167,88,378196805
14153449,288,198,90,357276515
12220609,300,210,90,303505017
13394761,294,200,94,336071219
11724001,237,144,93,289828461
10966201,191,145,46,269078251
12684289,340,239,101,316328643
13702609,365,240,125,344661767
12973921,246,178,68,324363257
11434249,210,155,55,281876815
10672369,345,249,96,261071373
10473961,247,170,77,255678925
14400409,261,174,87,364205673
12487561,249,185,64,310881243
11932321,202,146,56,295559039
11178841,293,217,76,274885119
12220849,197,142,55,303511851
14898529,380,265,115,378217499
13152241,247,176,71,329319083
14153521,378,252,126,357278417
13886329,359,234,125,349796421
11724721,266,172,94,289848039
12684361,295,206,89,316330863
14653321,290,195,95,371313691
12973969,265,185,80,324364577
13703449,279,190,89,344684687
12487729,241,157,84,310885437
11933401,259,168,91,295588361
10966489,342,231,111,269085751
10474489,215,149,66,255693751
10672489,209,134,75,261074685
11434441,353,250,103,281881819
12221449,282,184,98,303528237
13395001,231,169,62,336078083
11179249,255,172,83,274896375
11724841,289,200,89,289850889
14900209,224,150,74,378265243
14154121,272,182,90,357295367
14401249,262,185,77,364229211
12684961,253,175,78,316346511
12974329,408,284,124,324373793
13703761,275,194,81,344693579
11933569,344,243,101,295594169
12487801,294,208,86,310887309
13152721,262,170,92,329332313
12221689,292,195,97,303534599
13886401,206,133,73,349798773
10474969,346,250,96,255706933
10967041,232,157,75,269100679
10673401,285,182,103,261099219
11725081,230,155,75,289858239
11434609,231,150,81,281887441
14655169,224,162,62,371365379
14154169,283,184,99,357297251
14900761,284,200,84,378281137
12685201,216,150,66,316352781
12974641,190,126,64,324382761
11180929,283,196,87,274941905
11934409,291,211,80,295616585
12489241,325,223,102,310928017
13704049,263,190,73,344700695
13395169,358,246,112,336082391
12222121,251,172,79,303546457
11725729,234,162,72,289875687
14401921,317,214,103,364247847
10475089,218,154,64,255709999
10673881,253,171,82,261112485
13152889,330,221,109,329336987
10967401,181,127,54,269110465
12685681,276,187,89,316366293
11934841,237,157,80,295628105
14154289,302,226,76,357300419
12975649,321,212,109,324410403
12489481,224,148,76,310934029
14900881,263,175,88,378284347
11435041,260,180,80,281897947
13886881,292,201,91,349812881
13704121,337,239,98,344702621
12222841,270,183,87,303566851
11181241,252,155,97,274951073
11726089,389,279,110,289885335
14655481,253,163,90,371373767
13395601,267,194,73,336094993
11935009,313,206,107,295632875
12686521,262,167,95,316389357
12975769,179,123,56,324414651
12489649,281,180,101,310938307
10475929,214,150,64,255732403
14154529,330,227,103,357306761
10674841,326,239,87,261138849
10968049,208,139,69,269128309
14900929,237,176,61,378285589
12223009,266,188,78,303571669
13704289,270,181,89,344708027
11726761,278,203,75,289904161
14402329,397,280,117,364259367
13153081,432,306,126,329341517
11435089,295,196,99,281899441
11181409,258,183,75,274955261
11935081,244,176,68,295634957
12686809,271,182,89,316397403
13887001,333,228,105,349816331
12490921,231,162,69,310975087
12976009,319,237,82,324420885
12224209,433,284,149,303604027
14154841,352,246,106,357315887
11726929,244,175,69,289909063
10476001,368,244,124,255733957
13704721,327,220,107,344719955
14901721,366,276,90,378307933
10675681,264,179,85,261161223
14656321,232,156,76,371397523
13395649,286,210,76,336095983
10968241,338,216,122,269133169
11936401,314,213,101,295670699
11435449,242,176,66,281909905
12490969,295,202,93,310976125
12686881,176,102,74,316399461
12976489,267,185,82,324434079
11181601,252,173,79,274960793
11728921,253,181,72,289963717
13153249,243,166,77,329347793
12224521,193,132,61,303613147
14404609,315,229,86,364323717
14155129,326,227,99,357324137
13704961,371,248,123,344726215
10476601,275,178,97,255750445
14902969,243,165,78,378342751
11936689,329,240,89,295678725
13887169,371,261,110,349820963
10675849,280,189,91,261165801
10968889,249,158,91,269150269
12491161,264,183,81,310980841
12687889,288,202,86,316426967
11729041,335,235,100,289966609
12976681,190,117,73,324439701
12225049,335,234,101,303627253
13395769,241,156,85,336099637
11436961,261,173,88,281950657
14656441,351,247,104,371400619
14155369,347,238,109,357330737
11182609,143,97,46,274988773
13705561,210,138,72,344742985
11937361,271,184,87,295696785
14903569,305,194,111,378360625
13154521,288,204,84,329382639
10477009,265,182,83,255761809
12491329,271,171,100,310984975
11729761,213,150,63,289987171
12688201,231,152,79,316436399
10675921,236,147,89,261167823
12977329,224,155,69,324457869
12225361,211,137,74,303635743
14405329,307,215,92,364343343
10969561,258,181,77,269169055
13887241,205,134,71,349822775
11939041,190,130,60,295743321
14155681,256,175,81,357339857
13706401,306,209,97,344766535
11437801,293,208,85,281973535
11183041,170,113,57,274999939
11730601,212,146,66,290010385
13395841,401,279,122,336101257
12491761,264,176,88,310997887
14905249,341,230,111,378407581
12688369,216,141,75,316440111
12225649,404,293,111,303643501
12977449,285,189,96,324460935
10477609,307,196,111,255778567
14656849,269,189,80,371411803
10676401,287,203,84,261181317
11939089,357,251,106,295744725
13154569,292,207,85,329383905
10969681,359,240,119,269172043
13706449,268,188,80,344768083
14156641,245,170,75,357367123
11730721,278,204,74,290013061
12492001,374,258,116,311004181
14405689,282,189,93,364353777
12226321,261,175,86,303662359
12688729,399,264,135,316449969
12977521,352,244,108,324462789
11439289,204,125,79,282014877
14905489,241,163,78,378413875
13888009,322,226,96,349843433
11183449,223,148,75,275011711
11939881,341,236,105,295766733
10478161,215,150,65,255793855
13396609,302,219,83,336122467
10676569,272,202,70,261186099
11731129,239,180,59,290024569
13707121,270,183,87,344786449
14156809,360,240,120,357371065
12492169,220,143,77,311008813
12226561,243,169,74,303669751
10969921,195,130,65,269178961
14657329,293,214,79,371425777
12689401,276,199,77,316468437
12978169,251,183,68,324481569
13154761,177,131,46,329389017
11940121,243,174,69,295773297
14906761,211,139,72,378449427
11439409,292,223,69,282018519
11731729,326,229,97,290040589
11183881,274,180,94,275022835
10478521,278,198,80,255802711
14406121,178,122,56,364366353
12493321,242,168,74,311041411
13707289,281,199,82,344790895
12227041,278,201,77,303683131
14157529,347,253,94,357391537
13888249,308,217,91,349850225
10677769,246,168,78,261218169
12690049,214,149,65,316487835
12978529,321,223,98,324491043
11940601,191,137,54,295786749
13397161,297,200,97,336138235
10970569,212,150,62,269195591
11732401,282,182,100,290058771
14906929,353,241,112,378454455
13154929,379,268,111,329393487
12493609,317,227,90,311049095
12227209,288,194,94,303687451
14658001,300,211,89,371445387
13708081,229,161,68,344814365
11439481,279,181,98,282020367
10479289,294,210,84,255823761
11184889,247,179,68,275050579
14157721,255,172,83,357396787
12691849,231,151,80,316537345
12979129,287,206,81,324508065
11941609,228,153,75,295813773
10678609,257,178,79,261241221
11733649,253,167,86,290093163
14406529,233,149,84,364377513
10970761,245,171,74,269201261
13888561,317,214,103,349859021
14907169,279,181,98,378461055
12494281,276,184,92,311067185
12227569,257,161,96,303697009
13398001,318,211,107,336161977
13708129,292,201,91,344815565
11941729,312,224,88,295816923
12692089,249,173,76,316544455
14159401,265,169,96,357443833
12979801,323,219,104,324525795
10479961,268,194,74,255841425
11734249,273,179,94,290110167
11440249,320,233,87,282040683
11185441,301,216,85,275065027
13155361,276,189,87,329405619
10679041,253,162,91,261252345
12228409,360,248,112,303720295
14658289,307,188,119,371452767
12494329,261,176,85,311068649
14907481,244,168,76,378470523
10970929,460,334,126,269205683
11942401,261,173,88,295835649
13708489,380,288,92,344825123
12692521,267,181,86,316555297
12980521,198,140,58,324546609
11734321,321,205,116,290111925
14160001,272,179,93,357459775
14406841,270,189,81,364385991
13889089,263,175,88,349873529
10480009,300,232,68,255842631
11440321,211,144,67,282042459
13399681,197,124,73,336209113
12495001,259,188,71,311088305
12228721,251,170,81,303728605
11185969,325,222,103,275080123
10680889,309,227,82,261303287
11943289,368,252,116,295860297
14907649,187,127,60,378474999
13155529,293,209,84,329410743
14658841,303,197,106,371468709
12980689,281,196,85,324550809
13708921,262,182,80,344837111
10971601,246,166,80,269224337
11441161,255,171,84,282066321
11735641,251,183,68,290148597
14160409,327,200,127,357471745
12692689,242,156,86,316560253
14406961,318,218,100,364388889
12495841,254,168,86,311110529
12228841,316,218,98,303732085
10480369,211,140,71,255852477
11944129,287,199,88,295883495
11186401,257,173,84,275092063
10681441,196,127,69,261318559
13890769,290,208,82,349920575
12981481,317,224,93,324572643
14908849,341,236,105,378508731
13399849,242,179,63,336213727
13708969,265,184,81,344838647
11441329,255,174,81,282071265
10972201,384,277,107,269240669
14161249,333,234,99,357494889
12496969,271,198,73,311141285
12228889,246,163,83,303733231
13155601,261,179,82,329412579
11944249,272,173,99,295886405
14407849,216,149,67,364414745
14658961,254,179,75,371472711
11735761,287,200,87,290151705
10480681,341,234,107,255861375
12692929,321,210,111,316566805
12981649,369,251,118,324577719
11441641,331,231,100,282079893
14909329,369,264,105,378522525
10681969,225,148,77,261332371
13709329,383,273,110,344847965
11186449,235,154,81,275093625
12230521,316,216,100,303778207
12497209,274,174,100,311148059
11944321,216,137,79,295888571
14161681,271,187,84,357507213
13891081,212,147,65,349929635
10973881,299,207,92,269286575
14408689,247,178,69,364438409
13400041,298,205,93,336218929
11441809,229,148,81,282084021
12982369,220,152,68,324597927
10480969,368,256,112,255868881
13156609,330,231,99,329440959
11735809,314,223,91,290153283
13709809,266,188,78,344861345
14909449,262,162,100,378525777
12230689,240,160,80,303782491
12499561,293,207,86,311213195
11945161,303,218,85,295911479
12694369,303,205,98,316606693
10682641,318,237,81,261350953
14660209,266,180,86,371507745
11186641,231,159,72,275098719
14161729,289,196,93,357508689
10974121,268,190,78,269292779
14408881,266,179,87,364443989
11442841,293,212,81,282112299
12982729,350,246,104,324607431
12230929,262,190,72,303789463
11945641,288,205,83,295924805
13709929,346,236,110,344864567
10481041,357,244,113,255870723
13891249,258,169,89,349934369
13400209,306,206,100,336223417
12694609,276,205,71,316614475
14909689,306,217,89,378532371
11735929,253,165,88,290156307
10974721,308,210,98,269310201
13156921,328,224,104,329449701
14162521,227,167,60,357530923
11443009,292,216,76,282116595
10682809,308,196,112,261355801
11187289,260,183,77,275115921
14409649,235,168,67,364465441
12983161,226,155,71,324619347
12232201,275,178,97,303824877
11945929,351,244,107,295932347
14660521,283,182,101,371516487
13711441,305,203,102,344908007
12695041,219,149,70,316626277
10975561,250,172,78,269333089
10482049,318,224,94,255899193
11443321,313,215,98,282125853
14911009,282,193,89,378570419
14162689,312,216,96,357534979
12983401,262,191,71,324625791
11736169,236,140,96,290162133
13400689,254,181,73,336237889
10685089,283,196,87,261417547
14409721,312,213,99,364467253
13892209,248,160,88,349960697
11946769,228,155,73,295955773
12232369,239,165,74,303829863
10975609,269,194,75,269334541
11188081,236,154,82,275138151
13158049,210,141,69,329480535
12696049,294,208,86,316653619
13711681,189,117,72,344914403
11443441,212,147,65,282128891
14911201,329,223,106,378576113
10482361,331,226,105,255907617
14162761,311,217,94,357537097
12984241,271,179,92,324649149
11947009,303,197,106,295962157
12232609,253,170,83,303836727
10975729,358,255,103,269337637
14660641,318,223,95,371519565
14410369,235,158,77,364485223
10685329,267,175,92,261424561
11445289,266,200,66,282178685
12696289,285,190,95,316661029
11736649,240,154,86,290176131
13712161,276,194,82,344927327
11189641,205,136,69,275180967
13402561,343,235,108,336288505
13892761,304,199,105,349977221
10975801,301,210,91,269339449
13158889,284,207,77,329504461
11947321,264,185,79,295971241
14911801,258,181,77,378591959
12986089,293,186,107,324700875
12233209,244,162,82,303852351
14164609,314,219,95,357589735
10482649,229,157,72,255915405
11445361,319,207,112,282180731
14410729,284,187,97,364494943
12696889,384,277,107,316677595
13712449,218,159,59,344935673
10685641,256,174,82,261433099
10976569,315,223,92,269360481
11947489,183,123,60,295975561
11736841,311,223,88,290180775
12233449,318,219,99,303858807
12986689,208,141,67,324717657
14661529,272,198,74,371545227
11189929,297,225,72,275187909
14164921,258,182,76,357598957
14911849,344,249,95,378593285
11445529,206,142,64,282185417
13402729,438,299,139,336293455
10482721,291,197,94,255917283
12697129,238,171,67,316683925
14411161,277,190,87,364507735
13892881,239,167,72,349979879
13158961,249,175,74,329505895
10977289,294,208,86,269379975
13713121,259,172,87,344955413
11947609,257,174,83,295978741
10686601,281,206,75,261459229
12234049,199,123,76,303875763
12987361,227,162,65,324736323
11446849,250,167,83,282222203
14165449,267,176,91,357613789
14912041,223,151,72,378599819
11737441,227,146,81,290198103
11190481,326,229,97,275203563
12697441,304,211,93,316692319
10977961,302,214,88,269398383
14411569,404,298,106,364518397
10483201,188,118,70,255929835
13714009,217,145,72,344980127
11948449,324,221,103,296001949
14662369,306,224,82,371568351
12234961,293,204,89,303900831
11446969,237,162,75,282225113
12987409,316,216,100,324737241
13403041,251,168,83,336301861
10687009,297,205,92,261469717
13159441,200,141,59,329519701
13893289,325,228,97,349991327
10978129,314,224,90,269402931
14165929,283,192,91,357626815
12697609,290,208,82,316696705
14913049,362,255,107,378626519
11949001,253,163,90,296017603
14412841,227,152,75,364554583
11190769,268,180,88,275211423
11739001,262,150,112,290240501
13714681,254,181,73,344998475
12236401,288,198,90,303940743
11447209,245,156,89,282231875
10483489,319,232,87,255937497
12987769,321,218,103,324747825
10978321,316,213,103,269408229
12698281,254,189,65,316716199
14166121,319,212,107,357631825
10687489,319,218,101,261482455
11950129,223,148,75,296048625
14913529,273,187,86,378640295
14662489,318,213,105,371571183
13403161,297,206,91,336304927
11448049,316,225,91,282255257
12236569,264,189,75,303946047
14413081,215,138,77,364561849
13159561,336,239,97,329523247
13715041,249,177,72,345008093
10978921,314,210,104,269424249
13893961,310,208,102,350009873
12988081,261,168,93,324756255
11191009,238,157,81,275217543
10484161,260,177,83,255956037
11739529,264,169,95,290254955
12698401,213,140,73,316719589
11950681,293,187,106,296063487
14167441,271,177,94,357669157
11448529,182,121,61,282269219
12236641,246,173,73,303948165
10687681,224,144,80,261487687
10978969,240,155,85,269425857
14913649,297,195,102,378643403
13715809,301,202,99,345030563
14413849,353,259,94,364583989
12989209,255,179,76,324787157
13403209,234,146,88,336306535
11950969,299,215,84,296070915
12698449,304,211,93,316720405
10484401,220,149,71,255962343
11191489,234,174,60,275231115
13159969,229,166,63,329534203
11448721,276,198,78,282273959
14662729,226,138,88,371578449
12237289,189,136,53,303965583
10981681,228,160,68,269499419
11740129,242,163,79,290271155
14167561,263,180,83,357672397
13894801,369,257,112,350033603
14913721,281,193,88,378645719
13715881,253,169,84,345032375
12989281,390,298,92,324788933
10688281,300,208,92,261504241
14413921,326,205,121,364585339
11951809,249,175,74,296094159
12699409,327,234,93,316748317
11449369,241,148,93,282291325
10981849,280,189,91,269503883
12237409,339,243,96,303968511
10484569,374,248,126,255966837
14167969,316,213,103,357684191
11191681,232,155,77,275236323
12989881,304,200,104,324806249
13404169,250,160,90,336334225
13716649,252,174,78,345054047
11740369,182,113,69,290277953
13160569,401,266,135,329550667
14915161,271,177,94,378687153
14414089,393,270,123,364589893
11952481,273,194,79,296113281
10982281,313,210,103,269515307
11449729,226,154,72,282301687
10689841,363,255,108,261547273
14663161,321,220,101,371590641
12700081,209,153,56,316766485
13895281,249,160,89,350046809
12239329,214,146,68,304022397
14168569,326,218,108,357700319
11192449,231,160,71,275258013
10485721,179,120,59,255998425
12991609,218,138,80,324854297
13717201,224,138,86,345068969
11952529,154,103,51,296114403
11450161,227,151,76,282313567
10689961,275,178,97,261550027
14915401,260,188,72,378693231
12700249,243,171,72,316770607
12239641,327,224,103,304030959
10983169,285,188,97,269539587
11741641,284,207,77,290312327
13404241,238,150,88,336335641
11193289,267,181,86,275280603
13161121,317,219,98,329566807
14414401,176,124,52,364599733
14168641,323,218,105,357702491
10691809,292,206,86,261600925
12991729,282,194,88,324856997
11450209,168,118,50,282314815
11953561,298,197,101,296142395
13717369,322,210,112,345072839
14663569,357,236,121,371602365
13895449,363,260,103,350051627
10486561,284,197,87,256021069
12239809,272,176,96,304035303
12700489,346,237,109,316777255
14915881,266,193,73,378706779
11193529,203,137,66,275287269
10691881,225,138,87,261602671
10983529,287,203,84,269549121
11451001,195,130,65,282335767
11741689,322,234,88,290313359
11954161,230,155,75,296160137
12991969,268,169,99,324863963
14168809,320,226,94,357707549
13717489,246,167,79,345076217
12240601,302,211,91,304056357
13162081,220,146,74,329592967
13404889,160,110,50,336354157
12700969,318,218,100,316790425
11193841,223,148,75,275295963
10486921,244,170,74,256030633
14916001,211,144,67,378710037
10692049,192,129,63,261607153
14415409,335,235,100,364626247
11452249,301,201,100,282370045
11955841,312,210,102,296205377
13895641,284,193,91,350057333
14664049,225,138,87,371615421
12992281,175,114,61,324873095
14169121,322,235,87,357715979
10984849,361,251,110,269585995
12240841,323,221,102,304063209
13718329,170,111,59,345099903
11194969,248,161,87,275325921
11741809,269,189,80,290318141
12701089,243,154,89,316793821
10692361,250,178,72,261615265
11452681,233,165,68,282382117
10487089,340,229,111,256035691
14916049,334,225,109,378711267
11956081,276,190,86,296211979
13162249,320,223,97,329597365
12993121,209,142,67,324896453
13405009,321,210,111,336357421
11195521,227,148,79,275341107
12242161,347,227,120,304100293
14169241,251,177,74,357719039
10693201,235,151,84,261638507
13718401,267,193,74,345101787
12701929,277,191,86,316816189
14417041,309,216,93,364672441
10984969,360,241,119,269588923
11453929,251,161,90,282416189
13896241,282,177,105,350074091
11956921,234,158,76,296234755
11742649,281,189,92,290340661
14664241,223,160,63,371621199
14917561,347,244,103,378754709
11195881,203,139,64,275350967
10488241,279,193,86,256067265
12993289,209,136,73,324901109
10694161,239,162,77,261664125
12242521,340,216,124,304110157
14169289,273,187,86,357720353
12702649,266,193,73,316836385
11454601,208,140,68,282434783
13719049,240,166,74,345119889
13162489,292,200,92,329604209
11957521,281,200,81,296252017
13405681,234,151,83,336375397
10985209,271,184,87,269595907
11196721,314,205,109,275373923
10694209,224,145,79,261665193
12993481,324,223,101,324906557
12242689,326,212,114,304114507
14917729,325,220,105,378758873
11743321,289,196,93,290359393
14417761,264,188,76,364692841
10488601,316,228,88,256076103
11454769,297,206,91,282439325
12702769,334,236,98,316840279
13896409,388,277,111,350078855
14170081,342,231,111,357742427
13719169,303,206,97,345123123
11957761,248,171,77,296257993
14664721,282,191,91,371634591
11197489,257,182,75,275395205
10695049,243,168,75,261688395
12243289,298,209,89,304131361
12993649,302,213,89,324910883
10985641,266,183,83,269607685
11455201,218,150,68,282450947
13163089,289,203,86,329620607
14918089,315,223,92,378768659
13406089,388,259,129,336386799
12703681,230,146,84,316864987
11958241,195,136,59,296271401
10489201,344,231,113,256093323
10695169,231,163,68,261691629
13721569,194,133,61,345190627
14171161,224,148,76,357772883
11197561,198,130,68,275397581
11744041,263,183,80,290379481
12243841,167,124,43,304146925
11455369,258,171,87,282456203
14417881,291,204,87,364696141
12994249,280,186,94,324927281
13897321,212,154,58,350103711
10696249,204,141,63,261721875
11959081,237,160,77,296295401
12703849,328,226,102,316869355
11197729,245,152,93,275401619
14918569,284,180,104,378782267
10986049,333,216,117,269618917
14664841,328,236,92,371637309
13721761,221,152,69,345196069
14171329,332,230,102,357777755
10489441,230,148,82,256099767
13163641,284,182,102,329636855
12244009,350,263,87,304150957
11456041,296,213,83,282474035
13406929,473,318,155,336410415
12994321,353,236,117,324929573
11745049,231,146,85,290406763
10696681,290,210,80,261732399
11198569,353,255,98,275424979
11959201,261,169,92,296298461
12704161,263,181,82,316879213
14918929,241,170,71,378793091
13722361,235,155,80,345212659
14171809,301,203,98,357791201
11456209,297,210,87,282478781
10986721,222,152,70,269637379
12244201,291,207,84,304156381
14418289,308,222,86,364707055
13897489,317,227,90,350108379
10696729,304,208,96,261734091
10490041,329,227,102,256115835
12994489,306,200,106,324933659
11199169,227,157,70,275441719
11959369,280,194,86,296302601
14664889,368,244,124,371639559
12705289,323,244,79,316910293
13164769,367,270,97,329667431
11745889,248,175,73,290430277
11456281,216,151,65,282481139
13407241,184,136,48,336419985
13722409,231,157,74,345214153
14919361,332,228,104,378804755
12244681,249,191,58,304170385
10696849,218,164,54,261737289
14172601,181,117,64,357814375
11199841,250,172,78,275460265
12995329,215,148,67,324957055
10986889,237,156,81,269642023
11959921,259,169,90,296318021
10490089,298,183,115,256117053
12705841,217,151,66,316927231
11457601,223,151,72,282517409
13898161,312,215,97,350127553
10697521,241,153,88,261755931
14418961,391,258,133,364726033
12245041,215,149,66,304179241
13722529,381,266,115,345216679
11200009,322,224,98,275464837
14920201,290,200,90,378828533
11746249,262,187,75,290439595
14172649,232,161,71,357815509
11960089,217,145,72,296321963
12996001,271,201,70,324975981
13165441,262,175,87,329686253
14665009,310,219,91,371642301
12706009,242,162,80,316931263
13407409,220,146,74,336424509
11457769,255,182,73,282521813
10699201,324,234,90,261800709
10988161,305,214,91,269676493
10490209,212,131,81,256120131
12245209,327,232,95,304183903
11200681,304,214,90,275483407
13723081,232,154,78,345232975
11960281,276,189,87,296327165
12997009,215,140,75,325004337
14173441,370,254,116,357836881
14920921,370,256,114,378849683
10699609,264,178,86,261812805
11457889,249,166,83,282525437
13899001,250,168,82,350151085
12707521,282,194,88,316971879
11746561,233,161,72,290448511
14419129,271,185,86,364730893
11200921,322,227,95,275489701
12245641,313,219,94,304196203
13165489,250,172,78,329687957
10988209,226,160,66,269677717
10490761,249,176,73,256135833
11960449,395,264,131,296331329
13723441,250,169,81,345243739
14666089,234,164,70,371672643
13407601,285,195,90,336429747
12997441,264,184,80,325015905
10699921,255,184,71,261821445
11457961,341,235,106,282527243
14175001,251,183,68,357880561
14921281,255,172,83,378859619
12708529,301,190,111,316999803
11201689,266,173,93,275510179
12246361,248,175,73,304216783
11960929,262,178,84,296345849
11746681,247,178,69,290451487
10700281,270,186,84,261830721
13724449,290,201,89,345272059
11458129,406,276,130,282531053
13899481,332,229,103,350164411
12997489,361,253,108,325017489
10490881,294,196,98,256138935
10988401,223,155,68,269683141
11202241,268,189,79,275524963
14419441,220,157,63,364738987
14175961,296,202,94,357907003
12708721,247,163,84,317005755
13165849,279,197,82,329697863
14921449,269,188,81,378863471
12246721,306,223,83,304226821
13408081,283,198,85,336442887
10701121,316,208,108,261854041
11961049,217,136,81,296349251
14667409,184,118,66,371710159
11458609,300,219,81,282544229
13724761,312,223,89,345280177
12997609,264,174,90,325021167
11203081,288,203,85,275548471
11746849,213,144,69,290456623
10491769,258,183,75,256162653
12708889,315,212,103,317009853
14176681,256,180,76,357927487
12247369,315,210,105,304243999
10988569,355,244,111,269688181
10701961,210,139,71,261877111
14922121,525,327,198,378882137
11961121,338,238,100,296351351
11458801,286,190,96,282548957
13899601,227,152,75,350168077
11203201,217,159,58,275551939
13166521,329,205,124,329715623
14421409,375,254,121,364795237
12997681,254,175,79,325023435
13725289,329,233,96,345294433
10702441,197,135,62,261890557
12248209,255,166,89,304267135
13408201,198,132,66,336446457
14667529,354,257,97,371713603
11747401,236,157,79,290471935
14176801,224,157,67,357931033
12709561,276,190,86,317027793
11961289,296,212,84,296356307
10491961,211,146,65,256167813
11459281,286,198,88,282562517
14922289,273,200,73,378887063
10989001,305,210,95,269700551
11204449,209,127,82,275586313
10702561,196,133,63,261893713
13725601,272,202,70,345303547
12248569,272,193,79,304277029
11747569,296,217,79,290476333
11961721,306,202,104,296367695
13899649,211,153,58,350169055
11460961,286,201,85,282609407
14176849,286,182,104,357931969
14668081,311,199,112,371728837
13167001,248,154,94,329730857
11204881,268,188,80,275596801
12997849,327,238,89,325027977
14421481,311,200,111,364797361
10492441,299,203,96,256180683
14922601,185,141,44,378897125
10702609,244,165,79,261895021
13408249,230,168,62,336447729
12710569,251,162,89,317055699
10989241,248,177,71,269706671
12248881,319,218,101,304285891
13725721,260,189,71,345306655
11748409,225,140,85,290499355
11962129,283,196,87,296378711
11461249,357,273,84,282616715
11205121,271,195,76,275603911
14177041,279,186,93,357937951
14668249,346,234,112,371732911
10702969,310,209,101,261904885
10989409,293,203,90,269710769
14923729,331,237,94,378927845
14422129,324,236,88,364814917
10492561,219,145,74,256184289
11748769,295,191,104,290508991
13901449,273,172,101,350218801
13167169,264,195,69,329734877
12998281,243,165,78,325039743
11462089,183,118,65,282639911
11963401,208,140,68,296414159
13725769,317,220,97,345307939
11205289,344,257,87,275608429
10703281,262,178,84,261913417
12711001,222,149,73,317068379
13409089,294,207,87,336470619
14177689,312,217,95,357955873
10989889,173,108,65,269724047
14668369,274,172,102,371736829
11749249,290,209,81,290522101
11462929,209,140,69,282662345
11963449,295,197,98,296415299
11205721,269,187,82,275620567
14924281,235,165,70,378943307
14422321,285,198,87,364820341
13725889,230,144,86,345311011
10493401,278,177,101,256206837
10705129,309,203,106,261963193
10990081,250,155,95,269728871
14178049,381,262,119,357965485
12998329,288,198,90,325041087
13167841,303,196,107,329753597
11749369,237,176,61,290525779
13901689,235,153,82,350226697
11463649,329,215,114,282681779
14668441,333,226,107,371738635
11205769,154,109,45,275622019
11963569,317,234,83,296418143
12711169,260,165,95,317072315
10705489,306,210,96,261972727
13409761,197,136,61,336489483
14422921,397,283,114,364837009
14924449,214,143,71,378947999
13726129,295,206,89,345317605
10990249,241,158,83,269733205
10493449,346,240,106,256208145
11749921,253,164,89,290540809
11464009,282,203,79,282692537
11206609,384,269,115,275644651
14178529,286,182,104,357979231
11963641,388,255,133,296420111
10706809,215,157,58,262008447
14670121,372,247,125,371785875
12998449,295,217,78,325044363
10990561,186,134,52,269741743
12713521,269,196,73,317138399
14423161,272,176,96,364843487
13726969,188,121,67,345341779
13167961,192,128,64,329756801
14925409,255,183,72,378976211
13902169,328,238,90,350240407
11206729,323,236,87,275647639
11464489,225,165,60,282705317
10707769,289,190,99,262034709
10493569,221,146,75,256211403
11964409,279,186,93,296441015
13410721,255,170,85,336515959
14178889,274,177,97,357990013
10991089,289,205,84,269757217
12998521,282,191,91,325046043
14670289,419,293,126,371790249
12713761,244,167,77,317145143
13727281,366,240,126,345350137
14423329,307,193,114,364848047
11207569,334,216,118,275670913
11465689,285,193,92,282738003
14925481,293,196,97,378978653
10708681,274,177,97,262059255
11965321,212,139,73,296466719
10991569,259,173,86,269769649
13168201,302,209,93,329763101
10494241,239,165,74,256230177
14180161,335,247,88,358024711
12999289,295,210,85,325067247
12713929,376,262,114,317149193
13902289,329,228,101,350243899
11208409,232,164,68,275693689
11466289,264,178,86,282754665
14670769,289,210,79,371803347
10709689,284,195,89,262087103
13727401,319,222,97,345353227
13411129,262,181,81,336527119
14423809,248,169,79,364861943
11966641,260,178,82,296502885
14926081,207,140,67,378994505
10992361,258,179,79,269791237
12999361,234,160,74,325069353
14180209,287,181,106,358026109
11208481,213,144,69,275695789
10710001,193,138,55,262095887
10495249,302,207,95,256257081
11466361,289,197,92,282756651
12714241,190,139,51,317158109
14670889,289,192,97,371807307
13727809,309,199,110,345364381
11966809,221,154,67,296507883
10992529,277,181,96,269796535
13168369,332,227,105,329767355
14424001,263,169,94,364867433
13411441,206,149,57,336536251
14926321,249,166,83,379001705
10495321,282,191,91,256259271
11209249,342,242,100,275716595
10710121,324,210,114,262098863
13902529,198,129,69,350250193
11466529,314,209,105,282761253
14181001,300,211,89,358049155
12714529,262,182,80,317165549
11967481,312,221,91,296525823
10992601,333,234,99,269798743
13728289,192,130,62,345377995
14671441,275,199,76,371822859
10495801,203,138,65,256272477
14425681,250,156,94,364915013
10710169,270,171,99,262100141
13411609,292,195,97,336541021
11209489,246,172,74,275722913
11467009,237,164,73,282774393
14926801,293,214,79,379015433
13168801,292,212,80,329780067
12714601,290,195,95,317167595
10994041,267,182,85,269837065
14181721,240,155,85,358068529
11967649,282,195,87,296530551
10496329,291,198,93,256287165
10710361,220,156,64,262105421
13728409,274,168,106,345381115
11209969,222,142,80,275736563
13902961,224,161,63,350263033
14672401,419,269,150,371850411
11467801,192,122,70,282796713
13411969,276,195,81,336550825
14425849,301,205,96,364919765
10994209,376,289,87,269841451
14926921,260,185,75,379018265
12715081,306,191,115,317180675
11967841,247,156,91,296535345
10497001,291,184,107,256305099
14182009,361,245,116,358076569
10710961,326,226,100,262122125
11210761,200,124,76,275758907
13729129,376,289,87,345401421
11467969,315,229,86,282801321
13169809,234,158,76,329807865
13412449,314,216,98,336564307
10994281,216,155,61,269843731
14673409,332,243,89,371879283
14426161,242,165,77,364928645
10497601,228,147,81,256320645
11968321,229,157,72,296549655
12715249,302,209,93,317185655
10711009,183,126,57,262123751
14927329,294,184,110,379029419
11210929,268,169,99,275763041
13903129,292,205,87,350267407
14182249,280,187,93,358082797
11469361,312,215,97,282839835
13729801,349,232,117,345421029
10994449,287,188,99,269847727
10497649,340,228,112,256322049
13412569,305,232,73,336567487
10711369,239,163,76,262132553
11969329,312,211,101,296577105
14673649,281,187,94,371886249
14427841,199,125,74,364975715
12715441,458,308,150,317190905
11211169,324,221,103,275769377
13170721,189,140,49,329833083
11470321,270,181,89,282865353
14927929,207,134,73,379046739
14182849,293,179,114,358101105
10994881,379,258,121,269859433
10497841,240,167,73,256327131
13730089,287,211,76,345428841
10711681,276,182,94,262140923
13413121,263,174,89,336582817
11970121,268,179,89,296599041
11211769,331,219,112,275785655
13903849,212,154,58,350286961
12717769,233,136,97,317255283
14674081,267,173,94,371898045
14428129,192,126,66,364983527
11470489,382,274,108,282869823
10995121,261,179,82,269866585
10498489,211,144,67,256345593
10712809,307,193,114,262171391
14928841,242,158,84,379071999
14183401,305,197,108,358116953
13730161,176,115,61,345430683
11970169,246,168,78,296600433
11212321,277,177,100,275800943
13413241,212,142,70,336586885
13171321,293,201,92,329849763
12717889,275,171,104,317258415
11471569,401,263,138,282899731
10498681,248,174,74,256350045
10995289,391,256,135,269871115
14428369,305,217,88,364990475
14674321,270,189,81,371904789
10713361,287,206,81,262187207
14183761,233,150,83,358126421
11212609,248,174,74,275809097
11970961,232,156,76,296622333
14929489,225,154,71,379089993
13904641,222,154,68,350309011
13730329,301,209,92,345435885
13413409,199,140,59,336591493
11472049,231,164,67,282913571
10499329,217,143,74,256368345
12718801,292,204,88,317284203
10995601,300,207,93,269880181
10713481,208,143,65,262190597
14428681,255,172,83,365000027
14674801,293,200,93,371918283
11212849,284,197,87,275815841
13171369,281,182,99,329850969
11971369,247,159,88,296633265
10499449,187,121,66,256371483
14184769,328,219,109,358154663
11472889,316,213,103,282936059
13730809,251,163,88,345448953
14929609,286,200,86,379093905
10995961,279,200,79,269890019
10714729,241,172,69,262224023
12718969,380,270,110,317288367
13414249,265,190,75,336614449
13905049,260,162,98,350320327
11213281,300,201,99,275827231
14428849,333,239,94,365003909
11971681,266,178,88,296641853
10499521,238,157,81,256373403
14674969,169,114,55,371922759
13171729,331,211,120,329860869
11473729,229,162,67,282958907
10715161,233,158,75,262236149
13730929,237,167,70,345452397
12719809,277,192,85,317312109
10996129,206,141,65,269894303
13415161,381,261,120,336640039
14930329,416,291,125,379114389
14185081,253,169,84,358163669
11213689,274,200,74,275838217
13905481,318,228,90,350332531
11971801,286,193,93,296644967
11474761,244,157,87,282987731
10715329,238,164,74,262241159
14429521,290,201,89,365022499
13172209,313,212,101,329874453
14675761,178,119,59,371945553
10996441,179,112,67,269903261
12720649,284,209,75,317335701
13731001,262,190,72,345454497
13415929,296,195,101,336660607
11214121,298,196,102,275849707
14930449,321,213,108,379117593
14186089,310,214,96,358191547
11973361,192,119,73,296687717
13906729,282,192,90,350367907
10715569,337,247,90,262247207
11475241,265,185,80,283000889
13172329,181,120,61,329878167
10996729,260,177,83,269910911
14429881,324,230,94,365032507
14676169,285,187,98,371956479
12721801,225,150,75,317367791
11215129,326,206,120,275877287
13731169,337,211,126,345458673
13416001,207,141,66,336662815
10716169,240,171,69,262263611
11973529,277,177,100,296691965
11475361,271,168,103,283003841
14930521,280,191,89,379119781
14188609,274,185,89,358263235
13907161,246,178,68,350380057
10996969,259,176,83,269916905
13173001,259,175,84,329895801
11215201,338,221,117,275879147
14430049,352,240,112,365037733
12722089,376,260,116,317374991
10716241,292,202,90,262265033
14677321,343,247,96,371988627
13732441,358,253,105,345495119
13417009,439,295,144,336690725
11973649,318,202,116,296695259
11475769,493,327,166,283014527
10997449,289,197,92,269929979
14188729,290,194,96,358266163
14931361,250,182,68,379142893
13908001,314,212,102,350403205
11215969,262,183,79,275900711
13173409,383,271,112,329908767
10716721,295,190,105,262277813
12722641,290,199,91,317390681
14430529,267,183,84,365051941
11476081,251,177,74,283024445
11973721,422,293,129,296697473
14677441,239,164,75,371991831
10998289,251,171,80,269952949
13732489,198,148,50,345496607
13417609,289,211,78,336708287
11216521,259,170,89,275915585
14189449,239,159,80,358285391
10716889,308,199,109,262282211
13908241,340,251,89,350409835
14931841,281,201,80,379157389
13173841,316,221,95,329920719
12723169,271,195,76,317405279
11476441,291,198,93,283033363
10998409,351,245,106,269955877
11973889,320,228,92,296703533
14430649,241,172,69,365054521
13417681,234,164,70,336710069
13734121,268,202,66,345541523
14677609,331,205,126,371996397
11216641,339,226,113,275918699
10717249,261,181,80,262292555
14189569,296,215,81,358289069
13173889,218,158,60,329921871
13908409,296,201,95,350414995
11477281,290,195,95,283056343
14932849,290,204,86,379185619
10999321,285,180,105,269981521
12723481,241,158,83,317414639
11974201,291,190,101,296711933
11218369,304,209,95,275966009
14430721,363,258,105,365056435
10717561,352,237,115,262301285
13419361,298,221,77,336756979
13734529,261,180,81,345552817
14678689,277,188,89,372026967
11477761,192,134,58,283069879
10999489,333,226,107,269985979
13174081,288,187,101,329926755
14189641,274,178,96,358291295
13908841,275,186,89,350427607
12723649,169,121,48,317418635
11974321,368,274,94,296715167
14933209,254,170,84,379195891
10718401,260,184,76,262324343
11218489,308,200,108,275968907
13419841,279,199,80,336769717
14431201,248,165,83,365070337
13736209,277,190,87,345599155
11477929,232,169,63,283074161
14679169,227,162,65,372040575
13175089,336,229,107,329955375
11974489,318,211,107,296719343
12724009,274,178,96,317428679
10718689,260,183,77,262331931
14189809,288,195,93,358296461
13908889,315,212,103,350428429
11219209,208,161,47,275989169
14933689,258,181,77,379208761
13420801,264,166,98,336796987
13736521,335,226,109,345609001
11478601,253,166,87,283092431
14431489,287,210,77,365078053
10718761,178,114,64,262334041
11974561,217,153,64,296721629
14679361,267,174,93,372046185
11219401,381,274,107,275994509
12724441,268,177,91,317440253
13175401,320,227,93,329963625
13909849,263,191,72,350455813
14190409,260,182,78,358312607
14934649,284,185,99,379235875
11478889,323,212,111,283100525
13421521,198,132,66,336817717
10719601,246,174,72,262356303
13736641,283,205,78,345611839
14432161,290,203,87,365096959
11220841,280,194,86,276033485
11975209,205,129,76,296739713
12724489,330,228,102,317441987
13175521,286,199,87,329966883
14679529,312,210,102,372050505
13909921,216,144,72,350457745
14191129,214,139,75,358334063
11479441,252,163,89,283115285
10720249,320,220,100,262373931
13421689,376,254,122,336822037
11221009,419,296,123,276037739
14935321,255,174,81,379255621
11976241,231,154,77,296767363
13736881,292,203,89,345618817
12725281,317,209,108,317463239
14433241,218,150,68,365126761
13176409,328,217,111,329991513
14680201,296,186,110,372069975
10721041,190,137,53,262396041
11479561,310,205,105,283118585
13912201,257,164,93,350520517
14191249,325,235,90,358336649
11222089,282,182,100,276067673
13422049,283,209,74,336831853
11976409,282,184,98,296771827
13738561,269,186,83,345665743
14935369,306,214,92,379256671
12725329,264,182,82,317464877
14435089,254,184,70,365179379
10721089,204,137,67,262397163
13176601,194,134,60,329997117
11480449,354,239,115,283143047
14680681,282,199,83,372084375
11223361,250,171,79,276102287
13913929,320,219,101,350569641
14193169,288,199,89,358389707
11976841,283,199,84,296784001
13422361,304,220,84,336840733
10721761,275,194,81,262415409
12725689,285,191,94,317474501
13739041,243,158,85,345679279
14936041,380,272,108,379275289
11480641,439,298,141,283148063
13177081,260,169,91,330010389
14435689,289,198,91,365195675
11223409,324,231,93,276103319
14680801,261,169,92,372087639
13914049,313,212,101,350572581
11977249,268,188,80,296795035
14193601,306,211,95,358401851
10721881,200,125,75,262418769
13422481,245,172,73,336843427
12726001,270,179,91,317483975
11481121,214,135,79,283162385
13739161,331,219,112,345682315
11224249,262,173,89,276126497
13177609,161,104,57,330024675
14936329,283,194,89,379282915
14435761,304,211,93,365197691
11977681,230,159,71,296807311
10722769,272,196,76,262444245
13915729,269,175,94,350619591
14681209,277,186,91,372098931
14193841,241,154,87,358409093
13422649,346,246,100,336847969
12726361,274,200,74,317493971
11481289,223,149,74,283166399
11225089,392,267,125,276149277
13740049,243,164,79,345707313
13178449,304,201,103,330048383
10722889,239,163,76,262446855
11978401,300,206,94,296827147
14936569,301,226,75,379290475
14435929,341,240,101,365203559
13915801,223,161,62,350621289
11481961,245,165,80,283184829
14681809,354,241,113,372115461
11226601,221,160,61,276191997
13423321,272,183,89,336867577
12726529,261,187,74,317498693
14194321,274,178,96,358423019
10722961,283,205,78,262448961
13740241,262,173,89,345712245
13178881,163,120,43,330060041
11980609,177,117,60,296888169
14937049,258,178,80,379304227
14436361,282,201,81,365215547
11482249,202,144,58,283192395
11226961,237,174,63,276201387
13916281,226,158,68,350634789
12726841,296,198,98,317506619
13424161,235,162,73,336890863
14682529,270,182,88,372135783
10723441,206,142,64,262461843
14194681,256,183,73,358432985
13178929,231,155,76,330061073
11980921,285,190,95,296896425
13740841,325,215,110,345728943
11227129,214,145,69,276205353
11482969,223,138,85,283212087
10723561,250,162,88,262464675
14437081,240,168,72,365235401
12727009,259,176,83,317511533
14937409,218,149,69,379313899
13916401,373,243,130,350637633
13424401,308,200,108,336897787
14682721,219,141,78,372141645
14194849,237,159,78,358437377
11981041,250,182,68,296899557
13179121,321,227,94,330066849
13740889,478,315,163,345730077
11227441,236,164,72,276213999
11483089,238,176,62,283215471
10724641,271,161,110,262494111
12727129,266,179,87,317515139
14438041,269,181,88,365261909
13916641,283,195,88,350645079
13424569,243,170,73,336901771
14937721,367,263,104,379322563
11981929,228,164,64,296923917
14683321,181,122,59,372157839
11227609,281,184,97,276218829
14195329,290,217,73,358450739
13179769,202,133,69,330084819
11483761,225,165,60,283234323
10725409,265,192,73,262514979
13741561,231,156,75,345749133
12727369,266,182,84,317522561
13424881,286,195,91,336910867
13916809,371,254,117,350649759
11982049,284,197,87,296928645
14438209,337,221,116,365266403
11229649,351,249,102,276274367
14937841,319,216,103,379325263
10725961,225,145,80,262529517
11483929,294,192,102,283238133
14683369,277,185,92,372159057
13181401,253,174,79,330130719
14195521,276,192,84,358456127
13742089,228,162,66,345763551
12728041,266,173,93,317540327
11231329,348,241,107,276321431
11982601,270,189,81,296943285
10726129,329,218,111,262533741
13425241,273,186,87,336920717
11484169,307,217,90,283245033
13917121,254,170,84,350658825
14438449,268,164,104,365273243
14937889,407,291,116,379326559
13181569,262,178,84,330135135
14196001,264,174,90,358469621
14683489,439,318,121,372162243
13743409,264,188,76,345800103
12729361,354,233,121,317578055
11231761,281,191,90,276332621
10726249,365,264,101,262536903
11982721,249,167,82,296945907
11485009,283,192,91,283267503
13425889,295,198,97,336938825
13917289,203,138,65,350663547
14439049,279,188,91,365290829
13181809,243,189,54,330142101
14939401,195,138,57,379369887
14196121,342,238,104,358472753
10727329,333,243,90,262566597
14684041,211,139,72,372177861
11231929,294,201,93,276337301
13743529,313,217,96,345803127
12729529,322,233,89,317582537
11982889,253,167,86,296950401
11485681,245,175,70,283286835
13426009,182,118,64,336941783
13918129,265,176,89,350686447
10727641,233,170,63,262575753
13183129,304,214,90,330177773
14439289,358,241,117,365297045
11232649,261,173,88,276358271
12730321,324,229,95,317604095
14196289,363,243,120,358477109
14939569,373,273,100,379374399
11982961,202,139,63,296953155
14684161,311,221,90,372181305
11486281,255,190,65,283303737
13743601,291,194,97,345805695
13426249,281,189,92,336948923
10727809,237,150,87,262580081
11233441,301,222,79,276378833
13918249,272,189,83,350689441
13183249,270,180,90,330181433
14439721,348,226,122,365308841
12731161,254,182,72,317627151
11488849,259,170,89,283374249
11983441,298,202,96,296966025
14197681,239,159,80,358515929
13744249,271,173,98,345823575
14941609,305,213,92,379431361
14685169,381,282,99,372209737
10727929,229,159,70,262583183
13426921,239,156,83,336967831
11234329,282,203,79,276402783
13918921,250,154,96,350707729
13183801,334,227,107,330197213
11489209,340,230,110,283383399
11983561,392,271,121,296968995
12731401,194,128,66,317633535
14440729,325,223,102,365337595
10728169,247,160,87,262590263
14199529,345,229,116,358568503
13744369,276,187,89,345826797
14685241,377,262,115,372211183
11234689,272,185,87,276412149
14941921,241,156,85,379439809
13427761,234,162,72,336990661
11489521,300,211,89,283391727
11983729,228,158,70,296974449
13919161,266,189,77,350714717
13184089,308,209,99,330204773
12732001,330,236,94,317649975
10728481,210,137,73,262598363
14441641,281,199,82,365362801
11235001,352,244,108,276420963
13744441,286,193,93,345829215
14199721,304,206,98,358574083
14685721,243,181,62,372224917
14942089,289,195,94,379446337
13428241,234,166,68,337004311
11489641,291,227,64,283394805
10730329,288,198,90,262648991
11983969,423,285,138,296980179
13184761,351,247,104,330223259
12732241,304,207,97,317656191
13919329,340,229,111,350719007
11235121,221,148,73,276424101
14442121,312,214,98,365377369
13744921,232,164,68,345842541
14202241,221,148,73,358644811
11490361,237,168,69,283414617
10731121,279,196,83,262670843
13428529,215,152,63,337012231
14685889,256,163,93,372229723
11984809,298,200,98,297003225
14942209,277,180,97,379448833
12732721,265,177,88,317671203
13185769,243,144,99,330251465
11236129,279,200,79,276451739
13919641,241,169,72,350728853
10731529,278,200,78,262681881
11490481,331,236,95,283417611
14442409,305,210,95,365384917
13745929,243,160,83,345871479
14203009,361,252,109,358665847
11985121,188,118,70,297012405
13429441,249,165,84,337037683
14686729,302,221,81,372253441
11236681,228,153,75,276467435
12733009,215,144,71,317678649
14942761,258,174,84,379464007
13185841,266,193,73,330253049
13920649,319,214,105,350756429
10731841,280,194,86,262689831
11491321,287,199,88,283441295
11987641,247,161,86,297081611
13746049,302,207,95,345874635
14443921,287,200,87,365427253
11237641,269,172,97,276492695
13430089,343,252,91,337054885
14203081,226,155,71,358667959
12733081,209,133,76,317680365
14686849,259,191,68,372256861
10732009,323,256,67,262694661
13186009,256,173,83,330259163
14943601,241,166,75,379488121
13921489,274,189,85,350780357
11491369,303,216,87,283442771
11988649,287,209,78,297109697
11237881,311,216,95,276499031
13747561,203,156,47,345917181
13430281,294,193,101,337060351
14443969,290,191,99,365428261
10732369,270,185,85,262705197
12733729,269,186,83,317698443
14203249,238,169,69,358672015
13186321,230,152,78,330267287
14686921,263,176,87,372258637
11492161,297,199,98,283464129
13921681,219,143,76,350785271
14944441,316,224,92,379511683
11238889,236,167,69,276526973
11988841,285,198,87,297114905
10732681,293,204,89,262713669
13748281,324,222,102,345937035
13430449,280,197,83,337067227
12734929,224,159,65,317732133
14444809,259,172,87,365451991
14204089,348,251,97,358695325
11492401,285,193,92,283471125
13186489,326,219,107,330271967
14688361,264,173,91,372299061
11239369,282,196,86,276540233
13921849,263,192,71,350790053
11989321,247,159,88,297128567
10732801,227,145,82,262716531
14944561,277,188,89,379515127
12736081,195,141,54,317764119
13748401,251,172,79,345940281
13430761,247,180,67,337075219
11492881,222,151,71,283483995
14445001,256,171,85,365457625
14205241,329,233,96,358728777
11239489,278,183,95,276543631
13186609,368,270,98,330275447
10733209,297,212,85,262727391
11990281,337,246,91,297155073
14688601,284,203,81,372305745
13922281,368,255,113,350802437
14944609,242,165,77,379516687
11495569,341,246,95,283559025
12736369,275,200,75,317771925
13430881,289,198,91,337078681
13748569,337,226,111,345944817
11239561,232,166,66,276545683
10734049,281,190,91,262750407
13187329,259,167,92,330295253
14206081,233,174,59,358752111
14445481,283,196,87,365471923
11990449,235,161,74,297159885
14689369,265,183,82,372327483
13923361,233,154,79,350833073
11496241,231,153,78,283577067
12736921,328,230,98,317787381
11240161,217,149,68,276561973
14944729,303,219,84,379520197
10735201,221,151,70,262781979
13431721,226,164,62,337102153
13749289,304,215,89,345964563
11990689,344,219,125,297165975
13188001,267,185,82,330314237
14206369,263,189,74,358759785
14445601,206,130,76,365475151
11496361,301,196,105,283579659
13924201,321,234,87,350856069
14690041,209,136,73,372346917
11240209,283,190,93,276563473
10735489,337,239,98,262790367
12737041,250,167,83,317790729
13432129,315,193,122,337112977
14944801,226,153,73,379522033
13749649,260,186,74,345974589
11991121,294,207,87,297177441
13188121,290,212,78,330317759
11497081,288,202,86,283599393
14206921,291,193,98,358776015
10735729,166,108,58,262796469
14445649,209,150,59,365476369
11240401,225,160,65,276568525
13924369,307,210,97,350860857
12737281,369,259,110,317796723
14690089,293,205,88,372347991
13432729,272,188,84,337129279
11992969,273,190,83,297228459
13749961,208,150,58,345983509
14945449,263,178,85,379540799
13188961,219,156,63,330340475
10736161,252,178,74,262807923
11497201,195,131,64,283603065
11240881,317,214,103,276581575
14207209,190,132,58,358784631
14445841,290,193,97,365481271
12738289,255,168,87,317824413
13924681,263,173,90,350869455
14690281,268,183,85,372353169
11993521,283,190,93,297243699
13432801,249,174,75,337131931
10736569,259,182,77,262818711
11499121,260,180,80,283654773
11241049,329,227,102,276586261
13189009,231,154,77,330341627
14945569,283,200,83,379543645
12738889,195,130,65,317841591
14207929,333,247,86,358804425
14446009,299,188,111,365485843
13925641,263,187,76,350896491
11994049,203,140,63,297258813
10737409,301,204,97,262842049
14691289,323,224,99,372381195
13433401,289,189,100,337148557
11499889,236,166,70,283675737
11241169,275,177,98,276589159
13189201,249,166,83,330347765
14945641,362,250,112,379545361
12739801,356,256,100,317866575
10738561,300,195,105,262873369
14208121,312,197,115,358809435
11994361,316,217,99,297266715
14446489,299,199,100,365498533
11241889,289,197,92,276608779
13926481,346,234,112,350920593
13434481,334,231,103,337179367
14692129,209,146,63,372404787
13189369,284,200,84,330352243
10738681,327,224,103,262876033
12740281,173,121,52,317880099
11994481,236,160,76,297269631
14947489,344,240,104,379597541
11242081,273,185,88,276613951
14208721,269,184,85,358825923
14446849,351,239,112,365509105
13926889,279,184,95,350931717
13435801,298,222,76,337215397
10738921,292,204,88,262883227
14692609,215,154,61,372418155
13189681,346,237,109,330360493
12740449,368,254,114,317884365
11995201,228,152,76,297289531
11242681,315,234,81,276631471
14947969,212,149,63,379610675
14208769,251,166,85,358827663
10739569,178,121,57,262900501
13928329,346,232,114,350971175
14447449,343,218,125,365526121
13436089,288,200,88,337223743
13189801,248,166,82,330364249
14692969,274,189,85,372428685
11243569,284,206,78,276655443
11995369,213,150,63,297294145
12740641,210,148,62,317889735
10740361,242,156,86,262921735
14948161,349,238,111,379616483
14209609,355,261,94,358851231
13436329,246,163,83,337230679
13929049,329,219,110,350991061
14448001,344,245,99,365542081
13190209,362,251,111,330375721
11243929,279,190,89,276664761
11996161,212,140,72,297316105
12740809,252,157,95,317894193
14693449,301,202,99,372442221
10741921,228,149,79,262964945
14948929,290,195,95,379638311
14209801,258,182,76,358856901
13437481,329,233,96,337262525
11244241,248,169,79,276673833
13929241,319,225,94,350996125
11996209,312,222,90,297317173
14448169,353,241,112,365546791
13190641,212,133,79,330387781
12741481,218,147,71,317913847
10742881,319,223,96,262990669
14693641,235,162,73,372448137
11244529,261,186,75,276681159
11996329,230,161,69,297320449
13437841,291,197,94,337272107
14210281,305,212,93,358870407
10743961,376,254,122,263019793
14949169,307,195,112,379644857
13930561,302,206,96,351033907
13191361,324,223,101,330407719
12742321,256,186,70,317935939
14448361,311,205,106,365552065
14694241,258,175,83,372463959
11245081,190,125,65,276696465
11997049,237,167,70,297340357
10744441,280,188,92,263032873
13438441,182,114,68,337288961
14210569,303,209,94,358877847
13191649,237,176,61,330415127
13930681,343,233,110,351036607
12742801,285,206,79,317949541
14949601,398,293,105,379657131
14450041,283,208,75,365599083
11245609,302,211,91,276710991
10745641,202,128,74,263065395
14695129,285,187,98,372489093
11997409,343,247,96,297349807
13438609,304,218,86,337293947
12743089,273,185,88,317957731
13192321,297,205,92,330433913
13930729,385,271,114,351038377
14210809,432,284,148,358884405
14951281,305,211,94,379704175
11245921,206,137,69,276720015
14450209,290,208,82,365603715
10746649,302,212,90,263092721
11997841,285,199,86,297361555
14695249,389,266,123,372492579
13439449,286,201,85,337317119
12743641,280,198,82,317973085
13192369,254,184,70,330435515
11246041,225,147,78,276723429
13931089,394,270,124,351048343
10747489,202,140,62,263115905
14211649,208,135,73,358908713
14952169,269,181,88,379730017
11998009,199,125,74,297366703
14450641,307,224,83,365615685
14695801,241,156,85,372508863
12744769,245,158,87,318003535
11246881,260,178,82,276745755
13439689,317,202,115,337323975
10747801,203,140,63,263124215
13193161,233,159,74,330456953
13931521,267,188,79,351060721
14212129,295,195,100,358921799
11998681,280,182,98,297384841
14952961,217,147,70,379751887
14451049,345,227,118,365627159
10747921,289,211,78,263127113
11247121,237,167,70,276752323
12745009,267,182,85,318010263
14695921,278,198,80,372511809
13440001,264,180,84,337332471
13193209,252,175,77,330458495
11999761,235,166,69,297414269
13931761,281,197,84,351067609
14213929,327,224,103,358971777
10748161,291,198,93,263134121
11248609,210,139,71,276794173
14953801,290,208,82,379775845
14451529,270,170,100,365641457
12745321,185,118,67,318019485
13440121,317,224,93,337335777
13194409,367,271,96,330492647
14695969,295,200,95,372513339
11999929,296,217,79,297419201
13932601,256,172,84,351091177
10748809,322,220,102,263152409
14214169,380,267,113,358978353
11248729,269,181,88,276797203
14452489,324,229,95,365668139
12746521,253,169,84,318052539
14954809,240,173,67,379803937
13440289,290,201,89,337340295
13194889,315,218,97,330505967
10749001,315,194,121,263157047
14696089,272,179,93,372516729
11249281,219,148,71,276811927
13933609,336,214,122,351119023
14214481,289,208,81,358987227
12747001,311,212,99,318065925
14454049,304,210,94,365711477
14956729,416,313,103,379858439
10749601,276,198,78,263173625
13440529,245,171,74,337346649
13195249,275,183,92,330516263
11249449,255,160,95,276816155
14696641,339,233,106,372532245
13933921,239,151,88,351128905
14214649,321,213,108,358992219
12747121,375,257,118,318068847
14454241,305,217,88,365717159
11249809,280,189,91,276825893
13441009,353,251,102,337360383
13195849,238,168,70,330532805
14957329,248,154,94,379875551
14697481,321,215,106,372555681
13934209,275,201,74,351136297
12747289,248,165,83,318074325
14215321,380,254,126,359010911
13441369,367,242,125,337369809
14454889,293,206,87,365734985
13197241,257,189,68,330571367
14958049,341,232,109,379895477
14697649,319,229,90,372560253
13934281,313,227,86,351138931
12748369,367,263,104,318104469
14215609,242,166,76,359019203
13442641,332,215,117,337405689
13197361,286,199,87,330574169
14455249,258,172,86,365745819
14958169,390,265,125,379898999
12749041,474,339,135,318123129
13934929,255,170,85,351156289
14699161,230,137,93,372603815
14215681,395,261,134,359021069
13443049,282,185,97,337417599
13197601,189,130,59,330581069
14455681,252,164,88,365757291
14958241,231,149,82,379900793
12749689,236,166,70,318141087
13935601,191,116,75,351174995
14701369,364,252,112,372665727
14215849,333,238,95,359026835
13444369,263,179,84,337454397
13198249,300,191,109,330599045
14455849,254,168,86,365761869
14958409,291,193,98,379905719
13936129,268,193,75,351189693
14701849,320,225,95,372679085
14216281,298,202,96,359038289
13445161,280,197,83,337476063
13198441,300,207,93,330603851
14456521,309,215,94,365781963
14958721,288,197,91,379914419
13936441,189,138,51,351198651
14702521,269,175,94,372697607
13446001,367,239,128,337499663
14217001,277,188,89,359058581
13198921,295,198,97,330617681
14458201,325,229,96,365827731
13936729,292,201,91,351206787
14959849,309,211,98,379945805
14703649,201,134,67,372729965
13446049,231,151,80,337501019
13199041,325,225,100,330621569
14217961,444,318,126,359085455
14458921,213,145,68,365848389
13936969,317,232,85,351212913
14960761,305,183,122,379971741
13446241,278,192,86,337505935
13199209,224,150,74,330626177
14705401,349,239,110,372778865
14218129,233,151,82,359089853
14459041,258,171,87,365852019
13937281,276,192,84,351221757
13447729,214,134,80,337547733
14962201,241,168,73,380012353
13199449,327,212,115,330632093
14705569,313,204,109,372783803
14218201,398,271,127,359091707
14459881,325,236,89,365875137
13937401,206,134,72,351225417
13447921,262,185,77,337552899
13199929,324,221,103,330645741
14962249,255,175,80,380013757
14218849,257,176,81,359110295
14705881,314,228,86,372792173
14460769,282,197,85,365900097
13937449,298,205,93,351226575
13448521,253,169,84,337569409
13200289,307,226,81,330655413
14962369,308,224,84,380016433
14218969,287,214,73,359113079
14706001,316,212,104,372795773
14460889,326,214,112,365902935
13448569,235,159,76,337570375
13938121,250,179,71,351245505
13200769,311,196,115,330668667
14220361,227,152,75,359153747
14963209,253,170,83,380040781
14706409,206,145,61,372807737
14460961,230,175,55,365905329
13449361,243,153,90,337593637
13938289,282,174,108,351249951
13200961,266,184,82,330673881
14220889,217,153,64,359167337
14963881,298,205,93,380058949
14706721,334,211,123,372815939
13449409,271,205,66,337594603
14461129,290,197,93,365910303
13201801,294,203,91,330697977
13938409,193,130,63,351253227
14221321,219,153,66,359179385
14963929,282,189,93,380060605
14706841,333,233,100,372818621
13449529,273,186,87,337597969
13202281,190,125,65,330711687
14461609,281,181,100,365924861
13939249,241,161,80,351277117
14221489,314,230,84,359185055
14965969,457,327,130,380119355
14707009,305,217,88,372823835
13450201,286,195,91,337616509
13202641,399,268,131,330721491
14461801,367,259,108,365929631
13940761,287,198,89,351319777
14221561,314,225,89,359186879
14966401,260,189,71,380130803
14707921,395,267,128,372849575
13450369,335,250,85,337620883
13202809,281,202,79,330726219
13940809,272,177,95,351320911
14461969,198,146,52,365934677
14222041,285,200,85,359199611
14966641,330,232,98,380138189
14708761,238,164,74,372873155
13450441,255,168,87,337623199
13203409,266,198,68,330742599
13942321,280,185,95,351363253
14462641,375,268,107,365952749
14222881,212,133,79,359223533
13204249,291,193,98,330765585
13451209,296,199,97,337645093
14709361,339,246,93,372889331
14967241,295,165,130,380154665
13942609,376,259,117,351370879
14463289,287,195,92,365970569
14223409,255,168,87,359237597
13204969,235,155,80,330786507
13452121,262,172,90,337670451
14710081,217,135,82,372910639
14968489,384,253,131,380189843
13943329,300,205,95,351391211
14464081,257,170,87,365993117
14223889,284,201,83,359251307
13205089,234,168,66,330789429
13452601,431,297,134,337683807
14710249,335,223,112,372915283
14969329,232,166,66,380213579
13944529,270,184,86,351425589
14464129,224,138,86,365994659
14224681,221,150,71,359274677
13205329,210,138,72,330796101
13454281,200,145,55,337730369
14710369,281,207,74,372918409
14969761,229,154,75,380226101
13945369,283,197,86,351448683
14464249,326,222,104,365997527
13205809,314,211,103,330809397
14224729,285,190,95,359276183
13454401,278,174,104,337733483
14710441,275,182,93,372920743
13945681,251,169,82,351456861
14970001,301,206,95,380232497
14464969,256,161,95,366018299
13206001,281,194,87,330814811
13454449,271,197,74,337734563
14224849,267,193,74,359279225
13945801,188,130,58,351459825
14711209,256,178,78,372943153
14970481,311,207,104,380246543
14465641,252,167,85,366037235
13206601,204,150,54,330831605
13454809,274,183,91,337744523
14225521,376,262,114,359297741
13945969,360,241,119,351465471
14712121,362,247,115,372968299
14970649,203,133,70,380250707
14467009,281,209,72,366075809
13207009,269,180,89,330842897
13456249,261,179,82,337785693
14225929,272,177,95,359308903
13947481,328,218,110,351508125
14712721,230,143,87,372985021
13207609,336,231,105,330859091
14467441,206,145,61,366087883
14971609,240,167,73,380277443
13457161,253,168,85,337810893
14226409,388,270,118,359322043
13947649,203,132,71,351512649
13208329,288,206,82,330880013
14713609,188,124,64,373009753
14467489,230,153,77,366088981
13457329,371,256,115,337814493
14971681,243,162,81,380279597
14227921,274,192,82,359364349
13209121,249,181,68,330901589
13949041,238,166,72,351551301
14713729,288,192,96,373012771
13458481,284,193,91,337847009
14468689,218,151,67,366122557
14972281,227,160,67,380295923
14228209,297,207,90,359372379
13210129,241,168,73,330930415
13949161,266,182,84,351554517
13458649,283,186,97,337851347
14715289,266,164,102,373057227
14469121,376,263,113,366134587
14972329,213,140,73,380297399
14228449,262,173,89,359379543
13210801,340,234,106,330948271
13949209,278,181,97,351555993
13459489,275,178,97,337875827
14716489,342,238,104,373091301
14471881,265,184,81,366211845
14228761,207,135,72,359388603
14972521,240,168,72,380302589
13211641,270,184,86,330972109
13460521,338,217,121,337903763
13950049,207,133,74,351579181
14472361,280,205,75,366225803
14717089,238,161,77,373107879
14229049,248,156,92,359396583
14972689,308,200,108,380307245
13211689,269,193,76,330973483
13461289,284,178,106,337925657
13950169,284,207,77,351582445
14472481,206,144,62,366229025
14717161,352,257,95,373109487
14229601,245,166,79,359412159
14973289,255,169,86,380325281
13214041,166,116,50,331037893
13461361,301,190,111,337927781
13950241,269,203,66,351584479
14472529,271,194,77,366230399
14717641,272,195,77,373123077
14230729,385,265,120,359442975
14973841,250,186,64,380340683
13214881,160,109,51,331061923
13462201,251,174,77,337950653
13950841,356,260,96,351600973
14472649,217,147,70,366233759
14718841,242,174,68,373157355
14230969,294,189,105,359449689
13215049,242,154,88,331066933
14974369,183,130,53,380355755
13462369,388,268,120,337955315
13951009,347,257,90,351606079
14473201,335,235,100,366248489
14719489,231,153,78,373175973
14231281,245,175,70,359458827
13215721,256,181,75,331085299
13463041,282,199,83,337975031
14974801,277,187,90,380368001
13951921,305,207,98,351631717
14473489,330,229,101,366256667
14232481,291,194,97,359492835
14720281,377,254,123,373197489
13216009,304,204,100,331092745
13463521,288,186,102,337987835
14975641,311,213,98,380391965
13952401,185,122,63,351645907
14473561,233,156,77,366258833
14233081,284,195,89,359509971
14721361,233,169,64,373228157
13216081,344,252,92,331094671
13463689,304,213,91,337992269
13952929,283,199,84,351659707
14975689,249,158,91,380393243
14473729,324,230,94,366263459
14234089,294,202,92,359537421
13216249,311,212,99,331099537
13464481,306,214,92,338014451
14721961,255,163,92,373245149
13953241,247,172,75,351668803
14975809,242,166,76,380396099
14474041,301,224,77,366273203
13216561,236,162,74,331108759
13465369,335,230,105,338039351
14234641,246,168,78,359554209
14722009,299,208,91,373246613
13953361,369,258,111,351671251
14976721,328,222,106,380421731
13465489,285,196,89,338043323
13216921,337,228,109,331118671
14475889,279,181,98,366324863
14234761,254,166,88,359557041
14722681,261,186,75,373265345
13953529,336,231,105,351676507
14977321,350,227,123,380438663
13465561,347,256,91,338045627
13217089,333,230,103,331122877
14477521,333,227,106,366370451
14234809,319,220,99,359558595
14722849,245,175,70,373269815
13953601,263,174,89,351678715
14978209,234,145,89,380463269
13465729,320,207,113,338049659
13217929,202,148,54,331147315
14234929,376,256,120,359561721
14477569,330,218,112,366372143
14723041,252,164,88,373274729
13953769,249,169,80,351683233
13466161,280,187,93,338061911
14978881,227,161,66,380482373
13218409,267,175,92,331160053
14235649,244,157,87,359581575
14477689,378,281,97,366376151
13954081,252,181,71,351692593
14723209,348,248,100,373280063
13466209,248,161,87,338063261
13218529,224,154,70,331162867
14979001,308,223,85,380486525
14237281,205,129,76,359626709
14478241,331,225,106,366391595
13954201,302,221,81,351695749
14723809,231,163,68,373296977
13466881,181,132,49,338081777
13219441,204,134,70,331189099
14979409,307,208,99,380497085
14237329,294,211,83,359628239
14479369,261,178,83,366421987
13954921,289,195,94,351716209
14724049,371,271,100,373303223
13467241,361,256,105,338091497
13220041,405,273,132,331205077
14979721,217,140,77,380506793
14238001,268,183,85,359647193
14479921,185,124,61,366438637
13955761,264,170,94,351740011
14724481,330,222,108,373315565
13468729,328,214,114,338133643
13220281,281,180,101,331212257
14238841,280,194,86,359671865
14979889,333,228,105,380511257
14480281,230,155,75,366448543
13955881,229,165,64,351743179
13469569,241,165,76,338156493
14725489,300,210,90,373343873
13220881,251,175,76,331227863
14239009,251,173,78,359676503
14980249,320,215,105,380520977
14480449,220,137,83,366453007
13956121,326,208,118,351749161
13469761,383,272,111,338161713
14726329,308,210,98,373368965
13221289,202,136,66,331239881
14239201,295,207,88,359681927
14980561,257,192,65,380529815
14480929,300,189,111,366466375
13956721,303,205,98,351766225
13470241,234,153,81,338175807
13222129,319,224,95,331263725
14726401,342,235,107,373371023
14239801,241,161,80,359698889
14980681,225,150,75,380533595
13958281,229,145,84,351810449
14481721,251,167,84,366489073
13470361,326,205,121,338178429
13222441,282,199,83,331273259
14727841,391,266,125,373410275
14239969,276,199,77,359703005
13958449,316,211,105,351814661
13471609,384,257,127,338213685
14481769,218,141,77,366490261
14981089,407,279,128,380544989
13223281,183,129,54,331295723
14728561,278,196,82,373430627
14240209,264,195,69,359709389
13958641,243,158,85,351819965
13472281,293,207,86,338232261
14481889,277,202,75,366493693
14981689,318,214,104,380562071
13223401,216,138,78,331298759
14729401,262,177,85,373454171
14241049,285,195,90,359732603
13472929,271,188,83,338250855
13958809,349,247,102,351825461
14482441,236,158,78,366509185
14982529,281,184,97,380584495
13224961,257,177,80,331342427
14729569,279,187,92,373458809
14241481,298,207,91,359745221
13473601,238,166,72,338269641
13959241,252,169,83,351836753
14482729,299,205,94,366517039
13225081,227,148,79,331345915
14985601,227,168,59,380672161
14730769,275,176,99,373492405
13473721,254,177,77,338273181
14242321,275,200,75,359768735
13959289,318,224,94,351838163
14482969,326,210,116,366523777
13225969,271,193,78,331370491
14987281,237,156,81,380719555
14731609,240,155,85,373516287
13474129,258,167,91,338283765
14242369,261,189,72,359769581
13959409,289,219,70,351841775
13226329,261,176,85,331379971
14483401,198,126,72,366535729
14987449,309,200,109,380723641
13475569,291,186,105,338323515
14731921,263,184,79,373525941
13959961,323,224,99,351856595
14242489,313,203,110,359773295
13227601,271,177,94,331416577
14483569,233,159,74,366540379
14988121,334,235,99,380743675
13475809,331,228,103,338331009
14732209,290,213,77,373534059
13960249,246,159,87,351865169
13228441,295,212,83,331439743
14242561,260,172,88,359775107
14483641,263,182,81,366542101
14988289,315,225,90,380748199
13476649,281,187,94,338354337
14732281,308,209,99,373535931
13228489,248,171,77,331441375
13960489,198,133,65,351871785
14243041,289,192,97,359789249
14483809,325,217,108,366547609
14989129,224,159,65,380772169
13477249,283,187,96,338371125
13229329,220,154,66,331463293
14733049,276,200,76,373556961
13961329,324,226,98,351895065
14243401,284,205,79,359798943
14484121,202,151,51,366556447
13477969,283,203,80,338391183
14990161,251,174,77,380800621
13229521,276,186,90,331469401
14733601,180,105,75,373572651
13961809,213,144,69,351908433
14244169,229,163,66,359819355
14485489,452,302,150,366594649
13478089,244,162,82,338393955
13230001,216,150,66,331482577
14990761,334,227,107,380818051
14734561,296,203,93,373600155
13963849,306,210,96,351964791
14244409,201,141,60,359827731
14486089,351,259,92,366611679
13478329,274,179,95,338400621
13230169,252,172,80,331487125
14991169,252,170,82,380829847
13964161,182,122,60,351974901
14734609,350,245,105,373601619
14244721,325,219,106,359836329
14486761,305,199,106,366630333
13478761,250,170,80,338412557
13230361,239,165,74,331492345
14991601,257,171,86,380841523
13964521,437,304,133,351985299
14734969,303,203,100,373610793
14245009,222,150,72,359844657
13478929,319,226,93,338417831
14486809,251,164,87,366631827
13231369,422,281,141,331519979
14992009,300,213,87,380853379
13965529,341,236,105,352012425
14736481,313,204,109,373653453
13479001,320,202,118,338419667
14245249,423,294,129,359850657
14487601,350,252,98,366653961
13232041,251,185,66,331539355
13966201,239,163,76,352031817
14992441,228,163,65,380865403
14737321,214,143,71,373677099
13479601,285,194,91,338436179
13232641,344,247,97,331555639
14245849,256,178,78,359867559
14488009,366,252,114,366665481
13966369,293,209,84,352036791
14992489,255,185,70,380866975
14738089,236,171,65,373698603
13481161,227,151,76,338480111
13232689,316,203,113,331556941
14489281,261,178,83,366702297
14246521,324,235,89,359885955
13966969,251,179,72,352052463
14993521,298,215,83,380895469
13481329,315,223,92,338484397
13234201,299,201,98,331599913
14738329,255,179,76,373705419
14489521,208,133,75,366709463
14246761,274,174,100,359893335
13967809,369,252,117,352075755
13482289,351,265,86,338510881
13234321,235,150,85,331603387
14994169,261,171,90,380914657
14739001,290,199,91,373723845
14490121,242,176,66,366725225
14246929,320,212,108,359897829
13968049,272,195,77,352083003
13482529,269,177,92,338517505
13234369,224,152,72,331604395
14994961,221,158,63,380936203
14740489,286,197,89,373765701
14491201,368,242,126,366755087
14247601,211,139,72,359916403
13968481,310,219,91,352095009
13235041,275,194,81,331622821
13482841,240,163,77,338526583
14995681,254,172,82,380956843
14740681,286,195,91,373771335
14491801,230,153,77,366772831
14247769,294,196,98,359920597
13968649,293,219,74,352099767
13235161,186,123,63,331625643
13483201,222,147,75,338536153
14996041,188,132,56,380967067
14742289,176,108,68,373816971
14491969,385,266,119,366777493
14248369,364,265,99,359937583
13970041,330,218,112,352139259
13235569,267,164,103,331636755
13484521,288,208,80,338573315
14996209,344,242,102,380971615
14742361,402,283,119,373818891
14493481,355,228,127,366818989
14248921,297,196,101,359953483
13235881,257,180,77,331645869
13970161,395,275,120,352142175
13484641,271,187,84,338576549
14996521,295,173,122,380980837
14742529,235,158,77,373823777
14493889,259,193,66,366830639
13236409,317,216,101,331661541
13484881,241,172,69,338582747
14249929,191,139,52,359981551
13970401,237,174,63,352148955
14996881,219,133,86,380990989
14743009,342,237,105,373836959
13236841,307,200,107,331673157
14494201,243,156,87,366840419
13485049,353,243,110,338588105
13970881,188,117,71,352163499
14999161,305,208,97,381055331
14743129,220,142,78,373841219
13236889,296,198,98,331674459
13485361,274,192,82,338596931
14494729,282,194,88,366853865
13971409,314,220,94,352177519
13237561,217,150,67,331693491
14744689,319,217,102,373883633
14999209,207,144,63,381056687
13485721,435,290,145,338606765
14495161,254,172,82,366865847
13971889,317,223,94,352190497
13238689,334,236,98,331725021
13488001,378,261,117,338670803
14744881,367,257,110,373889909
14999329,237,158,79,381060023
14495209,296,208,88,366866987
13972009,342,233,109,352193581
13239361,252,151,101,331743219
13488889,268,183,85,338695025
14745361,334,242,92,373903619
13972081,293,202,91,352195969
14496169,257,175,82,366893933
13240369,329,213,116,331771755
13489081,298,207,91,338700569
14745481,256,162,94,373906625
13972681,294,199,95,352212293
14496841,324,227,97,366913859
13240609,309,211,98,331779015
13489561,327,221,106,338714687
13973761,263,173,90,352242395
14746729,523,369,154,373941937
14497729,237,155,82,366938843
13240921,276,197,79,331787023
13489849,300,203,97,338722661
13973929,376,259,117,352247267
14747881,259,179,80,373975765
14497921,206,119,87,366944213
13241089,289,201,88,331791481
13489921,263,162,101,338724185
13974361,343,244,99,352259561
14748001,203,139,64,373978945
14498761,397,285,112,366968375
13242049,348,244,104,331818181
13490689,313,201,112,338745509
13974529,324,216,108,352264307
14749249,257,183,74,374013451
14498929,308,203,105,366973043
13242121,268,178,90,331820143
13491241,290,209,81,338760941
13974601,271,189,82,352266353
13242289,270,194,76,331825003
14749729,259,189,70,374026699
14499241,274,193,81,366982391
13491529,297,204,93,338769083
13975249,348,234,114,352283531
13242769,230,162,68,331837771
14499601,297,204,93,366992069
13491601,349,250,99,338770721
13975369,252,163,89,352287701
13243129,393,261,132,331847395
13492249,196,132,64,338789291
13244281,332,232,100,331879735
13975441,338,228,110,352289843
13493041,311,210,101,338810921
13244641,245,180,65,331889977
13975609,349,250,99,352294505
13493281,279,185,94,338817311
13245409,236,164,72,331910935
13976041,220,147,73,352307285
13494049,273,176,97,338839079
13245961,232,161,71,331927951
13976881,222,153,69,352330811
13494961,299,205,94,338864711
13246489,214,150,64,331941979
13977121,288,201,87,352338089
13495441,244,168,76,338878463
13246801,286,191,95,331951609
13977889,323,221,102,352358657
13495561,266,175,91,338882189
13246969,235,173,62,331955395
13978729,373,260,113,352382135
13495969,224,155,69,338893091
13247089,381,275,106,331959151
13978969,241,158,83,352388963
13496401,255,188,67,338904749
13249009,269,183,86,332012065
13979809,299,208,91,352412423
13496449,296,195,101,338906081
13249321,285,209,76,332020885
13981801,240,162,78,352467999
13498249,373,260,113,338956721
13249609,261,164,97,332028971
13981921,305,229,76,352471047
13498321,282,195,87,338958709
13981969,197,133,64,352472859
13498801,304,203,101,338971963
13982161,295,210,85,352478223
13498921,328,235,93,338975635
13499089,369,248,121,338979841
13983001,333,240,93,352502469
13499929,189,134,55,339003219
13983169,383,250,133,352507053
13983841,248,162,86,352525947
13984609,190,131,59,352546929
13984681,298,202,96,352548477
13984849,360,255,105,352553367
13985161,274,191,83,352562031
13985281,369,270,99,352564779
13986169,446,324,122,352591365
13987681,274,166,108,352632853
13987801,243,179,64,352636543
13987969,305,233,72,352640791
13988521,229,150,79,352657111
13988641,350,251,99,352659667
13989361,226,154,72,352680577
13990369,271,177,94,352708627
13991041,214,140,74,352726665
13991401,288,205,83,352738203
13991569,247,169,78,352742943
13992169,199,125,74,352758843
13992841,239,160,79,352777623
13992889,204,132,72,352778895
13993849,308,206,102,352805139
13994569,286,196,90,352825887
13995409,252,175,77,352849329
13995529,271,200,71,352852239
13996201,293,183,110,352870261
13996441,334,227,107,352877341
13996921,237,165,72,352891081
13997761,333,241,92,352914679
13997881,238,160,78,352917817
13998121,251,185,66,352924513
13998601,246,168,78,352938745
13998889,193,127,66,352946857
13999441,252,158,94,352961791
13999729,295,212,83,352970347
13999969,252,165,87,352976449
15000169,250,171,79,381083489
15250321,287,200,87,388143687
15501049,309,215,94,395232157
15750841,339,228,111,402307121
16000321,323,211,112,409384637
16250161,315,217,98,416484661
16500241,280,200,80,423600765
16750561,212,154,58,430736251
17001121,287,192,95,437889317
17251441,284,187,97,445047223
17500081,254,167,87,452166639
17750401,218,146,72,459346277
18000649,266,194,72,466533331
18250681,309,199,110,473724565
15000889,298,210,88,381104069
18500161,205,141,64,480910203
15501481,379,252,127,395244291
15251209,314,205,109,388168557
15752041,424,295,129,402341273
18750001,259,177,82,488116395
16250329,297,209,88,416489215
16000609,245,161,84,409392485
19001089,335,225,110,495368603
16500481,331,230,101,423607545
16751281,256,172,84,430757191
17001601,220,161,59,437903645
17251609,272,180,92,445052449
19250449,248,164,84,502579545
17500921,213,154,59,452191071
19500049,390,273,117,509808831
17750881,218,148,70,459359915
18000721,254,172,82,466535647
19750921,251,157,94,517083583
15001081,356,239,117,381109055
15251569,284,191,93,388179051
15501721,297,209,88,395252139
15752689,307,209,98,402359687
16001281,300,201,99,409412579
16250761,268,176,92,416501575
18251689,206,141,65,473753773
16501081,331,220,111,423624465
18500329,290,204,86,480915873
16751569,325,214,111,430764523
18750649,360,246,114,488134809
19001329,255,172,83,495375707
17251921,277,182,95,445061311
17002969,266,179,87,437941901
17501089,305,212,93,452196189
19251121,289,193,96,502599975
15252169,251,180,71,388195353
19500121,254,175,79,509810793
15001249,318,212,106,381113897
16002001,260,186,74,409432925
16501249,386,274,112,423629499
18000889,303,202,101,466539355
17751001,275,190,85,459363089
17004241,211,142,69,437979227
17252449,307,198,109,445074861
15753721,189,136,53,402388751
15502321,306,193,113,395268221
18252529,329,225,104,473777009
19752289,425,299,126,517122433
18751441,250,165,85,488157651
16250809,225,160,65,416502559
16752409,362,275,87,430788115
18501121,208,144,64,480937305
19002169,435,306,129,495399311
19251241,351,254,97,502603479
17501401,333,206,127,452205021
15252241,276,192,84,388197453
15002089,406,295,111,381137561
16501489,323,219,104,423636057
16002529,207,141,66,409447515
17004409,352,236,116,437983811
17252881,310,219,91,445088565
18252721,296,210,86,473783177
19752721,352,234,118,517135465
15754201,183,133,50,402402791
18752329,341,241,100,488182885
15502561,271,187,84,395275145
19500721,301,209,92,509828469
18001201,307,226,81,466549063
17751889,240,155,85,459388481
15003409,273,184,89,381173975
15253009,318,202,116,388220427
16252321,302,209,93,416546203
19251289,237,161,76,502604793
16753081,284,192,92,430806991
16502809,274,179,95,423674043
19002769,313,215,98,495417167
16003369,402,273,129,409471313
18501289,323,231,92,480942363
17503201,238,163,75,452257083
17253601,298,193,105,445109481
17004961,269,187,82,437999009
18253201,322,224,98,473796889
15253729,292,200,92,388240065
15503161,283,200,83,395292005
19752769,251,174,77,517136623
15754561,315,216,99,402412505
15004369,298,214,84,381202051
18753001,266,189,77,488203183
19251409,252,174,78,502607937
16503649,344,230,114,423698343
16252849,306,208,98,416560507
17752561,279,190,89,459407945
16004809,356,263,93,409512023
18001729,331,226,105,466564231
19500769,315,221,94,509829939
17253721,253,163,90,445112475
16753129,358,253,105,430808251
17005249,349,238,111,438007379
18253369,302,222,80,473801467
15503209,288,211,77,395293313
17503441,338,246,92,452263635
15254401,276,188,88,388258551
19003321,358,239,119,495433385
18501529,288,191,97,480949797
16503841,285,189,96,423704259
15756241,318,221,97,402459935
15004921,400,270,130,381217009
19753969,305,215,90,517171567
16005481,343,244,99,409530779
18753121,187,128,59,488206633
19252489,285,198,87,502638963
16253449,238,149,89,416577661
17752729,326,225,101,459412295
17005489,283,195,88,438014309
18253489,381,263,118,473804515
15254521,305,191,114,388262817
18002161,346,231,115,466576471
17253889,265,180,85,445117563
16753249,312,214,98,430812037
15005281,317,213,104,381227719
16504681,376,270,106,423728139
19501129,371,253,118,509840489
15503329,324,232,92,395296361
16005529,300,209,91,409532249
17503609,384,278,106,452268573
19755121,217,152,65,517205953
19252921,357,243,114,502651305
15757081,338,230,108,402484439
19003489,517,382,135,495438329
18501841,242,174,68,480958527
15256081,245,156,89,388306863
17006089,246,171,75,438031601
18753529,246,173,73,488218903
17752921,246,155,91,459418235
18255049,309,206,103,473850361
15005449,316,210,106,381232351
16253689,257,165,92,416584633
16505161,274,188,86,423742041
16006201,254,161,93,409551509
16753921,298,189,109,430832217
17253961,336,234,102,445119471
18002401,346,239,107,466583875
15503569,282,201,81,395303105
19252969,404,286,118,502652883
19755289,365,245,120,517210093
15256201,262,175,87,388310487
19502401,271,186,85,509877383
17006641,300,205,95,438047209
15006721,312,221,91,381267559
15757681,224,152,72,402501845
17504761,334,236,98,452302083
18255889,381,270,111,473873905
18754201,272,186,86,488238007
17753521,278,188,90,459435455
16505449,264,172,92,423749931
18502129,320,234,86,480966735
19004281,249,186,63,495460517
16006729,293,208,85,409565917
16254001,237,168,69,416592979
15006769,314,208,106,381269581
19253089,293,199,94,502656777
19755961,286,189,97,517230133
16753969,266,195,71,430833423
15504889,292,199,93,395340977
17254129,212,133,79,445123905
18003001,252,183,69,466600537
15256609,293,198,95,388320771
18256081,300,211,89,473880247
16506001,241,163,78,423766209
17505721,311,215,96,452328939
17006761,305,196,109,438050881
18754849,277,183,94,488255803
17753689,351,244,107,459440507
16007041,327,220,107,409574359
15758089,335,230,105,402512765
19504129,337,245,92,509927009
18503209,291,189,102,480998877
15006889,350,245,105,381273451
16254289,365,267,98,416601637
19253761,351,251,100,502675503
19004329,292,230,62,495461867
19756489,285,193,92,517244869
16506169,180,124,56,423770079
16007209,281,192,89,409579375
18256561,363,249,114,473892961
15505561,338,224,114,395360711
17505769,295,199,96,452330181
17753929,294,204,90,459447947
16754641,251,167,84,430852995
15257761,281,194,87,388353757
17254441,245,158,87,445132989
15758401,236,153,83,402521963
18755689,345,222,123,488280247
18003169,278,206,72,466605289
17006929,274,176,98,438055153
15007561,356,261,95,381292117
18504361,358,257,101,481031955
19254649,313,225,88,502701631
16008049,219,143,76,409603813
18256681,252,157,95,473897557
16254361,308,213,95,416603119
19504489,169,115,54,509937287
19757329,391,265,126,517267969
17754361,293,213,80,459459323
17506129,254,161,93,452340673
15257881,271,176,95,388356835
16506289,383,255,128,423773391
15507241,267,163,104,395408333
15007801,344,234,110,381298651
15759529,245,163,82,402552861
19004449,298,198,100,495465599
16754929,235,154,81,430860645
17007841,266,178,88,438080891
17254801,369,260,109,445143201
18756889,361,237,124,488315353
18504649,270,186,84,481040211
18003841,251,172,79,466624433
16009249,232,146,86,409637519
15258889,315,212,103,388385161
17754601,341,237,104,459465821
18257401,328,210,118,473917945
19758169,332,252,80,517293091
15008809,216,143,73,381327183
15759769,228,144,84,402559647
16254841,297,193,104,416616925
17506441,339,252,87,452349811
15507601,316,216,100,395418413
17008009,321,225,96,438086231
19256161,252,170,82,502745389
16507369,400,286,114,423803925
19505641,328,213,115,509971405
18757369,313,194,119,488329195
16009561,233,153,80,409647011
16755001,250,188,62,430862319
15259441,244,169,75,388400911
19005001,257,170,87,495481259
18505489,360,255,105,481064055
15009481,311,209,102,381345813
17255449,308,207,101,445161705
17755081,282,196,86,459480953
15760249,293,193,100,402573505
19758649,289,199,90,517307491
18004081,357,236,121,466630883
18257521,266,198,68,473921245
17008441,279,206,73,438098645
16255201,292,199,93,416626543
15259609,212,153,59,388405729
16009681,261,178,83,409650491
15507769,326,221,105,395422733
18758329,322,228,94,488356915
16507681,250,166,84,423812673
17506729,277,203,74,452357917
15010321,304,210,94,381369933
15761041,248,184,64,402596403
18505561,289,202,87,481066257
19256689,259,191,68,502761361
16755769,291,197,94,430883733
17755249,393,262,131,459485327
19505929,285,195,90,509978671
19759009,284,191,93,517317307
17256289,333,227,106,445184885
19005361,297,210,87,495492425
18258241,258,172,86,473941681
15259729,248,177,71,388408849
16009729,333,235,98,409651691
15761209,295,188,107,402600883
18004249,305,196,109,466636151
15010921,292,192,100,381386583
17008681,391,246,145,438105875
16255801,293,200,93,416643961
18758569,271,194,77,488363701
15508201,266,172,94,395434747
16507801,377,276,101,423815979
15260809,305,217,88,388440493
19759609,219,154,65,517334281
17755921,248,167,81,459505109
17508121,215,149,66,452398075
18506569,284,202,82,481094919
17257249,244,164,80,445212515
18259081,278,185,93,473966093
16756009,249,167,82,430891395
19257001,218,138,80,502770511
15761881,303,201,102,402620269
15011089,305,207,98,381391281
19506169,269,185,84,509986393
17009329,263,193,70,438124067
16011769,303,182,121,409710203
19007041,205,144,61,495540965
15261289,352,248,104,388453657
18005401,347,253,94,466669415
15508609,329,232,97,395446549
16256041,349,250,99,416651035
17257321,259,177,82,445214777
16756609,266,168,98,430907721
15011641,248,169,79,381407553
15762049,377,270,107,402625345
19760329,325,228,97,517356577
18760009,193,130,63,488405419
16508209,236,164,72,423827253
18259369,363,279,84,473973665
19257289,271,185,86,502779047
17508649,198,128,70,452412763
17009521,238,160,78,438129821
17757049,272,176,96,459537431
18507241,207,132,75,481114353
15261409,279,179,100,388456861
19007689,260,183,77,495558737
16012369,272,186,86,409727855
15762121,336,234,102,402627907
15011929,320,211,109,381415149
17257969,292,199,93,445233671
16756681,375,262,113,430909677
19507009,315,212,103,510010411
15509089,299,213,86,395459635
16256809,324,216,108,416672645
18259609,242,162,80,473981453
18760561,297,215,82,488421349
19257361,409,297,112,502780697
17010001,305,218,87,438143249
18007201,246,159,87,466720991
15261481,267,183,84,388458745
16508809,251,157,94,423845961
19760449,309,227,82,517359811
15763129,328,219,109,402655507
19008361,277,183,94,495578825
17508961,273,184,89,452422261
17757721,344,236,108,459555893
16758121,322,213,109,430952613
15012769,333,240,93,381438741
18507721,292,199,93,481127787
16012441,243,156,87,409729871
18260089,199,133,66,473995715
17010361,274,192,82,438152693
15262129,259,167,92,388478155
18760681,213,137,76,488424355
17260681,267,178,89,445311791
15509281,364,261,103,395465551
19257529,414,300,114,502785329
16257529,328,250,78,416692409
15763729,331,222,109,402672475
19507441,384,272,112,510022699
18007609,213,133,80,466732583
19009321,265,178,87,495605921
16758169,375,261,114,430954011
16508881,213,150,63,423847581
15013489,298,220,78,381459393
17509321,273,185,88,452432065
19761289,335,243,92,517384099
18260449,186,138,48,474005189
15509449,298,194,104,395470729
16012921,193,125,68,409743011
17758801,362,250,112,459586559
15764641,330,223,107,402699061
18508249,272,175,97,481143327
15262321,367,235,132,388483033
19258009,283,200,83,502799135
16257721,297,197,100,416697335
17010841,229,161,68,438167015
17260849,226,147,79,445317299
16759681,273,187,86,430996281
18761089,308,219,89,488436187
17510089,256,164,92,452454799
15510601,326,226,100,395502835
15014521,330,225,105,381487371
16509481,245,160,85,423864597
19009729,393,278,115,495618625
18261049,291,201,90,474022481
18008041,382,265,117,466744589
16013209,260,181,79,409750577
15764809,388,272,116,402703237
19507489,277,182,95,510024463
16257889,228,158,70,416704511
17263369,363,243,120,445387973
19258849,216,141,75,502823789
16759969,378,277,101,431004117
15263089,286,190,96,388504405
19761961,366,257,109,517403575
17759809,304,228,76,459615137
17011369,296,200,96,438181865
17510161,320,216,104,452456821
16509529,250,175,75,423866193
18508921,307,213,94,481161999
15015361,397,272,125,381511289
15765121,209,144,65,402712459
18261889,350,223,127,474046769
15510769,300,211,89,395508271
18761929,352,246,106,488461855
16258369,351,246,105,416717339
17263969,345,225,120,445405063
16013929,340,245,95,409770737
19010209,319,215,104,495632055
19259209,369,266,103,502833635
18008209,318,239,79,466750295
15015961,241,162,79,381528713
19508161,245,157,88,510043411
16511041,251,176,75,423908997
17510329,282,193,89,452461483
15263929,312,214,98,388528291
15765289,248,182,66,402716887
17011801,285,197,88,438195635
16761361,267,183,84,431043377
18262129,344,248,96,474053675
17760289,298,198,100,459629159
19762009,236,166,70,517404919
17264041,306,217,89,445407085
15510889,257,189,68,395511163
16259569,286,191,95,416751411
18509761,283,199,84,481187025
15016129,332,246,86,381533885
15265441,234,154,80,388570555
16511329,333,229,104,423917207
15765481,262,175,87,402721843
18762529,321,210,111,488478913
17510641,322,222,100,452470273
16014769,240,144,96,409795385
19259881,237,167,70,502853033
17012041,307,219,88,438201929
19010881,262,171,91,495651699
18009049,292,198,94,466773839
18262561,361,253,108,474066023
15016681,233,171,62,381548921
16260001,311,202,109,416763369
19508449,258,173,85,510051817
16761649,337,220,117,431051801
17264641,272,185,87,445425061
15265849,286,189,97,388581919
16511569,305,210,95,423923633
15765961,264,173,91,402735619
15511609,323,219,104,395531725
17761321,323,220,103,459659353
17511601,338,229,109,452496959
19260649,267,191,76,502875095
19762201,311,219,92,517410553
18509929,359,237,122,481191081
16014961,274,184,90,409801151
17012209,426,295,131,438206117
15016849,253,165,88,381553751
18763081,276,199,77,488494171
18263281,223,148,75,474087131
16260841,239,158,81,416787741
19011241,387,276,111,495661551
16511881,217,142,75,423932195
15766249,294,203,91,402743983
17265649,267,188,79,445454071
15266521,272,189,83,388600933
18009289,221,144,77,466780811
16762321,218,135,83,431071153
17512609,200,132,68,452526887
15513241,295,210,85,395578305
15017209,248,170,78,381563477
19260721,357,247,110,502877207
19508689,359,258,101,510059191
17012689,303,199,104,438220211
17761921,252,158,94,459676837
15766489,326,235,91,402751237
18263809,316,230,86,474102065
16512241,298,213,85,423942551
16260889,291,199,92,416789175
17266201,264,178,86,445469941
16016401,260,170,90,409841589
18510241,211,137,74,481200129
19762801,360,275,85,517428355
19011721,237,150,87,495674793
15017641,313,233,80,381575615
15513409,263,187,76,395582919
18764041,371,249,122,488521745
15267289,305,202,103,388623067
15766801,334,214,120,402759805
16512721,192,138,54,423956137
16763041,269,181,88,431091679
18009889,326,243,83,466798511
19262041,335,223,112,502915139
18264241,282,197,85,474114077
16261561,305,214,91,416808681
17266321,320,221,99,445472773
17512681,357,240,117,452528477
17012881,341,238,103,438225023
17762089,229,153,76,459682039
19509121,293,198,95,510071869
16017409,263,172,91,409869933
15017881,323,212,111,381582353
19012009,203,131,72,495683511
15513961,238,160,78,395599293
15767161,237,148,89,402770413
16512889,310,199,111,423961549
18510361,262,175,87,481203993
15267361,311,209,102,388624951
17266729,264,190,74,445484971
18264481,287,192,95,474121367
16261849,432,302,130,416816679
19762849,323,220,103,517430059
19262209,262,183,79,502920167
18764281,358,241,117,488528309
17013049,280,190,90,438229997
16764049,241,163,78,431121397
15019321,267,184,83,381623933
18010609,340,239,101,466818935
15767761,303,205,98,402787273
15514129,341,232,109,395603545
17512849,301,209,92,452533439
16513009,432,321,111,423964543
19012729,326,219,107,495704215
16017481,315,203,112,409871841
17268001,304,205,99,445521823
17763001,250,170,80,459707215
16262089,310,217,93,416823411
19509169,241,180,61,510073195
18265081,300,210,90,474138315
15268369,305,217,88,388652971
15019369,301,217,84,381625253
15768481,214,146,68,402807037
17014201,259,181,78,438263043
19262329,273,185,88,502924019
18510529,303,217,86,481209381
15514321,220,142,78,395608951
16514569,324,218,106,424008527
19762969,355,266,89,517433011
19012921,235,162,73,495709957
16764169,353,239,114,431124175
18764929,274,205,69,488547281
17268049,336,228,108,445523113
18011401,286,181,105,466842227
17513329,350,235,115,452547029
15020569,276,183,93,381658871
16262929,358,252,106,416846799
15769441,326,238,88,402834079
18265801,238,164,74,474160029
16018801,276,187,89,409909241
17014321,238,154,84,438266373
17763169,410,296,114,459711679
16514689,306,221,85,424012091
15514921,332,216,116,395625979
15268681,290,200,90,388662557
17268841,344,231,113,445546255
19509289,400,263,137,510076249
19763041,274,188,86,517435501
19014409,358,271,87,495753343
15020881,284,183,101,381667409
18511369,317,226,91,481233189
15769849,344,242,102,402845639
19263721,203,143,60,502964627
16263241,263,173,90,416856213
16764721,292,189,103,431140021
16515601,307,216,91,424038053
18765889,352,228,124,488575097
15515089,373,256,117,395630239
17014489,364,268,96,438270909
16018969,379,258,121,409913615
18011641,339,245,94,466848897
17513449,317,219,98,452550317
18267001,291,193,98,474193785
15268801,257,179,78,388666043
15021049,330,223,107,381672431
17269921,295,212,83,445576501
15771289,288,184,104,402886457
17763481,321,215,106,459721597
19763881,254,172,82,517459315
16263361,273,191,82,416859387
19014769,348,243,105,495763687
16516249,281,207,74,424056315
15515161,268,174,94,395631823
19509361,186,138,48,510079567
18765961,250,180,70,488576987
17014729,269,182,87,438278433
16765561,301,216,85,431164487
15021169,211,144,67,381675587
18511921,263,182,81,481249797
19263841,235,164,71,502967801
15772681,245,181,64,402926669
16019161,335,238,97,409918823
17270569,358,260,98,445594573
17514361,298,218,80,452576441
18011809,415,286,129,466853583
15269209,332,243,89,388677479
19764049,476,318,158,517464283
16263529,317,216,101,416864523
18267481,282,214,68,474208393
15515329,287,207,80,395637493
16517089,278,200,78,424080633
19015081,324,233,91,495772627
15022009,282,197,85,381699191
17763649,387,267,120,459725773
15772849,222,150,72,402931787
17015329,375,266,109,438294489
18766609,249,163,86,488596583
17271769,302,219,83,445629031
16765729,348,251,97,431169023
16264081,282,187,95,416880045
15515809,251,175,76,395651197
19510009,258,176,82,510097339
16019329,319,218,101,409924031
18513601,298,199,99,481298451
19764529,329,225,104,517478395
16517209,254,171,83,424084113
19263889,302,203,99,502969043
15022081,423,283,140,381700997
15269809,287,193,94,388694537
19015441,266,175,91,495782473
15773041,270,181,89,402936197
17515009,292,215,77,452595479
18012121,224,155,69,466862273
18268009,258,180,78,474223339
17272201,306,212,94,445641571
18767401,270,166,104,488618909
16265929,312,216,96,416932959
17763769,338,241,97,459729553
15516001,239,182,57,395656249
17016841,310,226,84,438338889
16517881,295,191,104,424103039
19764721,310,218,92,517483897
15023401,229,160,69,381738369
16766929,230,146,84,431203523
19264561,295,197,98,502988033
19015921,348,232,116,495797065
16019761,278,186,92,409936091
15270049,306,213,93,388700813
17272441,202,136,66,445648193
18515449,303,187,116,481350795
19510369,424,302,122,510108265
15773809,290,189,101,402958271
15516481,238,176,62,395670049
16266121,348,237,111,416938683
17515129,269,182,87,452598359
16518721,388,269,119,424127717
18767449,298,201,97,488620631
18012409,298,204,94,466870451
17017681,308,205,103,438362133
18268321,261,181,80,474232405
15023929,320,222,98,381752649
17765689,326,219,107,459783427
19765489,297,200,97,517506181
19017289,382,248,134,495836005
19264849,366,265,101,502996871
17273089,323,222,101,445667261
15516841,340,231,109,395679505
16767601,293,206,87,431222033
16266721,238,165,73,416954637
16019929,267,190,77,409942061
15270721,269,199,70,388719677
16519609,352,246,106,424152749
15024241,314,214,100,381762849
15774361,321,226,95,402974315
17017849,299,212,87,438366923
18516409,307,222,85,481377921
18767569,393,269,124,488623679
19511209,257,183,74,510132293
17515369,286,211,75,452605673
17273449,272,195,77,445677257
18012649,357,242,115,466877285
19765561,300,203,97,517508593
15517441,261,177,84,395697355
19017769,232,153,79,495849547
19265089,325,231,94,503003825
16266961,291,190,101,416962113
18268441,285,191,94,474235975
15024601,205,147,58,381772113
16520281,291,193,98,424172341
17766169,254,178,76,459798889
16768201,333,231,102,431239781
17018401,283,197,86,438383423
15272041,317,221,96,388756487
16020481,233,154,79,409957601
15775369,188,120,68,403003421
18769969,351,243,108,488692839
17273761,287,217,70,445686485
16267441,285,188,97,416975583
15517609,328,231,97,395701771
15025369,313,201,112,381793695
19765729,202,140,62,517513933
16521649,285,181,104,424210891
18517129,303,207,96,481398693
19265401,184,123,61,503013395
17516809,295,208,87,452646305
19018609,246,169,77,495873979
19512721,248,170,78,510176711
18012961,231,153,78,466886501
15776041,329,224,105,403022279
18268609,323,248,75,474240415
16768249,305,215,90,431241365
15272401,219,145,74,388766909
17766961,234,153,81,459821239
17273881,265,190,75,445690673
15025921,226,157,69,381809913
16020601,284,203,81,409960851
17018761,276,202,74,438393839
15517681,263,167,96,395704393
18770641,347,238,109,488712603
16521961,269,176,93,424219873
16267729,163,114,49,416983887
19265689,373,273,100,503021327
19018729,278,187,91,495877351
15776569,265,174,91,403036601
19766209,310,224,86,517527157
15026281,300,208,92,381819493
17517649,339,242,97,452670653
17274289,362,252,110,445701377
15273409,353,247,106,388795419
18517249,173,120,53,481402059
15518329,359,247,112,395722435
16522081,227,158,69,424222849
18013921,326,207,119,466914023
19513369,332,244,88,510195233
18770929,256,172,84,488720463
16020649,321,211,110,409962729
18268849,297,202,95,474246901
16768369,378,272,106,431244935
15777841,298,197,101,403072905
17767129,293,205,88,459825733
17020369,277,202,75,438440171
15026761,284,201,83,381833539
19265929,279,197,82,503028485
19019281,322,233,89,495893929
16268281,285,204,81,416999291
17275441,318,215,103,445734769
15518449,214,150,64,395725633
16523329,219,154,65,424258579
17518201,296,207,89,452686223
15273721,249,155,94,388806219
15777889,309,212,97,403073895
19766881,291,191,100,517546573
15027601,238,167,71,381857269
18771769,301,206,95,488744691
18517801,207,136,71,481418457
18014761,389,284,105,466938641
16020841,264,185,79,409967745
16268569,257,185,72,417007379
16768441,313,208,105,431247233
19266601,324,217,107,503047799
19019569,368,247,121,495901627
17277121,287,204,83,445781527
16523641,264,175,89,424268593
15518521,284,200,84,395727397
19513489,333,242,91,510198095
18269161,232,156,76,474257425
17021761,248,162,86,438479963
17769049,208,142,66,459880783
15778249,358,258,100,403084029
15028129,309,206,103,381872281
17518489,310,202,108,452695805
15274681,287,193,94,388832619
19767001,285,184,101,517550233
18773281,366,263,103,488788455
16523761,328,210,118,424271575
17277241,260,180,80,445785049
15518689,281,176,105,395731873
16268809,329,244,85,417014033
19266769,343,231,112,503052215
15778681,317,216,101,403095891
19020961,255,175,80,495942409
16021321,303,221,82,409981197
18518161,245,170,75,481429353
15029809,321,224,97,381919441
16769281,251,172,79,431270579
18014809,345,246,99,466939745
17022289,355,225,130,438494295
18269689,307,210,97,474271351
17770369,324,217,107,459919063
17519041,250,171,79,452711579
19513561,250,161,89,510200765
16523929,450,315,135,424276543
15275521,277,194,83,388856517
17277961,273,181,92,445806613
18774121,315,218,97,488812257
19768561,264,178,86,517595359
15778729,337,237,100,403097409
15030241,371,261,110,381930889
15519841,233,152,81,395765911
19267081,303,209,94,503060969
19021969,284,180,104,495971605
16021609,371,264,107,409988925
16269481,340,238,102,417033679
18518809,351,235,116,481448481
16524481,269,198,71,424291411
17519329,231,160,71,452719545
16769881,348,230,118,431287625
17278249,388,237,151,445814359
15778849,325,219,106,403100847
18015169,385,265,120,466950335
15031969,262,178,84,381980491
17022769,248,164,84,438507837
18774169,336,235,101,488813799
15275929,305,212,93,388867443
17771569,314,223,91,459954871
18270289,290,193,97,474289069
19768849,254,172,82,517603009
19514041,256,170,86,510214673
19267609,251,162,89,503076935
15520129,228,155,73,395773495
19022161,280,200,80,495977379
16524601,344,222,122,424294537
17278969,392,270,122,445834903
15779089,359,266,93,403107339
18519841,297,185,112,481478003
17520001,249,174,75,452737881
15032089,306,228,78,381983725
16021849,286,199,87,409995933
16269961,309,209,100,417046867
16770049,306,208,98,431292137
18774289,272,182,90,488817351
15276409,240,164,76,388881579
18015649,297,196,101,466963829
17022961,338,249,89,438513627
16524841,275,194,81,424301485
19268281,366,257,109,503096927
15779521,232,159,73,403120047
17771881,251,157,94,459963337
17279161,242,168,74,445840225
19022929,287,208,79,496000227
18270961,356,240,116,474308431
17520169,363,248,115,452742831
15032161,242,162,80,381986251
15520969,261,185,76,395796697
18520321,238,165,73,481491749
19514329,374,263,111,510222941
19769089,355,238,117,517609771
16023361,409,276,133,410038797
16270081,258,174,84,417050221
16525681,376,266,110,424326187
15277201,252,179,73,388902843
16770121,324,225,99,431294405
18774529,350,235,115,488823969
15780361,351,271,80,403143669
17279641,314,222,92,445854013
17023129,321,209,112,438518175
17520409,286,196,90,452749827
15033169,350,252,98,382014685
18016681,267,185,82,466992869
17772241,332,233,99,459972547
18520441,328,220,108,481494893
15521521,270,173,97,395812861
19268929,271,188,83,503114711
19023601,286,205,81,496019665
16526449,216,136,80,424347877
18271009,245,170,75,474310195
15277609,314,205,109,388915095
19770769,396,279,117,517660113
15780529,350,243,107,403148877
18774841,272,193,79,488833761
17279761,343,232,111,445857283
16023841,250,169,81,410052297
19514569,357,231,126,510229307
16270249,290,201,89,417054979
17520889,225,159,66,452764329
16770601,235,165,70,431308551
17024641,292,207,85,438561325
15033649,285,207,78,382027447
16527289,223,143,80,424371367
15781081,246,148,98,403164675
18521161,399,294,105,481515977
19023649,300,210,90,496020853
19771201,331,222,109,517672557
15521809,276,203,73,395820649
17279809,322,230,92,445858663
18017521,326,221,105,467017235
17772409,336,235,101,459978277
15278089,308,221,87,388928427
17521729,228,142,86,452787195
19515241,328,233,95,510249641
18271801,276,192,84,474332401
19269049,306,229,77,503118425
16271161,236,150,86,417081283
16023961,342,234,108,410055861
18775201,287,204,83,488843679
16527529,373,263,110,424378967
15781369,357,230,127,403172271
17025241,273,192,81,438579085
16770889,275,197,78,431316045
18521281,246,168,78,481519145
15034489,358,252,106,382050901
17280169,228,151,77,445869229
19771249,278,201,77,517673709
17522521,271,190,81,452810391
15522049,215,143,72,395827843
15278929,268,180,88,388952241
15783121,250,174,76,403222105
19515889,253,158,95,510267863
17025289,329,212,117,438580405
17772841,255,172,83,459990527
18018529,287,193,94,467047031
19024321,320,218,102,496039213
18775369,327,222,105,488848413
16272001,267,180,87,417104563
16025209,318,218,100,410091045
16528009,245,170,75,424391957
17281009,214,151,63,445893121
18521329,326,221,105,481520279
18271849,370,259,111,474333559
19269769,280,211,69,503138499
15034849,390,276,114,382060885
17522569,285,199,86,452811537
16771609,349,235,114,431336097
15783961,312,229,83,403246453
19772281,260,175,85,517703679
16272169,279,189,90,417109897
15279049,411,298,113,388955379
15523561,319,202,117,395870521
17025409,313,218,95,438583927
19516729,252,170,82,510292523
18775681,326,223,103,488856951
16528129,367,265,102,424395701
17281321,293,202,91,445902967
18521521,362,249,113,481525499
17773009,330,218,112,459994829
18018841,349,243,106,467055677
15785281,232,166,66,403283695
17522689,341,238,103,452815111
19025689,318,218,100,496078765
16025689,246,170,76,410104917
15035161,272,184,88,382070131
19772881,420,301,119,517720761
18272041,291,200,91,474339445
16272601,314,219,95,417122299
17027161,349,245,104,438633391
16771801,252,166,86,431341605
19270609,378,268,110,503163243
19516921,309,213,96,510297455
15279601,243,153,90,388971139
17281609,282,196,86,445910755
15524329,344,248,96,395891789
15785449,284,190,94,403287997
16529041,294,206,88,424421891
17522761,244,158,86,452817205
18521689,342,231,111,481530713
18775969,230,146,84,488865501
15035689,203,151,52,382085365
16025881,253,162,91,410109675
17773081,346,250,96,459997001
16272769,309,210,99,417126733
18018961,297,205,92,467059145
17027809,322,208,114,438651919
19773049,299,197,102,517725439
15279769,297,198,99,388975387
15786241,280,176,104,403310305
17281681,261,180,81,445912897
19026121,376,282,94,496091965
19517761,318,221,97,510322529
18272809,235,157,78,474361399
16772281,285,199,86,431355987
17524201,284,194,90,452858649
16529209,290,204,86,424426403
15524401,319,225,94,395893991
18522961,357,234,123,481566595
19271569,286,197,89,503190807
16273681,274,194,80,417153047
15786961,273,177,96,403331815
17027929,298,199,99,438655105
18776521,260,173,87,488881807
15279961,250,165,85,388981075
17282281,247,169,78,445930111
18019849,223,146,77,467084951
19773121,222,162,60,517727437
15036001,355,248,107,382093465
16027321,298,205,93,410151171
17524249,334,241,93,452860209
17773729,257,183,74,460015307
19518361,360,236,124,510339137
18523009,337,245,92,481568407
19026169,272,182,90,496093711
16772809,333,229,104,431371677
15525721,242,169,73,395931343
15787129,366,270,96,403336801
16274281,346,239,107,417169739
18273889,253,182,71,474392299
16530049,465,316,149,424449941
15280729,247,173,74,389002615
17283001,370,257,113,445949755
18021529,254,174,80,467133767
19271641,256,165,91,503192403
17028601,392,279,113,438674389
17524921,309,217,92,452879415
15036169,292,200,92,382097947
16027729,230,148,82,410162139
19773769,313,223,90,517746013
18776689,233,161,72,488886253
15787249,277,186,91,403339849
19518409,284,196,88,510340967
18523369,395,281,114,481578985
16274329,385,254,131,417170999
15281449,323,206,117,389023093
17774761,252,163,89,460045333
17283361,290,195,95,445959793
17028841,320,216,104,438680839
15525889,276,193,83,395935573
16773481,396,268,128,431390511
16530889,343,238,105,424473815
17525041,215,146,69,452882937
19026289,379,250,129,496096453
18021889,244,167,77,467142905
18275209,403,282,121,474429421
19272481,365,263,102,503217947
15787969,355,248,107,403360027
15037801,264,169,95,382144071
16274521,394,284,110,417176855
18523849,345,261,84,481592263
15281809,284,203,81,389033131
16030081,246,160,86,410230159
17283841,220,149,71,445975033
17029009,386,263,123,438687355
19520089,245,163,82,510388981
18777049,309,212,97,488897407
19773961,336,239,97,517751743
17525089,307,212,95,452884029
17775361,276,185,91,460061635
15526921,254,188,66,395964211
15788161,290,200,90,403365667
18022201,289,198,91,467152325
16773649,350,260,90,431395015
16274689,371,247,124,417181763
19273129,354,263,91,503236571
16531201,313,220,93,424483325
15038041,337,223,114,382150593
18524641,252,176,76,481615697
15282481,254,184,70,389052019
17283961,395,278,117,445978543
18275401,225,156,69,474436771
19027009,303,204,99,496117519
17030161,280,199,81,438720137
16030849,243,157,86,410251351
15788809,277,182,95,403384351
17526601,160,113,47,452927997
19520881,339,222,117,510412081
18022489,231,152,79,467159867
16275169,176,127,49,417195911
15038809,362,247,115,382172213
15527521,302,211,91,395982439
19273921,291,203,88,503259401
18777481,367,264,103,488909641
18524689,312,229,83,481617047
17775409,273,183,90,460062799
17284369,309,221,88,445989853
16774081,306,185,121,431408293
19774441,278,186,92,517767097
16531321,322,221,101,424486249
17031361,301,225,76,438753731
15283249,310,221,89,389073643
15789001,277,189,88,403389625
17527441,304,207,97,452951307
18276721,234,155,79,474474265
16275289,264,167,97,417198797
15039049,233,152,81,382180021
18022729,291,198,93,467167391
19520929,322,208,114,510414637
19027201,289,195,94,496122621
16031401,314,230,84,410267797
19274929,326,217,109,503289239
17284849,317,234,83,446003797
18526489,231,147,84,481668713
15527761,318,215,103,395989255
15790321,257,187,70,403426555
17032009,301,216,85,438772739
16774249,277,203,74,431412487
17528281,286,207,79,452976105
16275529,303,184,119,417205223
17775601,332,230,102,460069753
18777721,373,256,117,488916517
16532161,346,224,122,424510537
15039481,348,238,110,382191511
15284161,284,185,99,389099799
18024049,317,209,108,467205781
19774561,225,151,74,517769683
16031689,300,206,94,410274859
17285809,374,255,119,446030629
19521961,380,262,118,510443965
15791161,340,235,105,403450585
19275601,323,213,110,503307719
18277081,228,143,85,474484515
18527329,287,206,81,481692911
17032201,276,189,87,438777731
19028041,417,290,127,496145919
15527929,319,212,107,395993521
17528569,359,256,103,452984187
15284329,288,198,90,389104677
18024169,274,191,83,467209093
15039529,304,210,94,382193059
15792001,263,162,101,403474351
16031761,216,138,78,410277493
17285881,251,185,66,446033305
16276129,290,201,89,417221741
16774921,288,175,113,431431261
16532401,236,170,66,424517751
17776081,309,217,92,460082311
19522729,338,246,92,510465343
18778561,289,206,83,488940637
17032681,210,138,72,438791951
15284641,269,180,89,389113575
18527401,302,219,83,481694873
19774609,376,251,125,517770919
17530801,333,235,98,453047859
19276321,205,140,65,503329505
18024889,243,163,80,467229559
15529249,258,169,89,396031369
18277729,405,295,110,474502809
15792121,303,213,90,403477327
17286361,255,178,77,446046919
16033441,275,202,73,410324927
19028689,264,175,89,496165857
15039889,341,246,95,382202701
17776249,235,161,74,460088251
16533169,280,186,94,424538889
15285841,293,193,100,389147403
16276201,360,243,117,417224459
17033521,402,283,119,438816005
16776169,367,266,101,431466991
19523809,275,194,81,510497827
18527881,264,182,82,481708859
15792169,368,249,119,403478899
18025921,238,155,83,467258857
18779041,224,162,62,488955043
16033609,271,178,93,410329523
17286481,265,181,84,446050009
15529369,298,200,98,396034513
17532169,339,225,114,453086613
16533409,340,229,111,424545081
15286321,290,208,82,389162211
19775281,295,206,89,517790929
17778601,260,177,83,460155865
18277921,431,282,149,474508197
19276489,247,165,82,503335067
17033641,239,168,71,438819941
15040489,306,199,107,382219909
18026689,323,226,97,467281399
19028881,231,143,88,496172031
19524409,327,222,105,510514621
16276849,273,194,79,417242687
16034449,367,240,127,410353427
18528721,197,127,70,481734047
15792289,295,219,76,403482033
16776481,300,217,83,431475865
16534249,350,238,112,424569579
17286649,311,204,107,446054425
15286489,240,155,85,389166309
17778721,307,203,104,460158901
15529609,271,183,88,396041587
17034361,288,193,95,438839555
18779209,351,248,103,488959573
17532841,356,245,111,453105495
15793201,341,248,93,403507831
16034761,294,207,87,410363021
15040561,291,194,97,382221643
18028369,313,220,93,467329213
19524481,243,170,73,510516781
18528841,310,205,105,481737323
18278401,248,168,80,474522003
19775401,296,200,96,517794265
19278169,198,124,74,503382701
17286721,239,153,86,446056969
16534561,268,183,85,424578795
16277689,257,167,90,417267035
15287689,314,212,102,389200353
16777441,291,202,89,431503407
19029649,269,187,82,496193631
17779561,278,204,74,460183549
17034481,277,193,84,438842453
15793681,263,181,82,403522021
15530089,352,242,110,396055207
18028921,255,166,89,467345637
15041041,289,201,88,382235533
18529081,326,211,115,481743857
16035049,301,218,83,410371229
17286889,358,234,124,446061523
18779329,314,211,103,488963293
17533441,299,193,106,453123351
15288841,321,214,107,389231857
16534681,280,192,88,424581807
19524961,192,118,74,510531715
17779969,269,172,97,460194739
18278521,323,217,106,474525495
16277809,338,239,99,417270431
15794041,305,210,95,403531561
17034529,304,215,89,438843893
15041161,303,192,111,382238611
16777681,491,330,161,431510271
19776121,187,124,63,517815325
19278361,347,235,112,503388011
18029041,304,205,99,467348949
19029721,323,217,106,496195575
17287201,175,132,43,446071987
15288961,349,240,109,389235583
18529249,449,303,146,481748267
15530761,219,144,75,396074299
16535401,200,141,59,424604151
16035121,310,210,100,410373365
19525081,274,204,70,510535129
15794521,352,237,115,403545307
17034649,281,203,78,438847541
15041569,253,181,72,382250365
17534281,324,219,105,453147213
18779881,377,250,127,488979235
18029281,272,187,85,467355369
16277881,224,143,81,417272435
15289801,325,210,115,389259559
19278529,245,156,89,503392655
17780809,376,265,111,460218781
17287561,375,256,119,446081527
16536601,302,188,114,424637373
18278761,335,216,119,474532251
18529729,228,143,85,481762109
16778449,291,191,100,431531847
15794641,245,170,75,403548343
15530881,240,166,74,396077149
19776961,307,221,86,517840117
19525801,296,198,98,510555655
15041881,281,179,102,382259473
19029889,334,223,111,496200843
16037401,260,169,91,410437439
18029881,260,177,83,467373615
15289969,276,189,87,389264191
17035201,311,232,79,438864215
16537441,293,209,84,424660935
17288329,251,178,73,446103367
17534329,283,193,90,453148917
19279009,312,218,94,503406521
18531361,275,186,89,481809371
15795649,269,180,89,403576885
16278481,306,213,93,417289235
18780001,229,148,81,488982297
15042169,261,170,91,382267435
17781289,286,192,94,460233157
16778521,335,239,96,431534427
18279241,302,208,94,474546687
15531121,320,222,98,396083815
15290641,285,184,101,389282751
19525921,310,214,96,510558979
19030369,334,214,120,496214607
18030121,271,182,89,467381439
16539049,342,233,109,424706597
16037569,315,207,108,410442557
17289049,304,202,102,446123895
19777801,216,155,61,517863979
19280809,359,235,124,503458793
15795721,323,212,111,403579201
18531529,341,243,98,481814639
15043729,263,182,81,382311655
17035321,270,194,76,438867227
15290689,381,267,114,389283783
17534689,293,201,92,453158997
16278721,386,266,120,417295919
19525969,248,165,83,510560509
18031129,334,243,91,467409141
18780241,333,236,97,488988587
19031161,348,259,89,496237011
15532129,352,248,104,396112453
16778689,284,192,92,431539179
16540801,232,173,59,424757219
17781649,325,225,100,460242733
17289241,318,215,103,446129145
18279361,270,182,88,474550413
15044401,231,144,87,382330837
15796321,319,224,95,403596529
16037809,402,290,112,410449577
15290881,308,207,101,389289427
17035489,286,183,103,438871787
19281649,322,231,91,503483633
19778641,200,132,68,517888723
18031561,300,185,115,467420787
18532081,313,220,93,481830753
19526329,381,251,130,510570529
16541449,264,194,70,424774655
16279201,168,116,52,417311249
15796489,257,168,89,403601281
17289409,252,172,80,446133897
19032721,347,246,101,496282173
15044569,321,217,104,382335013
17535961,182,127,55,453195561
15534241,394,283,111,396172039
16779001,295,195,100,431548143
15291361,210,148,62,389303275
17035561,286,189,97,438873527
18780409,293,208,85,488993561
17782321,470,324,146,460262465
19282489,286,193,93,503507037
18279529,277,192,85,474555057
16038241,301,201,100,410461583
16542289,258,177,81,424798937
15044761,306,208,98,382341079
15797161,229,161,68,403619947
17290081,362,237,125,446153649
18031729,239,156,83,467426055
19032841,240,164,76,496285647
15292201,241,163,78,389327473
19526641,288,204,84,510580255
17035729,428,295,133,438878417
16279369,305,200,105,417315149
18533089,226,159,67,481859167
19778761,257,188,69,517891783
17536009,226,163,63,453196953
15535081,292,200,92,396195137
17782489,293,186,107,460267163
16779361,269,186,83,431558589
15045241,307,198,109,382354783
16542961,371,269,102,424818087
17290249,325,219,106,446158395
15798169,290,212,78,403649581
16038961,255,177,78,410482283
18781561,340,222,118,489027251
15292369,199,129,70,389331895
18033241,339,227,112,467469771
18279769,294,190,104,474561771
19033009,305,214,91,496290093
19284841,323,222,101,503575743
17036881,251,170,81,438911883
19526929,338,222,116,510587971
15045601,297,203,94,382365205
16280041,291,213,78,417334007
16543081,198,130,68,424821543
17782801,279,175,104,460276301
17291089,276,184,92,446182029
15535489,305,216,89,396208055
18533209,291,218,73,481862887
17536201,330,221,109,453202107
15292561,325,227,98,389337613
16780201,289,199,90,431582607
19779841,227,155,72,517923223
18034129,263,182,81,467494899
18280369,387,255,132,474579429
15798241,316,210,106,403651885
17037001,269,181,88,438914613
19033681,406,259,147,496309713
16039081,269,190,79,410485235
15045769,383,264,119,382370053
16543249,302,205,97,424825749
18781921,346,250,96,489036779
19527481,296,202,94,510603943
17783929,335,222,113,460308275
17291761,271,189,82,446201205
19285681,522,360,162,503601231
15293401,477,321,156,389361667
16280161,354,228,126,417336923
15535969,239,167,72,396221681
18280921,323,246,77,474595755
15046201,331,229,102,382382407
18034801,235,161,74,467514477
19033849,346,236,110,496314285
17037049,276,190,86,438917211
17537521,278,167,111,453240417
16544089,252,171,81,424849947
18533761,205,134,71,481878163
15799009,302,227,75,403672879
16780369,211,143,68,431586891
16039321,248,164,84,410492243
17292409,292,203,89,446219537
19780009,357,253,104,517927723
17784649,229,151,78,460328973
19527841,231,147,84,510613909
15046609,261,171,90,382393303
15295681,251,161,90,389425671
18281089,327,227,100,474600267
18782761,342,223,119,489061169
16280881,217,147,70,417357695
18034969,310,201,109,467519037
15537601,251,173,78,396267485
17037721,317,216,101,438935523
19285729,370,268,102,503602797
17537881,235,150,85,453250377
16544161,299,193,106,424851981
19033921,213,161,52,496316601
15047881,279,183,96,382428979
15799561,311,215,96,403688167
17784841,362,238,124,460333983
17293201,276,196,80,446243465
16780681,253,168,85,431595855
19528681,236,175,61,510638731
16039489,388,273,115,410496525
18534049,266,184,82,481887181
16281049,231,152,79,417362381
18281929,352,233,119,474623859
15295849,396,264,132,389430219
19780441,286,202,84,517940347
17038081,213,137,76,438946155
17538721,321,227,94,453274875
18036169,338,225,113,467553721
16544641,222,141,81,424865883
15538009,303,203,100,396278735
15048769,300,211,89,382453859
18783769,382,258,124,489090369
17293609,264,187,77,446255285
17785441,241,172,69,460351671
18534289,316,220,96,481893655
19285921,271,192,79,503607963
15800569,316,218,98,403717423
19528849,356,247,109,510643267
18282049,283,204,79,474627147
16780801,257,183,74,431599455
16039921,346,228,118,410509251
19034089,349,240,109,496321161
16282009,301,210,91,417389687
16545481,370,240,130,424889367
17039089,321,221,100,438974901
18036841,297,195,102,467572795
17538889,316,216,100,453279423
15049609,248,173,75,382477745
15296401,242,166,76,389446473
15538321,288,188,100,396288353
17294881,289,201,88,446290793
19780489,209,137,72,517941739
18534889,339,236,103,481911301
16545601,332,240,92,424892847
18785209,244,164,80,489131823
16282081,296,201,95,417391931
19529449,277,186,91,510661015
18282289,264,162,102,474634185
15800689,335,222,113,403720603
15050401,254,174,80,382499681
18037609,366,254,112,467594863
17785681,248,162,86,460358145
17539321,279,199,80,453291939
17039401,296,215,81,438983463
16040641,213,152,61,410530073
16781641,372,276,96,431623239
19286401,249,166,83,503622369
17294929,354,247,107,446292095
15296689,273,171,102,389454099
19034401,279,197,82,496330227
18534961,300,208,92,481912951
15538489,296,206,90,396293081
16545649,365,233,132,424894335
16282561,276,186,90,417404765
17541001,269,182,87,453340009
18038281,232,163,69,467614243
18282961,302,227,75,474653481
15051241,190,124,66,382524017
17039761,304,212,92,438994131
19782121,323,223,100,517988757
15800929,309,211,98,403727215
17295121,327,224,103,446297843
18786601,275,195,80,489171849
17786449,436,319,117,460380459
16041001,342,255,87,410539529
15297241,343,250,93,389469435
16546681,383,281,102,424924497
19530001,370,260,110,510676783
16782889,342,231,111,431658957
16282921,213,155,58,417415259
18535129,357,257,100,481917343
15051481,215,134,81,382530581
19286689,318,225,93,503629299
18038329,262,194,68,467615767
17040241,273,188,85,439007973
15539521,347,222,125,396321441
19034569,285,190,95,496334881
18283129,370,267,103,474658707
19783129,239,163,76,518018607
17541049,310,196,114,453341293
17295769,303,198,105,446316191
15297361,246,167,79,389472903
15801601,254,180,74,403746841
16547161,219,156,63,424938195
15052249,242,183,59,382552241
16283089,253,184,69,417419489
16041769,357,247,110,410561369
17041369,277,201,76,439039123
18038689,344,237,107,467625469
18535609,211,138,73,481932181
16783561,267,180,87,431678253
17787529,294,201,93,460412079
18787129,228,148,80,489187275
15540001,235,158,77,396335691
18284449,323,234,89,474696625
19530169,335,225,110,510681673
15299041,311,227,84,389520405
17295961,344,227,117,446321477
19783201,309,226,83,518020347
19287241,344,238,106,503645943
16549129,324,246,78,424993101
15052321,331,235,96,382554149
16284601,323,215,108,417463511
19034689,241,163,78,496337635
17541241,280,199,81,453346999
15802249,219,137,82,403764523
17042761,363,248,115,439078645
18535801,310,220,90,481937077
15300601,302,208,94,389564025
16043281,254,173,81,410604797
18285121,270,180,90,474715741
17296129,300,208,92,446326835
16784041,266,170,96,431692629
16549681,295,193,102,425009421
18039001,342,244,98,467635417
17787961,233,161,72,460424517
19783849,327,234,93,518039091
15540529,190,124,66,396350469
16285249,293,194,99,417482519
15052489,188,124,64,382558967
18787441,247,165,82,489196299
15802609,242,154,88,403774627
17042881,322,215,107,439081915
19531201,397,283,114,510712225
19287769,328,223,105,503660673
15301729,242,176,66,389596625
17541409,319,230,89,453351559
18286921,243,165,78,474767743
17296561,299,197,102,446339213
19034929,271,185,86,496345309
16550641,267,172,95,425037123
16043329,208,132,76,410606489
18039361,284,191,93,467646187
18535969,264,152,112,481942309
15802921,254,175,79,403783435
19784521,261,181,80,518058109
16784401,334,221,113,431702565
17043289,313,217,96,439095229
15540961,370,278,92,396362031
15052801,185,126,59,382568021
16285921,292,194,98,417501665
15302569,247,174,73,389620793
19288201,273,183,90,503673729
17788201,332,232,100,460431321
18787609,243,174,69,489201285
17296801,225,150,75,446346875
16551049,323,222,101,425048889
18286969,289,183,106,474769207
15803929,281,194,87,403811835
19531849,263,170,93,510731197
17542009,259,186,73,453368965
18039529,272,173,99,467650783
17043601,203,142,61,439103887
15302641,248,192,56,389622341
18536641,379,272,107,481960987
19035241,239,158,81,496355443
16043689,290,201,89,410616947
19784689,367,258,109,518062543
15053329,261,179,82,382582643
15541969,221,134,87,396390357
17297641,251,176,75,446370041
16785169,361,238,123,431724663
16551361,249,174,75,425057355
16286041,268,187,81,417504953
15804601,278,187,91,403832433
18287641,289,202,87,474788581
17788801,261,183,78,460448061
19288369,216,131,85,503678919
17043721,313,226,87,439107085
17543401,306,199,107,453409219
15303241,297,201,96,389638481
18787801,385,241,144,489206625
19532521,274,200,74,510750757
17298121,224,162,62,446382975
19784881,322,236,86,518068517
15804961,320,216,104,403841555
16551889,289,188,101,425071953
16044169,319,225,94,410630927
19035361,251,169,82,496358773
18039961,271,176,95,467662585
15054001,245,172,73,382601069
18536809,273,195,78,481967047
15542689,362,264,98,396411153
18288001,206,134,72,474798457
16286089,310,215,95,417505883
17043889,331,218,113,439111405
16785889,317,218,99,431744339
15303481,409,270,139,389645795
17543569,371,271,100,453414697
19288921,323,218,105,503694177
19533721,250,173,77,510785209
17789521,297,213,84,460468965
17298241,290,208,82,446386383
15805729,184,131,53,403863611
16552321,230,152,78,425084595
18788569,288,200,88,489229781
19036609,307,200,107,496394155
15304129,188,122,66,389664409
17044441,359,240,119,439128247
18288601,285,197,88,474816745
16044361,228,151,77,410636093
15054841,251,165,86,382625025
17543761,276,195,81,453419533
15542809,287,177,110,396414933
18040129,340,210,130,467667055
19785361,304,219,85,518083151
15806449,261,173,88,403883459
16286929,314,213,101,417529421
17298649,240,166,74,446397789
18538489,392,263,129,482015665
16786009,340,242,98,431747891
19289041,331,242,89,503697609
19533889,300,202,98,510789967
16552489,385,260,125,425089365
15055609,222,159,63,382646949
17789809,315,233,82,460477173
18288649,226,162,64,474817987
17044609,321,237,84,439133413
17544409,227,164,63,453437275
15806569,234,159,75,403886927
15304801,261,193,68,389683273
19036921,284,182,102,496403419
17299129,222,154,68,446412493
16045129,217,136,81,410657555
18789481,319,217,102,489256301
15543529,239,151,88,396435135
16553041,266,192,74,425105829
18040969,314,213,101,467691589
16287049,242,186,56,417532967
15055681,275,179,96,382648545
19290289,402,282,120,503732661
16786249,315,222,93,431754833
18288769,339,232,107,474820981
19785529,346,240,106,518087507
18538969,289,193,96,482029459
17044801,272,190,82,439138285
15806641,332,249,83,403888295
17544529,310,223,87,453440905
19534201,346,232,114,510798871
17300329,338,229,109,446445653
19037281,410,277,133,496413823
16553209,327,229,98,425110767
17790361,316,208,108,460493361
15304921,239,164,75,389686309
15056161,275,186,89,382662525
16045201,313,206,107,410659007
15543889,288,186,102,396444903
15806809,315,215,100,403893839
18289009,378,263,115,474827497
18789649,358,241,117,489261281
17044969,437,299,138,439142233
19290889,370,262,108,503750133
17545249,292,212,80,453460619
16287721,262,169,93,417552407
17301169,404,274,130,446469791
19534729,292,212,80,510813625
16553569,312,214,98,425120709
18042361,314,216,98,467732173
16786681,332,256,76,431767301
15056281,318,216,102,382666119
19786489,316,210,106,518115623
18539089,403,274,129,482032627
15807481,341,246,95,403912217
15305761,267,171,96,389709733
18289489,261,180,81,474841529
19037881,365,251,114,496431361
17790481,306,199,107,460496103
16045369,318,218,100,410664599
15544369,276,187,89,396458145
17545441,215,131,84,453466589
16553881,313,224,89,425129163
17301841,378,263,115,446489657
17045401,328,244,84,439155307
19291561,258,166,92,503769543
19535161,275,178,97,510826633
16287961,240,177,63,417559079
15808081,209,137,72,403930595
18790129,387,284,103,489274583
19788169,280,197,83,518164433
15057001,322,234,88,382685529
16786729,278,210,68,431768609
18042481,256,187,69,467735341
18290449,341,240,101,474868895
16554169,329,231,98,425137245
15306169,330,223,107,389721655
17302321,310,203,107,446503511
17546281,207,145,62,453491201
18539329,290,196,94,482038945
17790529,266,185,81,460498419
17045569,262,176,86,439160269
15544561,368,267,101,396463671
16045849,277,184,93,410678219
15808321,236,154,82,403936985
19535209,256,170,86,510827953
19040401,318,208,110,496504189
19291969,345,253,92,503781369
19788409,285,193,92,518171405
16288801,288,193,95,417583385
18290689,279,184,95,474876191
16555081,239,151,88,425162933
15057169,317,214,103,382690593
17302489,294,207,87,446508521
17546761,322,218,104,453505307
16787689,327,210,117,431795471
18790921,286,195,91,489297221
17790649,345,241,104,460502379
15808921,321,227,94,403954075
18042721,202,131,71,467741851
15306481,213,139,74,389730313
17046961,242,166,76,439201003
15545161,246,163,83,396480783
16046689,286,197,89,410702069
18540481,268,185,83,482072587
19535569,212,139,73,510838897
16555249,270,187,83,425167751
18291001,212,134,78,474885611
17302609,258,172,86,446511881
15809329,320,225,95,403965481
19788721,288,206,82,518180609
19292401,456,318,138,503793921
19041481,343,241,102,496535179
17547289,319,226,93,453519339
15058369,316,219,97,382725471
16289641,257,179,78,417607005
17790889,331,220,111,460508337
17047081,361,235,126,439203799
16787929,277,192,85,431802035
15306649,278,186,92,389735269
16555681,331,220,111,425180909
18791089,383,269,114,489301823
18043489,235,151,84,467764831
17302849,234,158,76,446518733
15809929,342,231,111,403982263
19536001,169,116,53,510850729
15545209,221,145,76,396482103
16047481,290,201,89,410724491
19292641,254,184,70,503800569
18292129,398,281,117,474917527
17547601,328,198,130,453528807
19789009,322,223,99,518189033
18540649,335,231,104,482077189
17792161,306,220,86,460543713
15059689,279,188,91,382762757
17047249,371,254,117,439208659
16290121,339,226,113,417621567
16555729,316,219,97,425182193
15810649,432,287,145,404002657
19042489,226,163,63,496565167
17304289,392,271,121,446558765
15306769,333,220,113,389738335
16788241,358,258,100,431810897
19536721,259,173,86,510872141
17547889,428,330,98,453537021
15546169,273,176,97,396509051
19293289,346,240,106,503818977
18043561,290,201,89,467766907
17792329,232,152,80,460548597
18791329,332,237,95,489308693
16048321,274,181,93,410747679
18293641,257,200,57,474961129
17047801,286,197,89,439224919
16555849,413,289,124,425185067
19790569,294,201,93,518234303
15812281,233,162,71,404048803
15060361,250,163,87,382780997
16290289,293,199,94,417625863
17305369,265,185,80,446590757
18543289,385,268,117,482152835
15307009,335,238,97,389745817
19536889,282,193,89,510876377
17548129,263,175,88,453544197
19293409,414,304,110,503822883
16788529,292,196,96,431819807
19043809,337,219,118,496603135
17048761,243,172,71,439252225
16555921,371,250,121,425187767
15813169,201,142,59,404074483
15546241,317,216,101,396511259
16290409,343,230,113,417629121
17305801,394,280,114,446602867
16049881,268,181,87,410792931
18044041,238,166,72,467780545
15060649,400,288,112,382789103
19791241,348,252,96,518253263
17793049,280,179,101,460569669
18791761,277,191,86,489321251
18294481,344,239,105,474985105
17548801,273,178,95,453562065
15813289,292,191,101,404077645
15307681,273,193,80,389765953
16556569,355,259,96,425206523
19537009,434,325,109,510879461
18543529,258,177,81,482159835
17049001,283,200,83,439258945
16292161,282,200,82,417678505
19294081,258,180,78,503843233
17307361,259,176,83,446647855
15546889,324,215,109,396529115
16788601,299,209,90,431821985
19043929,261,173,88,496606429
16050049,233,156,77,410796999
15814129,264,175,89,404101441
17548969,300,210,90,453567627
16556689,358,241,117,425209679
15061489,233,153,80,382812809
15308329,209,152,57,389782987
19537249,323,219,104,510886445
16292641,274,192,82,417691849
18044161,300,192,108,467784079
19791529,335,234,101,518262383
17793241,252,175,77,460574673
18294649,386,267,119,474990445
18792481,226,154,72,489342527
17307721,212,157,55,446657851
19294801,268,185,83,503863895
17049169,268,176,92,439263937
15814801,293,219,74,404120967
16788769,418,299,119,431826023
18543841,302,198,104,482168517
16557601,245,167,78,425235587
15547561,227,146,81,396549323
17549281,317,208,109,453577305
15309121,230,148,82,389805037
16292761,270,200,70,417695071
16050169,316,218,98,410800233
15061561,375,257,118,382814927
19537729,304,196,108,510900659
19044001,283,195,88,496608147
17308561,304,210,94,446680867
19791769,329,240,89,518269355
15815689,383,256,127,404145777
19294921,321,226,95,503866745
18044209,360,257,103,467785789
16558249,429,291,138,425253395
17793409,348,257,91,460579395
16789249,235,165,70,431839685
15309529,387,264,123,389815783
17549569,289,200,89,453585699
18294721,232,148,84,474992575
18793321,354,238,116,489366593
17050009,316,227,89,439287073
16293169,331,236,95,417706951
15548569,273,183,90,396577277
18543961,371,257,114,482171451
15816481,323,218,105,404167629
15062329,326,239,87,382836185
17309329,217,145,72,446703775
16050241,293,203,90,410802045
19537849,345,224,121,510904649
16790929,265,181,84,431888141
15310201,182,115,67,389835163
16558369,237,161,76,425256731
19792441,345,227,118,518288231
19295161,367,259,108,503873915
17793889,273,190,83,460593417
19044169,368,253,115,496613247
16294009,282,192,90,417731275
18044329,255,168,87,467788825
17550241,292,198,94,453604809
15817201,218,143,75,404188797
15549241,289,200,89,396596795
18295729,283,200,83,475021093
17309569,348,234,114,446710909
17052169,282,204,78,439348879
18795289,345,241,104,489422873
15310969,256,190,66,389856583
15062569,320,210,110,382842149
18544681,286,200,86,482193139
19538089,345,226,119,510910895
16791289,220,146,74,431898923
16558609,333,230,103,425263667
16051681,291,194,97,410843007
19793281,362,248,114,518312777
16294321,241,164,77,417739567
15817729,261,176,85,404203629
17794009,276,202,74,460596765
19295329,333,229,104,503878631
15549409,279,181,98,396601769
17310001,286,202,84,446722909
15311209,312,201,111,389863237
19044481,236,154,82,496622673
18044401,278,188,90,467790943
17550289,286,193,93,453606099
17052961,210,148,62,439371645
16791601,303,213,90,431908403
18545041,258,177,81,482202967
16294441,256,177,79,417742825
15062881,270,186,84,382851611
18296041,293,196,97,475030507
15819241,309,225,84,404245841
19538689,216,145,71,510928835
19793881,237,152,85,518329889
18795841,262,175,87,489439139
16558921,308,224,84,425272757
16051921,356,249,107,410850089
15311521,258,178,80,389873041
15550609,336,230,106,396635225
17310049,322,221,101,446724433
17794681,278,184,94,460616535
16791721,351,234,117,431911457
19046161,278,201,77,496671109
16294489,298,202,96,417744217
15819721,230,149,81,404259803
19295929,328,239,89,503896715
18545689,306,215,91,482222169
17053369,411,293,118,439382709
15063721,329,229,100,382875527
15551761,253,176,77,396668105
19539241,394,279,115,510944201
17552641,389,260,129,453673503
15311641,256,175,81,389876527
18045889,325,235,90,467833789
17310169,333,228,105,446727877
16559761,244,156,88,425296931
18296329,402,294,108,475038523
16055929,309,208,101,410964413
16791769,360,255,105,431912699
18796801,294,200,94,489467321
15820249,335,227,108,404274929
19793929,302,207,95,518331209
19046281,204,139,65,496674505
16294849,296,194,102,417755035
18545809,338,220,118,482224995
15551929,301,198,103,396673061
17795689,351,250,101,460645809
16559929,278,173,105,425302061
17310409,262,177,85,446734771
17053681,340,251,89,439391721
15064849,340,235,105,382907789
19539361,346,248,98,510948089
15311689,287,177,110,389877895
19296769,361,267,94,503921213
16792129,331,222,109,431922611
15821761,363,259,104,404317721
17552809,307,210,97,453679437
16295161,200,126,74,417763513
18046009,270,182,88,467836771
19047121,261,182,79,496698893
16056289,288,194,94,410974217
18297001,312,221,91,475057603
18548041,287,198,89,482291173
17310721,243,160,83,446744329
16560721,209,149,60,425325089
15065569,282,202,80,382928693
18797209,381,273,108,489478331
15552289,285,176,109,396683241
19794769,280,199,81,518355563
15821929,361,247,114,404322989
19540201,409,273,136,510972173
17053801,323,222,101,439395867
16295449,226,152,74,417771769
17795929,363,240,123,460652565
15311809,373,277,96,389881375
16792969,327,234,93,431946425
17553001,284,195,89,453684459
18046081,297,195,102,467838949
19047169,285,195,90,496700465
15066241,206,140,66,382947509
17310841,266,194,72,446747069
19297009,312,218,94,503928257
16560961,266,175,91,425331785
16056769,175,127,48,410987543
18549409,366,252,114,482330467
16296529,401,285,116,417802639
17054209,286,200,86,439407465
15822361,329,208,121,404334875
18297841,261,194,67,475081617
15552601,177,120,57,396692673
19540249,262,170,92,510973697
15066361,293,204,89,382951067
18797521,333,224,109,489488323
19047961,217,155,62,496722797
15312049,202,133,69,389887927
17311081,287,215,72,446753957
16561969,314,227,87,425359631
18046849,318,221,97,467860771
19794961,301,207,94,518360927
17796601,330,225,105,460671955
16793281,315,220,95,431955287
16296961,362,229,133,417814573
17553649,244,159,85,453702459
18549721,290,182,108,482339359
16057441,233,161,72,411007229
15066769,266,180,86,382961789
15822601,301,193,108,404341349
19297489,296,202,94,503942453
19541281,316,214,102,511004249
15553969,410,283,127,396730197
16562449,337,247,90,425373319
17311561,276,194,82,446768225
17055361,292,196,96,439440231
19048009,356,243,113,496724135
18297889,218,148,70,475082853
18047089,296,207,89,467867233
15312889,315,232,83,389911635
16297201,410,283,127,417821869
18798361,296,213,83,489512215
15067609,282,198,84,382985645
17797921,308,210,98,460709347
18550561,212,150,62,482363539
15822769,291,190,101,404346395
17553841,363,259,104,453708381
16794649,228,151,77,431993941
19795729,471,335,136,518383619
16563409,320,219,101,425400919
16057729,260,175,85,411014783
15554401,341,225,116,396742749
19542049,329,226,103,511025435
17311681,265,180,85,446771375
19048129,316,208,108,496726907
18048361,256,173,83,467903795
15069289,271,182,89,383032691
17055481,303,206,97,439443633
19298161,246,179,67,503961191
15823081,290,198,92,404356235
17555689,402,269,133,453760965
15313321,274,184,90,389922963
18298009,297,207,90,475087185
18550681,380,272,108,482366653
16564129,287,199,88,425421685
16297969,278,183,95,417842893
15554641,277,194,83,396749259
17798449,326,217,109,460724335
18798529,296,207,89,489516607
15069601,180,116,64,383042249
19795969,283,198,85,518390003
16795081,313,213,100,432006193
17311849,233,170,63,446776403
16058281,269,197,72,411030899
18048409,258,165,93,467905235
19048369,292,205,87,496735349
15824041,270,182,88,404382359
17556001,204,145,59,453770355
16564321,461,320,141,425426365
19543561,305,218,87,511070045
18550729,322,218,104,482368099
17055529,313,207,106,439445061
15313729,331,231,100,389934771
15069889,252,164,88,383049869
15555649,394,277,117,396778253
16298209,257,165,92,417850183
19299121,313,220,93,503988335
18298081,239,167,72,475089189
18048529,285,196,89,467908907
19797241,282,195,87,518427413
15824761,263,179,84,404402645
17556289,210,137,73,453778113
17312089,318,225,93,446782709
17799889,399,276,123,460766043
19049689,304,225,79,496774283
16795249,211,149,62,432011293
16060321,269,170,99,411088727
16564921,342,246,96,425444159
18798649,187,120,67,489520063
15070441,263,176,87,383065579
15555961,252,156,96,396786989
18550849,316,217,99,482371603
15314329,248,169,79,389952369
18048601,288,200,88,467910995
17055889,352,234,118,439455271
16299529,266,177,89,417888055
19545481,378,261,117,511125607
17556841,296,213,83,453793315
17312521,362,261,101,446794991
15070609,307,224,83,383069803
15825049,268,198,70,404410691
19798249,239,158,81,518457065
16565161,245,157,88,425451551
19049881,360,247,113,496779323
19299169,325,216,109,503989721
18299401,347,227,120,475126701
15556969,388,247,141,396815675
16061761,181,122,59,411130001
16795921,252,161,91,432030685
17800129,374,245,129,460772679
18550921,206,135,71,482373631
18048769,309,209,100,467915861
18798721,417,275,142,489522109
15070801,291,198,93,383075251
17312689,316,207,109,446799989
17557801,338,234,104,453821275
15315049,222,150,72,389971611
16299649,189,130,59,417891163
17057401,261,182,79,439498139
15557089,230,157,73,396819511
15825769,350,266,84,404430779
19798321,206,132,74,518458637
19545649,359,240,119,511130821
19299961,408,294,114,504013307
16567489,263,191,72,425516709
19051369,261,184,77,496821705
15070969,221,139,82,383079727
16062169,387,263,124,411141485
18049441,334,226,108,467935529
18551569,298,215,83,482391673
18299689,312,212,100,475134933
17314201,245,169,76,446843591
17557849,265,173,92,453822433
16796089,271,198,73,432035779
15315721,188,122,66,389992959
17800561,230,168,62,460785729
18799369,249,169,80,489541237
17058001,259,178,81,439514891
15071281,209,155,54,383088655
16300321,309,216,93,417910495
19798921,347,226,121,518476403
15557161,319,216,103,396821671
19051489,377,269,108,496825335
18049921,242,166,76,467950127
15826561,258,178,80,404454297
19300009,335,219,116,504014531
17314441,219,152,67,446850089
17558521,343,241,102,453841447
16568281,232,156,76,425539101
15315841,272,194,78,389995707
19546129,284,202,82,511144651
16062601,260,180,80,411153311
18551761,484,321,163,482397289
15072649,274,196,78,383127511
16796161,275,184,91,432037453
18300409,385,264,121,475155951
17058049,312,219,93,439515971
17800729,294,206,88,460790079
18050041,223,154,69,467953879
17315041,345,235,110,446866745
17558809,330,226,104,453849801
19052329,339,226,113,496849761
19799089,393,271,122,518480987
15315889,354,237,117,389996709
15557761,275,195,80,396837799
19300129,255,170,85,504018095
16300561,185,129,56,417917251
18799489,274,188,86,489544327
15073489,330,232,98,383151577
15826969,309,234,75,404466249
16568689,245,166,79,425550417
16062649,275,188,87,411154775
18552241,252,192,60,482411053
17058169,304,206,98,439519835
18050089,286,207,79,467955031
17316289,239,157,82,446903465
19546321,366,252,114,511149577
17559889,332,224,108,453880503
16796809,300,205,95,432056377
15073801,297,202,95,383161651
17801281,294,195,99,460805781
19053241,188,118,70,496876147
18301201,193,143,50,475178775
16301209,270,196,74,417935513
15318361,279,213,66,390066339
15828409,266,180,86,404506455
15557929,248,173,75,396842119
19800169,291,192,99,518512139
18552529,353,241,112,482418901
18800209,341,240,101,489565069
19300201,309,225,84,504020525
17316601,353,236,117,446913119
18050881,278,193,85,467977603
15074161,277,185,92,383171419
16569001,186,137,49,425560857
17560321,216,151,65,453894183
16062769,297,205,92,411157895
17058241,326,234,92,439521887
16301401,252,168,84,417941027
15828481,214,133,81,404509197
19055089,214,147,67,496929433
16796929,342,256,86,432059935
15319201,280,188,92,390089667
19546921,247,168,79,511166569
17801401,383,251,132,460808829
15074329,287,191,96,383175517
18301369,286,190,96,475183279
17317969,277,206,71,446951309
15558601,372,244,128,396860809
18051289,236,153,83,467989117
17560729,291,195,96,453905649
19800601,294,203,91,518524749
18553201,315,231,84,482439817
17058841,364,252,112,439538735
15829921,381,245,136,404548977
16302049,255,182,73,417959709
16569961,295,189,106,425587443
16063009,250,172,78,411164855
19300969,258,187,71,504042911
18800569,427,296,131,489575959
15074641,279,195,84,383184013
16797169,210,138,72,432066205
17561041,213,138,75,453913899
15319441,296,206,90,390096797
19055401,260,169,91,496938307
15559009,313,205,108,396872935
18051769,282,180,102,468002395
17060569,291,205,86,439588559
19801009,338,235,103,518536803
17801809,182,127,55,460821489
15830161,303,184,119,404557119
18553369,466,326,140,482443963
17318281,348,231,117,446960891
19548601,293,209,84,511214893
15074929,184,130,54,383192563
18301609,260,183,77,475190347
16570009,298,196,102,425588769
19301041,291,215,76,504044765
16302721,272,190,82,417978039
16063321,241,172,69,411173665
17561209,322,199,123,453918447
15559321,341,252,89,396882139
18052729,449,315,134,468030109
15830641,314,215,99,404570049
18802081,255,168,87,489619281
15075001,342,241,101,383194219
15320881,243,163,80,390138083
19056529,293,190,103,496970823
16797481,340,230,110,432075337
19802281,294,212,82,518573637
18553921,244,166,78,482460655
17318569,321,234,87,446968601
17060929,371,246,125,439598525
17802121,320,223,97,460830699
19301641,305,215,90,504062225
17562001,214,147,67,453942685
15559441,340,231,109,396885187
16570129,198,124,74,425592879
15830809,243,168,75,404575299
18053281,358,241,117,468045985
18302281,322,208,114,475209445
15075769,283,220,63,383215825
19549009,368,260,108,511227193
16063609,221,159,62,411181285
16303009,430,315,115,417986217
15321601,164,119,45,390158069
17318641,353,250,103,446970377
19802449,359,253,106,518578215
19057081,324,225,99,496987095
16797841,323,208,115,432085561
18802681,305,212,93,489637599
15831841,294,184,110,404604201
17562169,257,178,79,453947605
15076441,259,194,65,383234425
19301881,259,195,64,504068939
18053641,309,197,112,468056353
17061409,253,173,80,439613555
15322441,212,137,75,390182009
18554281,350,237,113,482471353
15559849,322,223,99,396897283
17802409,222,138,84,460838279
19549441,323,223,100,511239247
16570201,303,215,88,425594775
17319961,224,156,68,447008375
16063681,265,172,93,411183331
16303681,223,152,71,418005753
18303121,333,229,104,475233331
15832009,350,269,81,404609121
15076489,367,252,115,383235655
19057201,340,240,100,496990341
17563921,319,226,93,453997081
18055249,216,150,66,468103105
19303201,264,171,93,504107093
15322969,247,159,88,390196529
16798009,341,246,95,432090685
17061529,303,214,89,439616273
19803169,251,163,88,518599323
18802921,351,246,105,489643827
17320129,341,244,97,447012287
15560329,288,201,87,396910999
15833161,286,195,91,404641953
15076609,274,184,90,383239291
18554449,308,209,99,482476045
18303601,321,223,98,475248049
16570849,257,178,79,425612583
17802481,288,200,88,460840151
17564929,321,218,103,454027087
16064449,282,205,77,411205425
15323401,321,214,107,390208463
16303921,386,278,108,418012143
18055489,223,160,63,468109429
19550521,365,235,130,511271425
19058041,260,181,79,497015379
19303321,412,270,142,504110273
17061769,230,157,73,439623329
17320249,327,250,77,447016169
16798609,217,141,76,432108109
15834001,216,149,67,404666451
15076681,320,190,130,383241343
18305449,362,248,114,475300699
15323449,326,228,98,390209609
17566201,224,144,80,454062925
15561289,325,231,94,396938065
19803841,335,242,93,518619087
18803689,263,184,79,489666369
16571041,241,152,89,425618355
17062609,245,159,86,439647191
16064689,304,213,91,411212361
19303369,327,231,96,504111683
19058089,366,258,108,497016333
18555049,337,226,111,482493289
16304089,358,227,131,418016733
17803801,268,186,82,460879853
17320321,273,197,76,447018347
15834289,215,137,78,404673903
15077329,413,289,124,383259637
18055801,242,168,74,468118681
19551121,345,228,117,511288531
15324289,298,195,103,390233583
18306121,243,159,84,475320841
17566441,280,169,111,454069123
16798849,359,252,107,432114781
16571521,262,180,82,425632197
15562369,155,102,53,396969493
15835009,285,191,94,404693781
17320489,306,200,106,447023843
19303489,295,204,91,504115037
15078841,330,230,100,383302315
19058929,362,257,105,497041173
16065529,248,157,91,411236967
18803929,252,167,85,489672987
17062921,233,150,83,439656005
19804801,314,214,100,518646873
18056089,305,211,94,468127087
16304521,278,174,104,418029411
15325081,380,266,114,390257121
17803921,234,164,70,460882787
18306961,270,181,89,475344427
16571689,257,186,71,425636565
18555289,292,197,95,482499535
15835969,313,212,101,404720925
17566609,255,171,84,454073989
17320969,268,188,80,447037325
16799521,262,180,82,432133561
19551841,254,180,74,511309789
15562801,244,170,74,396981355
19304161,320,228,92,504136433
15325969,311,207,104,390281103
15079201,313,215,98,383312455
19059049,255,171,84,497044725
18056761,281,195,86,468146461
16572889,355,249,106,425670459
19804849,187,117,70,518648337
18307129,213,149,64,475349299
16066009,323,239,84,411250335
15836521,228,160,68,404737569
16304569,299,205,94,418030755
17064121,324,222,102,439689557
18805201,393,252,141,489709635
17804089,354,262,92,460887365
17321329,192,141,51,447047501
15562849,249,188,61,396982663
15326329,328,212,116,390291405
18556441,314,216,98,482532089
17566921,318,237,81,454083307
19305049,224,152,72,504160871
16573201,347,258,89,425679381
19059721,270,188,82,497063373
16800961,249,181,68,432175153
15837361,284,195,89,404761003
18307321,330,225,105,475355365
15079849,257,177,80,383330731
19804969,401,287,114,518652081
18056809,251,182,69,468147463
19552009,264,177,87,511314325
17322001,265,178,87,447067169
16066681,328,219,109,411269565
15563689,311,227,84,397005853
15326929,262,178,84,390308535
16304689,331,232,99,418033977
17064721,373,258,115,439706589
16574161,356,266,90,425706145
15837649,217,149,68,404768947
17804161,392,288,104,460889597
18805441,347,250,97,489716025
18308089,418,289,129,475376863
19305889,308,215,93,504184913
18556729,274,189,85,482540903
19059961,381,273,108,497070237
19805041,252,177,75,518654007
17567041,331,241,90,454086511
17322169,354,240,114,447071459
15082201,281,189,92,383397599
18058321,262,182,80,468191305
16801849,173,113,60,432200617
15327601,279,184,95,390327129
15564361,320,225,95,397025131
16575241,264,176,88,425737975
15838369,314,222,92,404789515
16067209,225,143,82,411284229
19552129,305,224,81,511317565
16306249,315,230,85,418078177
18308929,312,206,106,475401361
17064769,251,188,63,439708125
15328009,292,197,95,390338571
17322601,284,185,99,447083891
19060441,342,230,112,497083713
15564529,357,257,100,397029973
18059521,347,238,109,468225787
19308361,358,253,105,504255575
17804329,287,187,100,460894751
16575409,263,178,85,425742907
18805609,237,157,80,489721203
15838561,264,189,75,404794699
15082321,263,185,78,383401325
16802041,233,166,67,432205453
18556801,322,219,103,482542613
17567281,359,244,115,454093165
19805881,345,247,98,518677611
18309601,327,224,103,475420531
15328609,281,193,88,390356157
16067881,360,246,114,411302691
15564649,251,169,82,397033381
17323609,294,189,105,447112045
16306369,298,200,98,418082287
15838729,280,198,82,404799853
18060169,349,214,135,468244373
19060969,212,152,60,497098695
17064961,246,173,73,439713501
16575721,299,197,102,425751223
19552681,299,200,99,511333951
17804929,248,159,89,460911515
15082489,296,208,88,383404979
18309769,278,185,93,475425439
18557401,369,267,102,482560619
19309441,334,221,113,504287225
17323681,261,177,84,447114703
18806209,293,201,92,489738495
16802521,282,188,94,432219913
17568601,338,244,94,454132543
15839041,220,155,65,404808853
19806049,347,243,104,518682189
16576009,360,255,105,425758909
18061009,340,239,101,468268499
15565201,229,162,67,397049143
19061569,303,217,86,497116335
15329329,274,184,90,390376785
16068049,416,281,135,411308079
16307041,195,123,72,418100545
17805169,297,192,105,460918391
17065129,360,243,117,439718037
18310441,343,245,98,475444921
17324161,295,196,99,447127297
15839401,329,215,114,404818657
15082729,332,209,123,383411255
16576561,206,141,65,425776489
19552849,394,289,105,511338457
18557449,287,208,79,482562563
19806361,215,147,68,518692443
18807121,283,181,102,489765699
19062649,261,193,68,497147171
18061201,334,245,89,468273839
16802881,244,165,79,432229819
19309921,334,242,92,504300545
17568721,267,189,78,454136047
15330001,269,185,84,390395937
15565369,329,209,120,397053211
16069321,259,181,78,411345411
18310681,209,136,73,475452235
17805481,201,143,58,460927565
15839569,351,247,104,404823055
17324449,317,209,108,447136039
16307089,282,191,91,418101799
16577521,296,197,99,425802783
17065561,407,290,117,439730481
15083401,302,202,100,383431229
18557641,368,282,86,482568101
19554481,285,198,87,511385771
19806481,289,190,99,518696205
18807289,319,206,113,489769731
15839881,306,215,91,404831923
18311281,355,250,105,475468951
15330361,261,170,91,390405777
18062689,246,180,66,468316677
16577569,338,228,110,425804553
17324689,421,294,127,447143755
17806681,355,264,91,460961303
16803889,382,255,127,432258295
19062961,258,174,84,497156147
15566209,385,260,125,397077517
17570569,287,198,89,454188047
16069489,293,207,86,411349827
19310281,236,157,79,504311381
16307281,195,122,73,418108165
18558409,253,169,84,482589107
15840841,248,160,88,404859639
15084241,248,174,74,383454923
17065801,254,167,87,439738245
18807769,319,229,90,489784167
16578361,359,240,119,425826975
18312841,304,203,101,475514239
17325289,316,229,87,447160507
19554649,266,188,78,511390349
17807281,425,281,144,460978649
15330841,280,186,94,390419013
17571121,338,223,115,454203441
19806889,299,219,80,518707623
15566329,219,157,62,397080871
16804729,334,244,90,432281771
15841729,348,235,113,404884941
18063361,294,206,88,468335985
16069561,290,187,103,411351933
19063129,380,252,128,497161367
16578409,277,183,94,425828661
18558481,398,288,110,482590997
16307761,223,150,73,418122919
17066809,330,226,104,439767567
18313849,278,183,95,475542801
15085009,214,128,86,383476595
17325961,316,231,85,447180253
19310449,323,223,100,504316271
18808729,271,180,91,489811797
19555201,327,229,98,511406783
17807329,259,168,91,460980173
17572801,282,194,88,454251783
15841921,330,240,90,404889903
16805209,257,178,79,432295817
15330961,323,200,123,390422583
16579201,284,192,92,425851311
15567169,349,248,101,397104643
17067121,325,219,106,439776243
18314209,263,186,77,475554483
18558961,283,196,87,482605639
16070161,350,238,112,411368529
18063481,369,271,98,468339267
19807561,281,194,87,518727313
15085729,362,263,99,383496519
16307881,300,219,81,418125433
17807521,261,168,93,460985531
17573329,227,149,78,454266229
15843241,405,292,113,404927603
17326129,386,267,119,447184951
19063801,264,171,93,497181557
19555489,348,240,108,511414709
16807729,205,133,72,432367713
16579921,237,165,72,425871753
18810409,384,277,107,489860193
15331009,282,190,92,390423903
19310881,339,225,114,504329017
18315049,324,204,120,475578063
18559249,265,193,72,482614369
17067481,290,200,90,439786287
15567241,267,193,74,397106563
19809409,273,191,82,518780645
17573641,304,213,91,454275877
16809601,202,136,66,432420793
16070209,267,169,98,411370023
16580089,353,235,118,425876205
15086521,256,169,87,383519661
18064201,219,151,68,468361293
18812929,317,224,93,489932961
15843601,216,150,66,404937533
16308889,225,148,77,418153897
17327041,281,185,96,447210589
19063969,274,182,92,497185727
17808121,247,172,75,461002403
19556041,332,241,91,511431497
15331201,357,255,102,390429999
18559969,362,235,127,482634277
17068081,343,244,99,439802943
16809769,306,212,94,432425239
18315529,235,168,67,475592439
15567841,279,205,74,397123987
16580281,384,256,128,425881137
19311121,338,218,120,504335905
19809721,370,265,105,518789291
17327521,303,210,93,447224731
17573929,361,252,109,454283923
18813481,340,225,115,489948593
16070881,265,186,79,411388971
15086569,218,140,78,383520699
19064161,240,171,69,497191733
15844249,238,166,72,404956079
19556881,281,189,92,511455771
17068489,228,157,71,439814361
16308961,267,183,84,418155733
18561001,377,259,118,482664607
18065329,347,223,124,468392943
15331369,270,177,93,390435009
17808169,319,209,110,461003441
16810081,271,205,66,432434713
16580449,316,225,91,425886165
17328481,156,103,53,447252409
18813601,247,163,84,489951929
15846289,335,242,93,405013715
15567889,271,187,84,397125319
17575009,230,143,87,454314595
18316201,250,161,89,475610679
19064329,340,229,111,497196329
17068801,283,199,84,439823271
15086761,325,225,100,383526141
19311289,505,338,167,504340009
16309129,251,188,63,418160809
16071241,348,232,116,411399003
18562009,451,297,154,482692513
19557721,285,191,94,511480773
19810009,310,219,91,518798657
15331969,250,176,74,390451611
17329201,324,224,100,447273319
15846769,240,158,82,405027107
16810201,353,250,103,432438073
18814681,250,174,76,489982745
18065401,285,187,98,468395031
17808289,355,227,128,461007011
16580881,305,219,86,425898429
19064641,289,208,81,497204543
17070649,307,209,98,439877373
16309801,256,164,92,418180807
15568249,284,211,73,397135153
17575609,357,249,108,454331107
18562441,356,238,118,482705641
15087361,231,158,73,383542713
15846889,345,241,104,405030425
16810249,269,196,73,432439549
17329369,273,186,87,447278029
18316561,289,196,93,475621251
16071841,262,176,86,411415905
19312609,333,230,103,504378841
18814849,358,241,117,489987371
15332641,205,147,58,390469995
18065569,330,229,101,468399255
19557841,293,195,98,511483893
16310401,453,315,138,418197511
19065169,317,227,90,497220131
19810081,357,236,121,518800211
17070769,222,136,86,439880661
18564529,202,135,67,482766277
15847561,284,198,86,405049097
16581049,301,195,106,425903211
15569089,291,191,100,397159129
17808841,332,219,113,461023691
17576161,347,243,104,454348557
16811281,291,195,96,432468817
15087409,360,244,116,383544327
18815161,315,217,98,489997247
18316729,364,260,104,475625613
16310449,275,196,79,418199401
16071889,239,158,81,411416997
18065881,225,162,63,468408945
17070841,291,204,87,439882431
17329489,278,194,84,447281365
19065481,312,221,91,497229359
15332809,361,240,121,390474639
15847969,287,195,92,405061511
17577169,264,175,89,454377975
19313401,371,266,105,504401239
16811449,256,167,89,432473749
18564961,325,228,97,482778275
19558009,279,198,81,511488777
16581601,222,161,61,425919397
15569401,305,192,113,397167727
19810249,329,227,102,518805149
16311241,284,198,86,418221301
18317329,310,180,130,475643049
18815281,241,161,80,489999761
18066241,286,195,91,468419355
15088441,244,166,78,383572575
17809201,201,146,55,461034215
19065649,283,192,91,497234159
15849289,201,135,66,405098997
16072681,297,199,98,411440109
17577361,257,185,72,454383081
15333049,258,175,83,390481407
17072449,198,140,58,439928721
17330329,163,105,58,447305137
16582129,302,211,91,425934373
16311289,284,191,93,418222645
16811881,228,157,71,432485719
18317401,398,284,114,475644717
18816361,295,180,115,490032197
18565681,322,217,105,482799305
18066409,260,187,73,468423619
15850321,374,253,121,405127849
15571921,234,148,86,397239719
19313641,271,194,77,504408289
15089089,273,186,87,383590965
19066321,282,187,95,497254583
19558081,251,164,87,511490667
16582729,266,195,71,425951143
17578009,245,155,90,454401447
17809369,366,264,102,461038673
19811521,356,256,100,518841801
16311649,311,212,99,418232647
16072729,370,252,118,411441057
15333481,241,166,75,390493941
18317569,200,124,76,475649973
18817369,253,181,72,490060757
15850801,217,162,55,405142609
17072521,338,236,102,439930263
16813729,229,142,87,432538891
18066721,257,184,73,468433189
17331049,292,205,87,447325393
19068529,450,317,133,497317199
15572041,228,147,81,397242849
19558921,404,281,123,511515351
17578201,267,181,86,454406355
15089881,233,154,79,383613459
18565801,232,154,78,482802851
16312081,324,225,99,418244743
19812409,306,222,84,518868177
15851809,272,189,83,405170605
18318049,306,211,95,475663071
19313809,346,229,117,504413497
16583569,315,218,97,425975425
18817801,277,185,92,490073429
17809801,282,198,84,461052029
15333529,280,202,78,390495099
16073401,252,187,65,411460323
16813801,242,164,78,432540793
19069201,336,230,106,497338337
17074129,274,194,80,439976545
17331841,278,200,78,447348379
16312249,386,262,124,418249051
17578681,373,242,131,454420179
18066889,226,145,81,468438109
19559929,243,162,81,511544361
15852481,309,206,103,405190153
15572209,271,192,79,397247409
15089929,434,299,135,383614833
18318889,287,188,99,475687769
18818521,334,246,88,490094229
19812601,225,161,64,518873559
17810641,250,169,81,461075609
18565849,246,156,90,482803943
16814641,326,229,97,432564637
16584289,229,164,65,425996731
15333649,305,211,94,390498639
16073521,315,196,119,411463179
15852601,298,212,86,405192997
19314289,202,153,49,504428179
19070041,236,151,85,497361779
17578849,244,174,70,454424943
19560769,434,302,132,511568961
18319681,297,211,86,475711463
17332729,415,279,136,447373351
17074201,273,187,86,439979119
18818641,301,198,103,490097715
16312489,326,228,98,418256293
15090289,256,189,67,383625255
15572929,307,209,98,397267011
17811049,352,235,117,461087369
18067681,285,197,88,468460495
19813609,369,257,112,518903613
15852649,383,237,146,405194527
16815481,250,162,88,432589447
19070809,316,218,98,497383727
15334321,336,243,93,390516903
17580049,337,241,96,454459269
16585249,305,213,92,426023419
18565969,263,197,66,482807561
18320521,340,237,103,475734875
16073929,307,206,101,411475317
19561369,279,198,81,511586415
17332849,232,165,67,447376903
19314409,326,216,110,504430657
18818809,297,207,90,490103031
15853681,327,242,85,405224371
17812369,301,206,95,461125139
17075521,252,185,67,440015851
15091129,230,164,66,383650155
16314769,210,132,78,418321061
15573289,336,227,109,397277361
19814089,285,187,98,518916537
15335209,310,201,109,390542533
18067849,377,254,123,468465169
17580481,275,186,89,454471971
18320569,272,181,91,475736201
18566209,351,237,114,482814149
16815961,329,238,91,432603757
17333401,345,240,105,447393345
19562041,278,183,95,511605417
15854161,290,206,84,405237781
19072489,377,268,109,497431563
16585969,274,180,94,426043627
19315129,327,224,103,504450457
16074601,271,186,85,411493961
17075689,216,143,73,440019865
17813041,209,129,80,461144603
15091441,289,199,90,383658123
16314841,253,163,90,418322873
15574441,252,184,68,397310775
18819529,276,183,93,490123995
18320761,317,218,99,475741919
18566689,387,260,127,482827493
19814761,285,190,95,518936727
15854281,195,134,61,405241051
15336001,369,254,115,390564157
17333521,305,222,83,447396057
17580649,322,234,88,454476825
19563289,293,203,90,511641303
18068521,376,245,131,468483877
19315249,416,289,127,504454417
19074001,288,199,89,497475945
16816249,311,218,93,432611245
16315009,304,210,94,418328069
16586161,271,200,71,426048661
16075201,235,168,67,411510659
17075881,337,234,103,440026063
15091561,287,215,72,383661657
15854689,285,198,87,405252577
18567361,315,216,99,482847221
17813209,359,244,115,461148833
18321361,265,175,90,475758737
17333689,346,238,108,447400401
15574609,349,238,111,397315011
15336049,217,134,83,390565561
19563721,260,195,65,511653879
18069241,265,170,95,468505315
16316689,282,199,83,418375799
19315321,247,160,87,504456619
18819721,481,346,135,490129353
19075081,302,204,98,497507721
17581321,251,186,65,454496145
19814881,259,176,83,518939703
17076361,278,193,85,440040051
15855289,345,240,105,405268615
16816801,193,130,63,432627421
16076089,310,216,94,411537377
16586329,287,192,95,426054073
15092401,250,170,80,383684971
18321769,363,247,116,475770407
17334409,226,156,70,447421003
18567721,358,245,113,482857481
16317361,316,218,98,418395647
18069529,189,120,69,468513361
15575641,243,172,71,397344471
19564729,323,220,103,511682637
17814721,237,168,69,461193599
19075681,259,193,66,497524923
15336169,307,206,101,390569011
19315489,342,235,107,504461911
15855361,262,172,90,405270943
17076481,327,221,106,440043027
18820729,244,179,65,490158273
17581489,250,156,94,454500993
17334769,244,164,80,447431755
18322609,467,349,118,475795781
15092449,282,195,87,383686357
16076881,260,168,92,411558263
16817089,288,190,98,432635341
18567889,358,233,125,482861975
19815769,243,166,77,518965929
16586641,294,205,89,426062821
16318009,303,209,94,418414397
18069769,322,220,102,468519631
15855841,250,157,93,405285559
19076569,358,250,108,497549571
15577249,311,235,76,397389185
17077729,352,240,112,440078955
19315801,278,194,84,504471637
17814889,281,200,81,461197499
15336889,211,146,65,390590047
17581561,243,168,75,454502943
17336041,354,223,131,447468295
19564801,197,129,68,511684791
18323089,248,170,78,475809857
15856201,226,160,66,405294445
18568201,229,149,80,482871839
15093241,309,217,92,383708623
18070081,204,139,65,468529627
18821161,330,235,95,490170665
16077889,298,202,96,411587537
19077241,367,245,122,497569023
16817329,307,195,112,432641803
16587169,261,173,88,426077557
16318129,244,170,74,418417223
17078401,313,215,98,440098071
17815081,277,197,80,461202935
19316161,307,212,95,504481681
17336881,295,191,104,447492229
17582041,309,223,86,454516371
15577489,325,213,112,397395881
19816561,262,170,92,518988681
15338569,300,205,95,390637009
18323281,265,198,67,475815209
15856369,213,145,68,405299103
15093649,245,165,80,383719867
17078881,215,155,60,440112591
18071761,289,188,101,468576889
19077361,299,211,88,497572533
17815561,258,178,80,461216897
17337721,259,183,76,447516319
19565641,256,173,83,511709745
18568321,322,226,96,482874665
17582329,379,263,116,454524567
19317169,280,194,86,504510913
16077961,164,106,58,411589427
15856681,252,185,67,405308295
16817809,306,204,102,432654997
18324049,260,171,89,475837001
16588489,240,158,82,426115069
16319041,307,214,93,418442975
18822241,221,136,85,490202303
15339361,291,207,84,390660487
15577921,270,176,94,397408481
19816801,266,188,78,518995539
17337889,300,209,91,447521317
17079241,278,198,80,440122665
18071929,308,225,83,468581611
15857521,251,171,80,405332259
17816401,245,165,80,461240693
19566121,305,215,90,511723293
15094081,243,160,83,383731789
17582401,240,168,72,454526883
18324601,280,186,94,475852781
19317481,254,172,82,504520639
16078129,261,183,78,411594053
19077769,328,219,109,497584851
15578161,269,180,89,397415027
18568489,186,129,57,482879961
15339529,248,178,70,390665107
16319209,260,173,87,418448135
16818001,320,214,106,432660295
16588849,358,255,103,426126013
19819249,355,248,107,519066135
15857641,374,258,116,405335367
17079889,333,233,100,440140725
17338969,324,225,99,447552381
18822409,247,174,73,490206749
17816569,261,175,86,461245307
18072049,255,170,85,468584623
17582569,220,151,69,454531135
18324769,232,172,60,475857413
19318441,276,190,86,504547825
15095161,264,185,79,383762551
19567081,249,165,84,511751169
15580009,224,144,80,397467193
15340081,221,155,66,390680647
16078561,294,203,91,411606425
15857689,230,137,93,405336567
17339809,298,198,100,447576123
16319521,281,193,88,418456979
17080081,367,250,117,440146221
19078441,369,250,119,497603683
16589281,257,186,71,426138313
16820281,286,198,88,432725539
18569041,336,226,110,482895171
17819041,315,230,85,461315093
17583409,308,203,105,454555243
18072289,244,173,71,468592243
18324961,334,227,107,475863689
18822721,239,138,101,490216469
19819801,298,208,90,519083823
15095809,260,184,76,383781211
15581161,292,202,90,397500427
19567921,311,217,94,511775469
15858361,245,166,79,405356155
16320481,249,155,94,418483901
17080561,195,137,58,440159937
15340921,269,173,96,390704597
19319281,292,202,90,504570811
19079041,283,192,91,497621779
17819209,349,246,103,461320199
17584249,284,188,96,454579705
16081489,345,237,108,411689559
17340121,404,268,136,447586083
18326401,304,198,106,475904559
18072889,318,223,95,468609079
16590169,337,240,97,426163171
15581521,194,128,66,397510525
16821001,311,213,98,432746737
18569209,370,245,125,482899893
19568089,358,246,112,511780941
17080729,308,203,105,440164011
15095929,312,216,96,383784109
16320529,223,148,75,418485275
15858481,276,192,84,405359095
17340241,286,214,72,447589797
18823009,333,227,106,490224497
17819881,339,228,111,461340545
15341281,239,172,67,390713933
17584561,246,167,79,454588849
19079089,436,308,128,497623015
18072961,377,251,126,468610909
19820161,269,187,82,519093397
15581689,313,229,84,397514911
19320001,298,218,80,504593555
16081801,296,209,87,411698931
17081089,316,214,102,440175381
18327409,253,162,91,475933887
16590529,295,211,84,426174337
16320721,315,214,101,418490831
16821121,271,179,92,432749953
19568641,331,218,113,511796595
17340649,359,248,111,447601431
15582001,288,201,87,397523917
15096841,292,192,100,383809441
17820721,306,207,99,461364655
18073129,278,191,87,468616327
18569329,231,148,83,482903811
17584729,380,268,112,454593289
19079449,181,119,62,497633843
15858889,378,246,132,405371077
15341761,257,181,76,390727559
19320289,276,188,88,504601613
18823081,221,148,73,490226723
16321489,426,282,144,418511939
16082089,291,203,88,411706869
15582169,245,167,78,397528465
17341249,308,204,104,447617793
19821601,366,263,103,519133931
17081521,378,256,122,440187285
19568761,356,235,121,511799589
17820769,283,199,84,461365963
18073729,328,242,86,468633973
16591369,308,214,94,426197179
16821529,354,245,109,432761209
18327961,351,244,107,475949907
15097009,288,194,94,383814547
19079761,298,206,92,497642603
15341929,241,169,72,390732641
19320361,304,211,93,504603341
15860209,242,157,85,405408527
15583129,237,161,76,397555933
16321561,337,250,87,418514621
17584849,291,194,97,454596883
18571561,280,195,85,482968323
17341321,458,311,147,447619965
18073969,290,207,83,468640951
17820889,357,245,112,461369311
16082761,345,232,113,411725457
18823249,272,181,91,490231019
19570849,261,183,78,511860601
15860401,384,262,122,405414089
19079881,347,234,113,497646599
17081761,243,169,74,440194509
19821649,293,197,96,519135383
16591801,327,224,103,426209959
15583201,253,180,73,397557787
15097321,282,192,90,383824021
16321729,296,196,100,418519099
16822849,323,219,104,432799123
15342961,291,196,95,390761165
17341969,403,296,107,447639015
18328249,272,188,84,475957419
17585569,250,175,75,454618471
18571921,226,172,54,482978289
18075481,301,210,91,468685495
19320841,308,224,84,504619127
15860569,432,296,136,405418451
15583369,287,196,91,397562197
16083169,194,131,63,411737331
16822969,317,221,96,432802621
19571161,238,155,83,511869679
16322161,328,234,94,418531483
19081129,316,212,104,497682863
17820961,332,229,103,461371639
17342761,322,240,82,447661437
15099121,277,195,82,383875135
18823681,312,221,91,490243685
17082361,271,185,86,440210829
16592041,328,233,95,426216979
15343441,252,181,71,390776027
18075649,244,172,72,468689605
17585929,203,140,63,454628329
19822489,309,205,104,519160493
15583969,271,184,87,397579655
15861169,189,126,63,405435575
18572089,311,199,112,482983233
18328969,311,220,91,475977843
16823809,324,224,100,432826567
19571281,344,221,123,511872811
17342929,349,232,117,447666223
16322209,285,204,81,418533115
19081729,445,331,114,497700047
16084441,291,204,87,411774747
19321009,286,196,90,504623415
18076081,271,174,97,468701941
15099289,319,230,89,383879161
15861841,308,208,100,405454547
15584641,286,188,98,397598111
17821561,211,144,67,461388193
17586241,288,186,102,454637437
15343609,260,174,86,390780323
16592209,255,188,67,426221335
17083081,220,150,70,440232483
18573409,287,192,95,483021657
16824361,291,209,82,432841861
18824401,328,223,105,490264277
17343841,304,198,106,447692095
18329089,295,185,110,475981431
19823281,274,183,91,519183263
19571329,325,233,92,511874863
15585649,279,187,92,397627391
15862009,299,219,80,405459329
19081969,285,193,92,497706239
18076969,230,162,68,468727057
16323001,330,243,87,418555549
16084681,326,241,85,411781425
17587081,240,166,74,454660927
15099529,292,202,90,383886037
16824721,207,131,76,432853081
19321849,274,195,79,504647781
17344441,238,161,77,447709057
15343969,262,173,89,390791531
17821801,290,195,95,461395783
18574201,336,231,105,483043881
16592809,348,242,106,426238057
17083369,315,204,111,440239761
15585721,326,227,99,397629341
15862081,229,150,79,405461441
19572121,316,194,122,511897491
18077641,447,308,139,468746047
19082641,313,213,100,497725439
18824761,311,196,115,490274363
19823449,254,173,81,519188177
18329161,218,156,62,475983885
17587441,289,198,91,454671787
16323049,314,219,95,418556689
17344489,340,217,123,447710461
16825321,374,235,139,432869479
16085449,269,186,83,411802755
15100201,323,209,114,383905081
15586201,272,176,96,397642631
18574249,234,158,76,483045459
15344281,292,208,84,390799649
18078169,394,285,109,468762427
19572169,281,192,89,511899123
19083241,228,161,67,497743781
16593529,254,172,82,426260173
19322041,296,210,86,504653115
17822449,281,195,86,461413613
17084281,323,209,114,440266309
15862729,276,189,87,405479861
17588089,283,205,78,454689619
16323409,349,233,116,418566853
17344849,266,175,91,447721315
15586729,379,262,117,397658025
19823521,194,127,67,519190403
16826401,272,200,72,432900853
18825241,391,269,122,490288331
18329329,389,280,109,475988631
18575041,310,207,103,483068955
15101641,279,194,85,383946555
16085521,323,211,112,411804813
18078649,247,165,82,468776995
15344569,221,162,59,390807803
19083289,282,202,80,497744879
19573201,270,176,94,511928565
19323049,237,154,83,504681711
15587161,373,280,93,397669557
17346361,381,261,120,447763977
17588449,312,210,102,454700539
16593721,276,190,86,426265327
16826569,300,207,93,432904839
15862849,298,207,91,405483383
16324729,282,191,91,418604425
17823241,300,202,98,461436701
17084449,420,302,118,440271271
18575761,338,241,97,483089637
19824001,227,163,64,519203981
18079489,321,225,96,468800287
15101881,243,167,76,383953143
15587329,305,209,96,397674543
19083481,326,231,95,497750681
16086001,211,152,59,411818827
17347009,250,171,79,447782745
18329761,247,170,77,476002047
18825361,323,227,96,490291033
19323529,215,152,63,504695055
15345481,322,235,87,390833357
19574641,219,142,77,511970721
17588881,315,206,109,454712767
16827001,459,313,146,432917859
15863401,225,158,67,405499473
16594489,397,254,143,426286429
17084761,297,189,108,440280763
16324849,249,170,79,418607989
18575929,228,157,71,483094485
18080329,320,221,99,468823481
17823961,272,180,92,461457701
19824121,341,217,124,519207077
17347201,213,155,58,447788133
15102049,347,246,101,383958141
15587401,250,186,64,397676601
15346081,295,198,97,390850501
19084321,191,135,56,497774869
18329809,237,149,88,476003127
17588929,292,211,81,454714075
16086121,263,187,76,411821935
16827049,325,226,99,432919599
19574881,340,211,129,511977417
19323649,349,224,125,504698841
18825769,249,159,90,490303219
18080521,277,190,87,468829121
18576049,403,278,125,483097743
17347849,338,245,93,447806259
15863521,315,218,97,405502395
17085721,263,166,97,440307619
16594561,282,197,85,426289375
16324921,260,184,76,418609971
17824321,315,205,110,461467211
15346489,287,192,95,390862057
18331009,234,146,88,476037333
16827409,308,208,100,432928713
19824169,286,201,85,519208793
17589601,284,201,83,454733785
15102889,266,174,92,383980779
15588049,248,169,79,397696419
16086529,412,289,123,411832885
18081169,281,206,75,468848321
19575649,311,216,95,511999593
17348689,286,196,90,447830073
19084921,278,183,95,497791519
19324369,244,169,75,504720639
18576601,281,189,92,483113357
17086441,295,193,102,440328979
17826001,262,182,80,461516073
16827721,183,127,56,432939009
18826201,254,173,81,490315459
18331609,352,229,123,476055309
17589721,349,243,106,454736365
15863569,294,195,99,405503745
19824289,282,210,72,519212363
16325401,238,163,75,418624887
15347089,273,171,102,390879307
16594729,385,260,125,426293329
15588889,277,184,93,397719585
15103201,168,117,51,383990411
18081961,287,174,113,468871259
17349529,331,228,103,447854337
16087681,212,138,74,411865465
19575889,296,208,88,512006949
16828561,232,158,74,432963117
17086969,279,199,80,440343505
17827009,362,258,104,461545419
15589081,264,185,79,397724949
17589889,329,232,97,454740835
19084969,283,198,85,497793031
19325041,278,193,85,504739529
18576721,285,192,93,483116147
19825801,297,218,79,519257113
17349649,389,252,137,447858063
15864241,253,173,80,405522843
18331849,370,239,131,476061423
15348001,278,195,83,390904393
18082201,294,205,89,468877553
16327081,157,103,54,418673073
18826609,329,239,90,490327471
15103321,311,215,96,383993081
16595329,257,171,86,426310771
16828849,279,196,83,432971055
16087801,231,156,75,411868261
19576201,263,177,86,512017377
17828329,278,197,81,461582367
15589921,335,248,87,397749105
17088121,357,254,103,440376047
19085809,277,218,59,497817349
17350321,308,211,97,447877257
19825849,269,179,90,519258697
18082369,337,236,101,468883103
18576769,320,199,121,483118295
17589961,354,258,96,454743469
15590401,291,201,90,397762347
16829521,292,192,100,432989823
15865081,244,169,75,405546693
15349849,307,211,96,390956059
15103369,345,237,108,383994197
19577881,247,170,77,512064837
16329289,324,224,100,418734327
19325881,280,194,86,504764027
17829001,237,151,86,461602617
16596001,346,244,102,426329671
18332689,261,196,65,476084713
16087849,265,169,96,411869653
18827089,294,200,94,490340653
17089249,290,199,91,440408207
17351401,287,193,94,447908775
19086601,356,250,106,497839939
18083809,386,270,116,468924227
15590521,231,161,70,397765893
19826689,282,197,85,519282769
16830769,294,204,90,433025787
18577129,342,238,104,483129203
17830009,327,223,104,461631273
15865249,277,191,86,405551535
15350161,280,190,90,390965043
15104209,287,194,93,384018371
19578001,348,237,111,512068071
17590129,314,216,98,454748263
17089801,296,201,95,440424551
17352721,256,168,88,447946407
16329601,208,152,56,418743411
16596721,267,195,72,426351169
18086041,280,199,81,468988005
15590569,357,264,93,397767097
16087969,363,248,115,411873415
19326169,294,191,103,504772049
18333169,337,248,89,476098819
18827209,246,155,91,490344349
16831081,306,220,86,433034391
18577729,206,133,73,483146201
15865441,275,190,85,405556815
17831041,356,216,140,461661047
19086649,276,176,100,497841535
19826881,273,183,90,519288481
17354089,320,214,106,447985335
17090761,289,191,98,440450985
19578049,326,213,113,512069331
15590761,321,214,107,397773067
15351001,304,204,100,390989147
15104329,346,253,93,384021773
17591569,345,234,111,454789999
18086209,368,253,115,468992517
16329889,190,128,62,418751637
16831201,299,215,84,433037793
16597561,260,182,78,426373973
16088209,240,158,82,411880627
15865609,209,148,61,405561387
18577969,356,253,103,483153059
17831641,259,192,67,461677817
17354401,238,161,77,447994359
17092321,263,175,88,440496477
15592081,311,212,99,397809823
18334009,216,150,66,476123017
19326721,302,208,94,504788177
18828049,315,213,102,490369321
18086881,315,207,108,469011363
15351529,258,178,80,391004039
19578241,354,233,121,512074893
17591809,278,192,86,454796803
15105721,311,206,105,384061385
19087009,421,300,121,497852197
19827361,274,189,85,519302545
15866041,364,220,144,405573249
16831249,302,212,90,433038855
17831809,261,174,87,461682341
15592201,245,175,70,397813279
16330441,250,169,81,418766979
17355529,265,193,72,448026465
17092489,323,212,111,440500779
16597921,348,248,100,426384527
16089481,298,196,102,411917467
15352369,314,215,99,391027571
18087169,280,199,81,469019577
18578401,249,172,77,483165569
15866449,262,189,73,405585111
17592409,284,202,82,454814089
18334201,371,251,120,476128537
19579009,310,222,88,512096697
15592249,369,245,124,397814707
19326889,316,218,98,504794141
19827649,269,172,97,519311353
15106681,327,223,104,384087799
18828721,276,191,85,490388161
17092681,378,258,120,440506869
17355769,370,253,117,448033489
17834881,299,203,96,461770977
19087489,273,182,91,497865727
16832089,290,197,93,433062523
18087241,292,196,96,469021383
16330729,289,202,87,418775949
15353809,180,112,68,391068005
15867289,237,169,68,405609243
16089529,198,133,65,411918859
16598689,254,179,75,426406211
17592481,333,230,103,454816057
15592609,316,223,93,397824913
19580401,230,176,54,512138619
17356081,280,186,94,448041583
19827889,310,224,86,519317773
17093161,235,152,83,440521101
18578809,350,242,108,483177179
15106849,326,221,105,384092449
17835049,264,182,82,461775639
18334681,278,184,94,476143531
15354649,388,293,95,391092785
18087841,440,314,126,469040181
19329601,321,214,107,504870993
15867601,299,210,89,405617859
15592921,264,174,90,397834711
18828889,317,208,109,490394473
17592961,195,123,72,454829563
16832281,280,189,91,433067683
16330969,312,225,87,418782405
16089721,351,248,103,411923653
19087681,353,226,127,497871295
16599409,356,259,97,426426659
17094001,250,177,73,440545671
17356369,363,256,107,448049731
19580689,348,240,108,512146521
15355321,337,229,108,391111487
19829041,323,218,105,519351637
17835721,277,189,88,461795727
15867961,286,183,103,405628869
18088729,268,191,77,469065807
15106921,257,180,77,384095017
15593881,229,165,64,397860793
18579481,393,265,128,483196145
17593489,229,149,80,454844089
18335881,201,124,77,476177195
17094169,265,189,76,440549877
17357281,388,270,118,448076281
15355489,344,224,120,391115867
19329769,315,207,108,504876651
16331641,269,184,85,418801749
16832449,331,238,93,433072849
18829609,271,170,101,490414801
19580929,346,227,119,512152917
16089889,307,210,97,411928231
16599529,393,264,129,426430025
15868441,256,199,57,405642699
18088849,242,178,64,469068753
19829401,282,195,87,519361999
19088449,298,196,102,497893573
15107089,422,298,124,384099187
15594769,209,151,58,397885897
17593801,208,150,58,454854085
18336049,306,209,97,476181851
18579961,180,117,63,483210299
17836561,285,189,96,461819499
17357761,242,168,74,448091245
17094289,288,201,87,440552895
15355729,264,170,94,391122617
18088921,416,277,139,469070715
19581361,296,205,91,512165015
15595441,237,158,79,397904637
16332241,319,213,106,418818681
19089001,206,145,61,497910259
16832929,353,253,100,433086187
16091161,223,156,67,411964267
15868609,252,185,67,405647001
19330249,259,157,102,504890163
16600609,194,117,77,426461127
18336481,244,167,77,476194319
17594761,339,232,107,454881101
18830281,355,253,102,490433677
17358049,258,182,76,448098909
15107689,234,162,72,384116437
18580489,232,172,60,483227153
17836921,339,250,89,461830113
17094841,249,162,87,440568495
19830841,323,218,105,519403599
15595609,287,197,90,397910127
18090409,290,199,91,469113803
19089289,359,277,82,497917681
15356041,348,246,102,391131317
16332409,312,219,93,418823355
18336529,296,186,110,476196275
17358961,280,199,81,448124535
19583089,308,212,96,512215343
15868729,345,261,84,405651057
16092409,310,221,89,412001243
16833049,310,203,107,433090171
17595001,325,228,97,454888337
19331929,306,203,103,504939389
18580801,274,180,94,483235549
15595729,361,258,103,397912977
15107929,364,245,119,384122689
16601209,232,160,72,426477515
17837689,362,257,105,461851311
17095129,393,293,100,440576433
18830401,360,248,112,490437235
18090529,363,268,95,469116863
16332961,325,232,93,418838841
18337201,213,143,70,476215247
19831849,292,209,83,519432345
15356329,265,178,87,391139423
17359129,337,247,90,448129833
15597121,273,188,85,397952523
19583209,343,239,104,512218619
17595649,251,187,64,454906481
17837761,342,226,116,461853501
19089529,341,226,115,497924785
17096041,273,186,87,440603037
18582001,253,165,88,483269251
15869401,363,249,114,405669099
16092721,359,265,94,412009619
15108409,311,198,113,384136477
16833121,512,349,163,433091965
18091081,326,217,109,469132145
16601881,381,250,131,426497501
16333921,285,206,79,418866837
19332769,234,150,84,504962777
15597409,212,162,50,397960677
18337321,306,208,98,476218043
17359561,385,275,110,448142727
18830809,379,259,120,490448797
17596441,277,192,85,454929269
15356401,387,271,116,391140989
17096809,299,204,95,440623839
19583449,355,238,117,512225243
18091201,280,198,82,469135511
16833721,307,204,103,433108729
16335169,369,254,115,418902135
19831921,331,225,106,519434619
15597481,152,102,50,397963143
18582601,363,247,116,483287125
15869569,262,178,84,405674037
17838529,287,207,80,461876727
15108601,304,209,95,384142441
16093009,213,155,58,412017731
16602049,252,169,83,426502175
19090681,216,156,60,497958289
18337369,305,214,91,476219849
15356569,386,260,126,391146047
17096881,286,208,78,440625861
17596849,313,211,102,454941197
19333441,240,155,85,504983087
19583761,276,184,92,512234417
18091369,229,165,64,469140551
15597649,317,210,107,397967607
17359729,294,205,89,448148511
16336009,336,247,89,418926555
16833889,315,213,102,433113829
18831649,309,210,99,490474141
17840041,353,237,116,461920119
18583441,419,304,115,483311005
18337729,290,206,84,476230017
15109201,327,231,96,384158725
15356881,263,173,90,391156311
15870121,264,187,77,405689403
16093729,271,170,101,412037513
16602721,370,272,98,426521009
17097361,261,175,86,440639871
19832401,370,261,109,519448489
17598001,270,167,103,454973537
15597961,222,158,64,397976379
19090849,279,196,83,497963071
16834729,355,264,91,433138141
19584121,401,282,119,512244683
15357049,324,227,97,391160133
18091609,367,242,125,469147919
16336849,288,204,84,418949523
17359801,292,197,95,448150035
19334569,339,242,97,505014719
18338161,273,186,87,476242353
18583681,303,198,105,483318061
17840209,259,165,94,461924625
15599329,347,245,102,398015289
17097481,355,244,111,440643219
18832081,270,182,88,490486933
15109249,243,172,71,384159895
19832521,250,169,81,519452083
15870409,238,168,70,405697161
17598121,342,243,99,454976699
16094521,232,168,64,412060775
16835569,261,189,72,433161991
16602889,234,150,84,426526205
19585729,304,217,87,512292077
15357889,334,225,109,391183485
15599641,235,169,66,398024295
18338209,320,236,84,476243907
16337161,154,106,48,418958871
17097721,330,218,112,440650329
19090969,315,216,99,497967247
18092089,357,257,100,469161563
17841961,272,177,95,461973921
17598169,294,207,87,454978325
17360401,263,172,91,448166655
19832569,240,162,78,519453547
15110089,217,143,74,384183157
18584329,329,221,108,483336535
16602961,370,238,132,426528455
19335241,206,146,60,505034735
15871249,205,143,62,405720771
18832129,234,162,72,490488379
16835809,207,152,55,433168459
16094569,318,210,108,412062017
19585801,271,178,93,512294645
15600001,305,202,103,398033901
18339169,306,216,90,476271569
18092281,298,188,110,469167731
15358729,305,198,107,391206921
17098561,256,186,70,440673489
17844121,237,146,91,462036923
17599129,322,219,103,455006033
16337281,169,118,51,418962057
16603969,441,306,135,426556697
19832689,231,154,77,519457627
15601009,351,263,88,398062845
19091521,264,181,83,497982253
15110281,291,191,100,384189439
17360449,235,156,79,448167757
15871321,303,210,93,405722691
19586401,335,217,118,512311487
18339241,323,225,98,476273135
18585121,250,176,74,483359251
18092449,307,206,101,469172159
16095361,302,205,97,412084517
16836121,195,134,61,433177717
19336081,322,225,97,505058693
16606129,231,162,69,426618029
17844289,215,161,54,462041357
17599849,288,182,106,455027303
18832921,361,249,112,490510285
17099209,448,303,145,440692641
15359089,346,231,115,391217517
15601849,363,243,120,398087043
19833409,377,269,108,519477505
16337449,372,275,97,418966911
15872089,324,211,113,405744201
15110449,303,194,109,384193591
18092761,278,176,102,469181339
18340849,297,203,94,476320553
17600689,345,253,92,455051441
17100001,271,196,75,440715863
19587289,327,231,96,512337653
17844961,253,171,82,462061347
19091641,310,219,91,497985313
17360569,294,201,93,448170919
15603169,302,197,105,398124435
16606321,289,200,89,426623621
16095601,255,179,76,412091033
15872641,258,165,93,405760835
16836289,358,241,117,433182235
18585529,280,191,89,483371083
15359401,235,160,75,391227027
19834249,373,247,126,519502957
19336321,204,146,58,505066037
18833329,258,171,87,490521715
18092929,343,221,122,469186361
16338121,275,199,76,418985495
18341569,296,197,99,476340683
15603961,277,180,97,398145927
15110761,308,208,100,384203029
17100409,318,219,99,440727485
17600809,300,222,78,455054567
17845969,303,207,96,462089157
17361961,375,253,122,448211083
19587481,279,177,102,512343629
15873001,232,148,84,405772337
16606801,267,183,84,426636995
15359521,252,175,77,391230015
19835281,242,160,82,519531829
16096081,255,192,63,412104809
19091881,353,242,111,497992453
18093601,264,169,95,469205531
16837321,371,251,120,433211299
15604009,268,184,84,398147253
18342601,291,192,99,476370809
18586969,283,200,83,483413155
17101009,237,162,75,440744573
17363161,258,182,76,448245649
17846641,254,182,72,462109089
16338529,218,157,61,418996775
15110881,343,223,120,384205819
17601481,325,220,105,455073995
18833641,329,230,99,490531081
19336969,299,212,87,505084721
19588081,370,250,120,512361401
15359689,245,182,63,391234377
19836721,239,154,85,519573559
18093961,351,239,112,469215407
15874489,292,203,89,405813065
18342769,248,176,72,476375687
15605209,258,176,82,398181381
16097041,256,176,80,412131499
16606921,299,201,98,426640487
16837969,264,189,75,433230841
17363761,335,244,91,448263007
17846761,202,144,58,462112353
16339129,276,173,103,419015111
17101849,387,284,103,440768243
19092049,313,208,105,497997445
15360361,303,221,82,391253175
17602729,350,242,108,455110319
18587641,299,213,86,483432115
15112129,358,252,106,384241273
19588969,253,167,86,512386559
15605809,282,192,90,398198697
19837801,247,147,100,519604591
18833809,276,198,78,490536043
16607161,382,263,119,426647285
19337161,300,215,85,505090115
18343081,231,152,79,476385017
17364169,319,218,101,448274425
18094129,257,175,82,469220165
15874681,238,169,69,405818651
17846809,275,189,86,462113751
15360529,330,212,118,391257567
16097881,354,232,122,412154367
16838329,253,172,81,433240957
17603401,340,236,104,455128961
18587809,309,223,86,483437215
16339801,193,135,58,419033363
15607201,302,204,98,398238121
19589161,310,212,98,512392331
15112441,320,227,93,384250741
16608601,224,151,73,426688529
17101921,221,153,68,440770631
19838449,362,263,99,519624561
19094161,271,177,94,498058957
17364481,266,183,83,448283191
18343609,386,283,103,476399555
15361201,287,193,94,391276989
17847001,383,262,121,462119241
18833929,228,174,54,490539553
15874849,225,150,75,405823841
15607561,308,229,79,398248855
19338001,334,220,114,505115567
16098601,270,185,85,412176001
16610281,238,163,75,426735965
18094561,283,202,81,469232363
17603569,285,190,95,455133581
19589329,275,185,90,512396993
18588049,306,205,101,483444367
16838761,245,168,77,433253683
17364601,258,172,86,448286263
15113281,235,177,58,384274285
16339969,334,227,107,419038205
15361369,246,180,66,391281603
19839481,301,198,103,519654057
18344881,245,179,66,476436599
17102929,315,216,99,440799491
15607729,299,202,97,398253139
17847649,263,167,96,462138009
19095889,354,243,111,498109057
16611841,291,197,94,426781211
15876121,272,186,86,405859481
19590601,274,190,84,512433549
17603881,269,165,104,455142857
15363289,306,213,93,391337031
17365489,321,218,103,448311175
18588721,369,270,99,483462907
16099729,323,215,108,412207453
18834649,299,202,97,490560073
18096121,366,258,108,469278155
18345289,252,182,70,476448209
15608041,260,186,74,398262139
19840801,273,197,76,519692193
19338169,304,203,101,505120373
16839649,346,228,118,433277629
15114961,288,191,97,384321129
16340881,327,228,99,419063753
17848609,279,190,89,462165375
16611961,333,203,130,426783973
17103409,309,214,95,440812781
18589489,371,258,113,483485887
19590841,250,164,86,512441037
17366689,361,237,124,448346231
15608209,268,179,89,398266993
18096961,217,152,65,469301519
15876169,348,240,108,405860759
19097761,267,166,101,498162351
18346129,265,190,75,476471807
15364801,378,247,131,391379853
19841929,282,188,94,519725361
16099801,267,165,102,412209277
17604721,283,204,79,455166641
16612129,302,215,87,426789469
15115081,278,182,96,384324111
17104081,279,196,83,440832047
17848849,336,240,96,462172101
16839769,321,236,85,433281571
18834841,326,244,82,490565491
16342561,235,160,75,419112653
19338601,379,239,140,505131995
15609049,280,204,76,398290675
18589729,288,202,86,483492235
18097249,240,161,79,469310345
17367529,230,153,77,448370237
18346441,294,195,99,476480747
16612369,408,271,137,426795919
19842001,248,167,81,519727287
15876361,319,234,85,405866933
15364969,183,128,55,391383915
17104201,263,181,82,440835665
17850529,392,265,127,462219867
16840009,297,193,104,433288567
19592281,278,179,99,512482419
16100449,228,138,90,412227991
15116089,347,234,113,384353649
17605009,334,231,103,455175245
15609169,240,154,86,398293933
19098529,307,201,106,498184413
16343161,283,187,96,419128699
18591169,274,196,78,483533077
16612681,302,215,87,426804919
18835009,324,229,95,490569889
17368009,360,248,112,448384025
18346729,279,193,86,476489921
19842649,311,221,90,519747075
19339609,219,142,77,505161839
15876961,267,188,79,405885209
16840321,276,193,83,433297867
18097801,262,174,88,469326563
15609721,271,183,88,398309587
17104441,344,226,118,440842487
15365641,266,185,81,391402533
17605249,235,159,76,455181761
15116161,282,194,88,384355293
17850961,443,310,133,462233157
16100641,426,299,127,412232827
16613209,408,298,110,426819469
18591841,281,193,88,483552853
16343209,282,202,80,419129869
19592329,199,128,71,512483769
17368201,295,192,103,448389539
18347281,300,209,91,476505095
15610681,253,173,80,398336137
19098601,324,223,101,498186297
15877129,276,177,99,405889361
16841329,317,232,85,433326811
19843321,217,165,52,519766239
17106049,184,135,49,440889089
17606089,309,205,104,455205203
18835489,277,189,88,490583887
18098161,304,218,86,469336607
15366289,271,188,83,391420893
19339681,238,159,79,505163501
18592009,409,293,116,483557719
15117169,258,174,84,384384159
15879049,365,266,99,405943229
16841521,263,181,82,433331995
18347569,331,234,97,476513351
16101961,297,202,95,412271899
17368969,280,189,91,448412231
15610921,329,218,111,398342383
17851369,350,220,130,462244539
16614529,298,192,106,426857353
17106721,293,208,85,440907793
19843489,292,200,92,519770913
16343329,328,231,97,419133331
17606401,285,195,90,455215473
18099649,249,163,86,469379099
19593169,443,303,140,512507163
19099609,209,151,58,498216993
15879889,357,245,112,405967565
18592081,314,201,113,483560149
16841689,386,261,125,433336453
15366961,233,158,75,391440297
18347809,269,169,100,476519795
18836161,254,174,80,490603223
15117481,256,175,81,384393093
16615561,225,166,59,426887041
17369881,334,221,113,448438173
17106769,225,155,70,440909611
19843609,283,185,98,519774411
16102129,262,175,87,412276549
15611689,310,233,77,398365027
18100681,261,188,73,469409447
19340161,226,159,67,505177343
17606929,426,299,127,455229871
15880369,324,224,100,405980423
17852521,299,216,83,462277677
16343881,192,131,61,419149933
18593401,240,164,76,483599055
16616161,195,139,56,426903967
18348241,326,222,104,476532071
16842361,339,231,108,433356061
19593361,287,212,75,512513979
15367249,287,199,88,391448031
19100449,251,176,75,498241491
17370049,328,223,105,448442139
15117649,222,150,72,384398205
18101329,300,195,105,469428437
19844281,407,274,133,519793485
15881161,225,165,60,406002779
17607241,263,168,95,455239225
19340281,324,220,104,505180943
18836329,380,262,118,490608779
17108401,252,181,71,440955683
15612241,312,219,93,398379769
16102969,227,150,77,412300681
16616329,302,202,100,426908533
16344241,193,132,61,419159767
18348289,362,254,108,476533139
17852641,266,174,92,462280587
19594009,384,271,113,512533073
17371369,318,212,106,448480701
15881329,259,182,77,406007291
16842961,327,216,111,433373549
15367489,258,184,74,391454379
15612361,326,222,104,398384365
18102121,309,203,106,469450589
18593929,218,151,67,483613065
19844449,188,129,59,519798321
17608081,285,189,96,455262811
15117769,316,223,93,384401511
16616569,317,228,89,426915193
19341001,272,187,85,505202087
19100881,398,274,124,498253167
18348481,328,214,114,476540075
16103761,293,197,96,412322839
17108449,368,257,111,440956685
18836449,293,212,81,490612349
15881401,230,150,80,406009505
19594129,375,271,104,512536415
16344721,287,209,78,419174071
15612529,240,152,88,398389075
17371489,273,186,87,448483647
17853049,270,173,97,462292149
17608369,213,150,63,455270947
16617889,337,238,99,426953689
19844689,373,275,98,519805383
18594601,303,207,96,483632625
15368161,285,194,91,391473561
16843129,306,194,112,433377455
15118849,205,138,67,384431331
19341961,318,201,117,505229015
18102169,285,201,84,469452953
18349081,252,169,83,476556251
15882721,259,177,82,406046973
17109409,290,204,86,440984477
16103809,342,231,111,412323907
16344841,392,264,128,419176891
19102609,303,198,105,498303847
15612769,326,223,103,398395387
17372881,296,205,91,448523683
19595209,429,282,147,512567837
15370321,238,152,86,391536771
19845121,277,192,85,519817311
18837001,246,151,95,490628747
18595441,367,255,112,483656785
15883009,306,210,96,406055025
18349249,314,220,94,476561591
16618009,258,182,76,426956821
17610961,325,222,103,455345715
19342129,231,148,83,505233839
15119161,299,203,96,384440553
17853361,308,208,100,462301437
17110081,193,132,61,441003875
16843201,217,142,75,433380041
16345081,276,197,79,419184505
17373721,240,166,74,448548235
15370681,333,218,115,391546137
18102289,247,169,78,469455845
15613441,299,214,85,398414805
19595881,424,285,139,512585945
16103929,342,226,116,412327957
15884521,384,272,112,406098129
19845841,314,195,119,519838275
18595609,343,215,128,483662215
18349321,276,182,94,476563931
19102969,385,279,106,498313195
16345729,281,187,94,419202691
17373841,275,196,79,448551427
15119329,227,162,65,384445491
17110129,263,192,71,441004847
18837121,245,158,87,490631399
15613921,274,186,88,398428797
16618561,256,188,68,426973093
16843681,313,201,112,433393647
17611801,247,164,83,455369847
17854321,210,141,69,462328635
15884689,338,246,92,406102557
19597489,394,259,135,512632743
19342369,328,227,101,505241537
15372289,174,125,49,391590819
18351481,262,171,91,476625903
19845961,381,274,107,519841491
16104601,322,225,97,412346629
18103201,248,159,89,469482297
18595921,358,250,108,483670975
16346089,291,206,85,419212897
17374921,291,205,86,448581601
17111161,360,253,107,441034523
15614761,319,227,92,398453139
15884761,315,229,86,406104471
16844521,263,187,76,433417815
15119449,270,188,82,384448749
19104121,222,150,72,498347285
16620361,314,231,83,427023469
19597729,358,252,106,512640441
18351649,265,184,81,476630703
18837961,250,165,85,490655591
17611969,371,258,113,455374767
15372361,224,163,61,391592631
17855161,209,147,62,462352929
18596449,255,173,82,483685699
15615049,351,235,116,398460699
19846129,342,253,89,519845937
19342801,305,196,109,505253335
17112169,280,185,95,441063197
16105489,259,170,89,412371777
15885601,241,165,76,406128621
17375401,303,210,93,448596121
16845481,308,210,98,433445853
18103681,245,180,65,469495761
16346689,345,250,95,419229487
16620529,297,208,89,427028437
15120289,333,222,111,384471699
18352489,320,216,104,476654037
19598881,249,157,92,512673753
15616129,310,213,97,398490495
16105849,287,200,87,412381761
17112769,284,196,88,441080365
18596761,262,177,85,483695725
19104289,311,223,88,498352055
15373009,242,171,71,391611609
17612281,268,191,77,455383911
15886081,232,165,67,406142427
18838009,312,225,87,490656731
17375521,257,175,82,448599487
16845649,315,219,96,433449789
17855401,326,226,100,462359733
19846201,423,287,136,519848715
16620601,361,253,108,427030501
16346761,363,247,116,419231539
19343641,300,199,101,505277917
18353161,276,201,75,476674179
15121009,252,184,68,384492447
18105049,238,158,80,469534863
16108201,308,209,99,412449363
19599001,317,213,104,512676681
15616729,379,254,125,398507721
17113321,194,123,71,441096415
17612401,247,167,80,455387577
15886441,275,187,88,406152627
16845721,282,182,100,433451901
16621609,331,230,101,427059181
15373201,389,272,117,391616355
18596881,234,163,71,483699199
19846969,356,248,108,519870711
19104961,304,215,89,498371513
18353329,289,206,83,476678901
16109521,324,223,101,412486117
17375929,309,212,97,448610725
16347241,236,154,82,419245021
17855881,243,162,81,462374157
18838129,273,200,73,490660523
17114161,313,209,104,441119695
19599049,273,191,82,512677947
15121201,340,238,102,384497637
19344049,244,179,65,505289701
17612809,378,259,119,455398755
15886609,241,158,83,406158093
16846561,305,208,97,433475223
15616801,263,180,83,398509941
18106321,365,251,114,469570839
15373681,323,234,89,391630413
16622041,416,290,126,427070653
19847521,247,166,81,519886911
16109641,261,191,70,412488745
18353521,255,172,83,476684763
17114281,352,244,108,441123037
18597049,179,125,54,483703315
15886921,280,177,103,406166817
19599169,297,213,84,512680803
16348609,250,155,95,419284031
19344649,261,174,87,505306725
17613481,234,152,82,455417709
17376769,356,245,111,448634881
16847161,274,188,86,433493967
19105081,307,212,95,498374249
15373849,315,213,102,391635807
15121369,319,219,100,384502413
17856049,311,196,115,462378447
15619321,318,218,100,398581007
18838201,300,196,104,490662461
18106489,314,218,96,469576449
19847809,319,228,91,519894825
16623121,342,239,103,427102171
17114521,347,230,117,441129421
15887281,352,248,104,406176525
16109809,217,143,74,412493743
15374041,204,150,54,391641009
16847329,368,278,90,433497795
19599721,294,195,99,512697935
15619489,351,230,121,398584853
19344889,275,188,87,505314081
18355009,294,204,90,476727703
16349089,241,149,92,419297345
18107161,308,218,90,469595883
15122521,274,186,88,384535653
17614081,281,186,95,455434671
18597889,301,208,93,483728467
17377201,304,198,106,448646917
17114689,354,241,113,441135025
19105129,263,171,92,498375617
17856841,326,248,78,462400959
15887449,415,279,136,406181247
16109881,262,178,84,412495915
15374881,205,141,64,391664649
19848889,362,236,126,519926463
15620929,335,246,89,398626967
16847881,288,203,85,433513683
18838801,290,189,101,490679735
16623961,216,139,77,427126591
18107569,436,312,124,469606941
19345321,312,220,92,505327347
18355849,332,234,98,476752459
15375889,223,145,78,391692349
17115001,253,167,86,441144811
15122641,267,186,81,384538551
16110361,267,186,81,412509193
16349209,318,224,94,419300657
19600249,363,256,107,512713303
17614321,249,164,85,455441067
15621481,344,210,134,398642687
16848049,257,187,70,433518135
15887881,252,150,102,406193973
17377249,358,243,115,448648585
18598609,305,211,94,483748255
19850161,369,252,117,519963643
17856889,367,261,106,462401907
18108001,277,202,75,469619031
19106089,429,291,138,498403157
16624129,291,199,92,427130707
19345489,278,198,80,505331433
18838969,325,237,88,490684685
16110889,375,256,119,412524181
17115169,321,227,94,441149011
17615329,353,254,99,455470041
15376321,147,103,44,391704929
15621601,295,204,91,398645243
18356881,450,304,146,476781433
17377369,277,196,81,448652227
15123481,327,247,80,384562053
16350049,242,170,72,419326151
19850209,283,195,88,519965149
16849009,303,212,91,433546815
15888289,282,192,90,406205107
18108049,410,299,111,469620153
18600409,258,183,75,483799731
19600681,278,186,92,512726119
16111321,314,207,107,412537579
15621769,232,154,78,398650337
15378721,260,186,74,391772603
19346209,259,194,65,505351851
17857249,250,170,80,462412953
17377441,232,151,81,448654633
17615809,281,176,105,455484081
16624609,266,191,75,427144213
19106641,230,160,70,498419837
18357649,358,255,103,476803855
17115961,308,200,108,441170641
18840721,235,149,86,490735703
19850329,277,191,86,519969379
15124201,221,146,75,384582579
18108169,327,235,92,469624631
15622489,227,157,70,398671385
16112329,210,142,68,412566505
15378889,290,205,85,391776785
16350121,394,260,134,419327773
15888601,271,184,87,406214479
16849849,286,204,82,433570455
17378089,213,152,61,448672873
19346329,295,208,87,505355265
17857921,222,147,75,462433041
18600481,237,167,70,483801759
17616481,252,167,85,455504907
18357721,365,250,115,476805463
19600849,280,174,106,512730519
15623161,373,255,118,398689163
18108721,240,170,70,469639793
19851241,372,253,119,519994957
15379561,281,195,86,391796313
16625281,266,180,86,427163143
16113001,283,203,80,412585069
15124561,212,156,56,384592005
17116009,234,148,86,441172339
19107001,287,189,98,498429773
17378209,244,169,75,448676239
18840889,266,182,84,490740077
15888721,307,224,83,406217473
16350289,373,259,114,419331793
15623329,336,232,104,398694455
19347841,352,268,84,505399065
16850089,352,251,101,433577025
18358321,338,231,107,476822923
17858089,452,305,147,462436653
18108841,250,168,82,469643003
17616769,266,175,91,455512413
19852009,258,172,86,520017403
16114849,261,181,80,412637287
15379921,333,230,103,391806339
17378281,383,267,116,448678423
18601321,311,212,99,483825723
16625449,253,178,75,427167685
15889609,317,230,87,406242751
15125041,250,154,96,384605671
19601089,385,266,119,512737509
15624001,199,136,63,398713655
17116129,303,203,100,441175549
18109081,215,147,68,469650905
16850401,226,154,72,433586331
18358369,245,157,88,476824855
19107169,256,165,91,498434945
17617849,356,250,106,455542395
17858521,329,227,102,462450123
16350721,236,163,73,419344939
16115089,205,130,75,412644565
18844009,345,263,82,490830947
19852081,415,289,126,520019743
15890449,301,215,86,406265863
15624529,396,278,118,398728009
19348081,222,134,88,505406727
15380569,333,242,91,391823949
17378761,298,195,103,448692175
15125161,335,239,96,384608989
17116969,215,131,84,441199827
18109681,434,304,130,469667519
16625809,322,215,107,427179457
16115569,355,249,106,412657111
17858761,401,283,118,462456993
18601489,245,162,83,483831501
17618281,381,268,113,455554895
16850569,297,184,113,433590699
18359401,303,220,83,476854633
15891121,231,150,81,406285327
19852561,299,196,103,520033921
16351129,303,197,106,419356471
19601929,358,257,101,512761581
15625801,290,188,102,398764725
19107481,247,173,74,498444053
17117041,334,253,81,441201465
18845089,382,256,126,490860767
17379721,260,164,96,448719169
15380689,255,168,87,391827231
18109849,340,226,114,469672601
16116241,275,171,104,412678165
15892969,228,165,63,406337683
15125569,362,246,116,384620473
17618449,333,228,105,455559131
16852249,318,216,102,433638203
19348561,245,157,88,505420293
18359569,341,249,92,476859115
16351561,233,163,70,419368195
16626241,342,249,93,427191715
19853089,348,226,122,520048885
17859409,278,166,112,462475525
18602329,297,213,84,483855747
17380609,232,174,58,448744477
15625849,417,283,134,398765781
17118529,256,177,79,441246075
16116601,312,217,95,412687885
18110089,342,219,123,469679255
15894481,236,162,74,406380627
19602361,235,167,68,512774835
15382369,397,280,117,391875329
16852441,266,173,93,433643483
18360721,276,197,79,476892333
16353121,231,155,76,419412553
19107601,285,203,82,498447641
18845521,337,237,100,490873979
15126049,252,180,72,384633883
19853521,234,167,67,520061479
17859529,302,197,105,462478909
17619841,317,222,95,455599811
16627081,239,166,73,427214797
17381281,303,221,82,448763671
19349521,221,159,62,505447479
17118649,323,219,104,441249231
15896281,303,204,99,406431249
18110689,259,177,82,469696871
18602761,200,141,59,483867735
15625969,430,300,130,398769081
15382921,287,211,76,391890749
16353289,335,231,104,419417893
18360841,296,193,103,476895873
16852921,285,197,88,433657937
16117081,448,301,147,412701913
19854361,268,176,92,520086277
15126721,220,151,69,384652865
19602409,343,254,89,512775933
17860369,330,236,94,462502681
15896689,247,177,70,406442445
17619961,274,198,76,455603015
17381569,318,207,111,448771521
19107841,265,165,100,498454499
18845569,261,187,74,490875401
15383089,336,238,98,391895363
18603001,223,147,76,483875073
16627249,244,167,77,427219351
16353481,164,108,56,419424061
18361249,249,181,68,476907651
17119369,415,321,94,441269961
18111361,295,197,98,469716059
16854601,238,157,81,433704575
15626641,287,201,86,398787951
19350601,356,228,128,505479627
19854409,203,124,79,520087525
17861089,221,151,70,462523433
16117369,235,167,68,412709101
15899041,340,233,107,406510617
17620969,369,257,112,455631335
15383449,212,137,75,391906331
15127081,333,227,106,384663443
17381641,297,196,101,448773453
16355329,283,201,82,419475267
18362761,355,262,93,476951887
18603601,200,143,57,483892545
16628089,279,194,85,427244827
19602529,317,231,86,512779437
17119489,320,211,109,441273231
18846241,291,198,93,490894625
19109161,281,191,90,498493293
15626881,275,187,88,398794893
17861209,380,270,110,462526097
19855369,369,263,106,520114315
18111529,344,224,120,469721279
16117441,283,190,93,412711501
15384049,343,229,114,391923455
16854889,278,201,77,433713757
17382241,292,191,101,448790841
17621041,292,198,94,455634893
19351609,307,212,95,505508829
16628641,303,201,102,427260067
15899209,291,217,74,406515621
15128761,346,254,92,384710897
18604009,368,246,122,483904011
18363529,328,231,97,476973061
16355929,286,197,89,419492061
17121001,319,228,91,441316331
15627049,300,207,93,398799279
15384121,321,221,100,391925411
18111601,256,173,83,469723541
16118041,273,178,95,412728409
17861761,301,207,94,462541979
19855441,235,165,70,520116871
19109449,275,186,89,498501255
19602769,286,188,98,512786865
16628761,329,237,92,427263781
18846769,361,259,102,490909499
16855129,266,185,81,433721023
18363601,278,191,87,476975197
15129241,209,136,73,384724195
17382481,306,209,97,448797501
15899881,436,296,140,406533903
18604321,337,222,115,483913203
15384601,266,194,72,391939955
17621521,235,171,64,455648429
17121241,305,203,102,441323039
16118209,309,203,106,412733113
19352449,296,190,106,505532241
16356001,294,218,76,419494245
17861929,378,255,123,462547451
19855921,362,257,105,520132189
15627889,346,245,101,398824029
18112441,309,215,94,469746173
19109689,295,204,91,498508143
16628809,299,208,91,427264933
18363769,338,221,117,476980009
18604441,294,202,92,483916239
15385609,364,249,115,391967267
16118761,314,198,116,412748911
15130081,253,173,80,384748261
19603249,316,213,103,512800557
16855561,304,210,94,433733563
15900361,234,145,89,406548429
18848041,247,166,81,490946927
17121409,299,218,81,441327929
18112609,310,201,109,469751285
17862049,334,209,125,462550637
17382649,262,179,83,448802319
19856209,323,230,93,520139727
16629649,202,141,61,427288939
19110121,327,224,103,498520401
17621881,390,269,121,455658551
16357321,290,192,98,419532135
15629161,277,185,92,398859177
18364201,298,198,100,476992567
19352929,343,242,101,505546101
15385729,360,252,108,391970405
16119121,423,281,142,412758583
18604609,289,186,103,483921189
18112921,357,253,104,469760303
17122081,265,184,81,441346913
16630321,297,210,87,427307831
15131041,199,147,52,384775759
17862721,311,230,81,462570659
19111369,436,321,115,498555867
16855801,302,206,96,433739653
15900481,288,190,98,406551333
18364609,284,195,89,477005083
15386401,292,201,91,391989185
19603369,340,234,106,512803653
17383489,356,241,115,448826493
18848449,308,211,97,490958549
19856281,287,212,75,520141695
16119289,312,193,119,412763221
16357489,254,170,84,419536491
15629209,318,216,102,398860653
17622049,299,196,103,455663639
18113209,259,178,81,469768919
17122561,222,128,94,441360533
16630489,288,204,84,427312961
18604849,300,191,109,483927717
17863129,294,198,96,462581543
19354561,387,276,111,505594563
19112209,360,250,110,498581337
15131089,256,162,94,384776989
15386641,312,213,99,391996115
16119889,270,182,88,412780601
18365041,355,252,103,477017707
15900721,281,185,96,406558119
17384641,318,216,102,448860711
16856641,316,206,110,433762849
19856929,282,190,92,520160535
15629881,266,192,74,398880309
16630609,314,209,105,427315673
18113881,368,235,133,469788133
16358161,242,147,95,419557485
18848881,321,223,98,490971785
19604041,356,239,117,512822505
17863609,226,146,80,462596513
15387241,272,187,85,392012873
17622361,261,175,86,455672525
18605281,240,173,67,483940665
16120129,217,150,67,412787327
15131209,351,243,108,384779893
17122681,219,149,70,441364403
15630841,262,188,74,398907163
17384929,239,164,75,448868853
19113361,271,197,74,498614043
16631161,317,228,89,427332443
16857121,249,175,74,433776643
19354609,331,228,103,505596093
19857121,303,212,91,520166745
15901321,347,233,114,406574919
18113929,282,184,98,469789705
18365929,358,229,129,477043621
17863969,424,293,131,462605969
16120801,295,206,89,412806221
16358689,326,214,112,419570955
15387289,332,227,105,392014097
17385001,246,155,91,448870671
18605329,299,215,84,483941583
17623201,297,192,105,455696651
15131929,407,273,134,384800875
16631449,252,167,85,427340441
15901489,317,211,106,406579819
18849049,401,287,114,490976381
19113649,268,184,84,498622347
19604089,340,249,91,512823885
18114721,208,140,68,469813093
17123401,335,237,98,441385141
16857409,324,226,98,433785373
19857601,237,159,78,520180369
15632569,319,218,101,398956867
16121449,247,164,83,412825727
17385649,348,246,102,448889187
19354969,341,232,109,505605801
15902041,231,156,75,406595905
17864449,318,213,105,462620207
16631689,358,249,109,427346795
15132121,247,171,76,384806433
18366721,346,227,119,477065137
15387409,313,225,88,392018771
16359121,234,152,82,419583801
19114201,243,169,74,498638253
18605449,296,218,78,483945519
18114769,328,234,94,469814341
16857649,292,193,99,433791787
19857889,324,223,101,520187743
17623321,231,154,77,455700777
15632689,273,190,83,398959453
16122481,313,207,106,412854335
17124241,225,155,70,441408301
18849289,388,271,117,490982489
17386489,328,221,107,448912755
15902401,306,219,87,406605355
19604209,323,216,107,512828241
15132289,286,185,101,384810699
16632361,246,166,80,427365605
18115441,298,202,96,469833529
18606121,341,243,98,483963813
19114369,363,245,118,498642891
16858321,256,170,86,433811269
15387961,248,167,81,392033201
17864641,307,213,94,462625661
19355569,328,214,114,505623969
16359841,239,166,73,419604073
15902881,293,200,93,406619083
16122649,214,136,78,412859279
18367561,233,166,67,477089839
17386849,381,257,124,448923519
19859449,296,188,108,520233553
16633129,313,205,108,427387655
15634369,245,165,80,399007041
15132961,265,188,77,384830115
17623369,210,138,72,455701905
18115561,301,209,92,469836721
17124361,324,229,95,441411985
18606361,300,202,98,483971637
18849601,157,105,52,490992725
16858801,271,195,76,433825405
15903241,320,213,107,406629529
19604881,282,206,76,512846979
17387281,232,169,63,448936155
16123321,259,187,72,412878815
19114561,351,247,104,498648763
15388249,354,243,111,392041565
16633369,195,131,64,427395397
16360369,260,184,76,419619517
17865121,298,208,90,462639461
15134281,331,222,109,384867231
18115969,237,161,76,469849087
19860121,272,194,78,520253485
19355641,444,309,135,505626267
18367729,378,273,105,477094489
15635761,289,205,84,399046709
15903409,313,206,107,406633945
16858969,279,174,105,433830061
18606961,314,209,105,483988991
16123489,374,249,125,412882727
17387449,180,129,51,448941879
17624041,362,256,106,455721051
17125369,281,204,77,441441119
16633681,276,186,90,427403665
19114729,309,205,104,498653569
18850729,360,245,115,491023987
18116281,279,191,88,469858171
15389089,203,141,62,392066249
15134569,267,182,85,384874269
15904849,237,170,67,406674669
17865241,211,148,63,462642629
19605049,239,162,77,512852739
16360801,330,231,99,419631133
16123969,233,164,69,412896713
16859329,230,165,65,433840271
18607969,371,260,111,484017821
15635881,320,216,104,399049799
16634881,259,192,67,427437973
17388001,315,215,100,448956567
18367801,239,166,73,477096853
19116001,298,210,88,498690457
19860481,330,219,111,520263655
19356241,353,240,113,505642299
15904921,392,258,134,406676793
17624329,318,218,100,455729025
18116401,401,291,110,469860871
17126041,284,188,96,441460535
16124089,287,207,80,412899425
17865481,356,245,111,462649481
16859641,442,308,134,433848929
15135121,225,141,84,384891381
15389161,390,279,111,392067869
18608881,325,224,101,484043615
16635361,301,222,79,427451397
18851641,297,200,97,491050375
16360969,268,179,89,419636299
17388169,298,193,105,448961553
15905521,265,167,98,406693425
15636721,204,136,68,399074237
19605121,353,240,113,512854491
18368401,275,201,74,477113995
19116049,230,151,79,498691597
18116809,370,265,105,469872913
16128001,358,235,123,413010743
17865961,312,199,113,462663233
16635721,287,192,95,427461549
19357081,437,303,134,505666631
19861801,285,202,83,520301911
17625001,259,179,80,455748771
17126761,219,148,71,441480803
18609361,252,175,77,484058933
15135481,188,122,66,384900585
16859809,267,170,97,433854347
15389329,316,216,100,392072417
16362481,278,197,81,419678551
17388289,228,151,77,448964529
15906361,238,140,98,406717833
18368569,359,245,114,477118513
16128841,276,182,94,413035545
18118129,340,237,103,469911853
19117009,324,219,105,498719041
18851809,331,213,118,491055571
15637561,275,192,83,399097781
16635889,281,199,82,427466751
17866249,299,208,91,462671975
15907081,300,207,93,406738233
19605889,269,189,80,512876625
18610321,266,187,79,484085963
16363489,288,197,91,419706853
17388361,243,162,81,448966545
16128961,246,170,76,413038953
15135649,288,183,105,384905295
15389761,294,196,98,392084849
17127049,289,199,90,441489077
18118249,385,259,126,469914781
17625169,255,173,82,455753127
16859929,244,166,78,433857641
18368641,234,156,78,477120487
19357249,302,203,99,505671527
19117729,294,206,88,498739611
19861921,232,160,72,520304851
16636369,319,238,81,427479801
15638449,243,171,72,399123563
15907249,269,194,75,406742565
17867089,357,241,116,462695375
18610369,365,241,124,484087163
17389681,265,192,73,449004919
16363729,320,220,100,419714473
18852121,327,220,107,491064013
16129129,330,233,97,413043055
18118489,223,146,77,469921867
16636729,301,219,82,427491015
15136081,260,174,86,384918251
15390649,265,186,79,392110069
18369289,399,270,129,477139375
19606441,340,222,118,512892307
19118401,317,217,100,498759387
15908089,300,194,106,406767309
17127769,374,280,94,441510305
16860841,333,225,108,433883651
17625241,330,230,100,455755161
17389849,209,133,76,449009467
18610561,350,244,106,484092521
16364041,287,185,102,419723545
17868001,343,229,114,462722051
16129849,336,240,96,413063785
19358161,214,158,56,505698203
15638641,312,226,86,399128735
19861969,315,221,94,520305871
16637209,277,186,91,427503873
18118801,322,215,107,469931005
15908281,264,181,83,406772649
15136249,406,285,121,384922901
18852649,339,238,101,491079415
17390041,315,211,104,449014135
19118521,369,253,116,498762945
15390769,268,184,84,392113171
17625721,260,176,84,455769159
16365841,383,282,101,419774791
18370921,298,200,98,477186341
16638001,290,195,95,427526227
17128609,263,165,98,441533705
16130041,234,152,82,413068981
16861609,419,298,121,433905059
19862329,337,241,96,520316869
19607641,279,191,88,512927513
17868841,281,197,84,462746315
15908449,408,254,154,406777029
18611401,276,179,97,484117717
18120169,352,252,100,469969849
15638809,252,169,83,399133535
15136489,338,248,90,384929957
19358329,259,174,85,505702835
17390641,257,182,75,449031715
16366081,281,181,100,419782261
16638409,345,237,108,427538497
15393121,261,174,87,392179351
16130209,439,318,121,413073175
15908881,300,185,115,406789443
18853321,281,206,75,491098851
19862641,387,292,95,520326433
18120649,216,151,65,469984283
17869849,412,262,150,462775271
15137761,202,135,67,384964871
18612889,395,288,107,484160221
19119361,317,209,108,498788043
15639121,228,159,69,399141941
17626681,333,219,114,455796399
17128801,361,255,106,441539729
16862281,376,285,91,433924157
18371329,313,205,108,477197897
16366249,258,177,81,419786773
16639561,215,147,68,427571077
19608289,289,192,97,512946071
15909601,276,174,102,406809303
16130689,267,187,80,413087533
17391481,322,224,98,449055721
19863001,348,248,100,520337011
19358809,273,197,76,505716557
15394369,214,148,66,392214541
15137929,278,193,85,384970109
18613009,321,218,103,484163611
15639289,294,190,104,399146795
17870329,380,247,133,462789479
18853489,254,179,75,491104095
16639681,252,164,88,427574269
18120769,321,234,87,469987739
16366561,265,173,92,419795731
15909769,275,186,89,406813827
17627689,295,202,93,455824909
17129449,402,284,118,441558803
16864801,363,251,112,433996439
19119409,244,165,79,498789189
17391529,285,194,91,449057065
15138001,259,178,81,384972115
18372769,276,184,92,477239891
16131529,396,279,117,413111091
15640321,374,256,118,399176177
19863841,384,262,122,520361407
18613561,302,216,86,484179115
19608481,302,213,89,512951933
16640401,272,203,69,427595905
15909961,356,239,117,406819467
15394681,217,126,91,392223553
16366681,248,173,75,419798887
17872009,259,170,89,462837551
17391721,287,205,82,449062087
19359001,236,160,76,505722071
15138601,218,155,63,384988675
16132561,244,167,77,413141025
15640921,298,213,85,399193067
18122161,259,190,69,470027063
18854161,257,173,84,491122587
17129809,435,306,129,441568403
17628241,303,219,84,455840533
16865041,301,206,95,434003273
19864441,242,158,84,520378465
15911281,221,149,72,406858377
18613681,273,180,93,484182427
19119769,451,321,130,498799113
16366921,274,185,89,419805925
17872201,294,191,103,462842801
18372841,297,204,93,477241349
16640761,301,198,103,427605619
17391889,235,158,77,449068093
15394801,293,194,99,392226445
15138769,364,242,122,384993103
16133569,255,167,88,413169957
19608649,306,214,92,512956139
17130481,227,156,71,441587255
15912409,337,231,106,406889295
15641761,313,217,96,399216829
19865281,353,245,108,520402183
19359601,265,171,94,505739867
16367929,417,286,131,419834479
18613729,286,186,100,484183957
17872681,297,195,102,462856325
16865689,242,156,86,434021939
18123361,303,203,100,470061485
18854761,270,186,84,491140797
17628601,299,199,100,455850925
17392369,226,155,71,449080999
15139009,268,182,86,384999913
16134049,276,183,93,413184021
15913081,395,296,99,406907607
15395209,263,186,77,392238907
16641769,259,185,74,427634013
15644281,314,208,106,399287773
19120201,213,146,67,498812079
18373321,314,226,88,477255749
17131249,327,192,135,441609263
19866169,272,189,83,520429369
17872849,294,205,89,462860843
19360009,210,144,66,505750973
18614569,331,227,104,484208329
19608961,262,173,89,512965361
15139321,316,220,96,385008805
17394721,260,168,92,449148675
16368529,303,221,82,419851591
15913969,267,185,82,406934241
16135681,220,144,76,413229543
15644689,339,233,106,399299293
18124201,231,157,74,470085659
16865881,351,246,105,434027195
17628769,341,246,95,455856403
18854809,256,164,92,491142171
15395521,191,133,58,392247889
17872969,309,201,108,462865079
16642369,281,184,97,427652073
19866961,264,178,86,520451725
15139441,255,181,74,385012021
19360441,225,153,72,505763117
18373441,347,236,111,477258809
17394889,264,185,79,449153571
19120921,209,152,57,498833973
15914089,244,160,84,406937463
15645361,213,154,59,399318559
18615769,242,165,77,484243819
17131921,273,195,78,441628685
18124369,273,180,93,470089997
16135729,275,177,98,413231289
16368601,334,221,113,419853325
19609129,365,248,117,512970155
17873209,302,208,94,462871409
18855169,302,210,92,491152821
16866049,371,258,113,434031599
19867681,225,159,66,520472611
15914161,216,158,58,406939521
15646129,310,232,78,399340993
15395641,214,139,75,392250865
17395921,270,180,90,449182821
17629369,322,215,107,455872609
19361281,253,172,81,505787969
15139489,337,228,109,385013281
16643281,280,204,76,427677141
18124969,345,237,108,470107259
18374329,356,233,123,477285117
17132161,264,192,72,441635333
17873521,290,203,87,462880751
19121881,272,189,83,498859913
15646201,207,148,59,399343177
15914641,262,185,77,406952415
18855841,261,179,82,491172183
18616249,260,191,69,484257259
16135849,313,215,98,413234319
16369081,242,167,75,419866825
17396521,298,200,98,449200251
19869049,381,259,122,520512709
19361689,266,178,88,505799857
15139849,315,207,108,385024039
16866361,308,216,92,434041811
18125641,265,191,74,470126795
15395689,246,174,72,392252245
19609321,283,201,82,512975765
17630761,333,222,111,455912793
15914809,243,183,60,406957641
15646369,376,256,120,399347203
16643761,235,161,74,427691547
16369201,248,175,73,419870107
17396569,267,182,85,449201313
18856609,318,236,82,491193657
19869361,257,185,72,520522129
17132641,352,251,101,441648989
18375169,324,244,80,477308919
19362289,320,212,108,505817263
18126481,276,191,85,470151221
16136929,283,193,90,413265375
17873689,271,187,84,462885059
15140329,287,202,85,385037959
16867321,249,177,72,434068271
19122601,253,185,68,498880565
18616369,228,155,73,484260313
15915169,418,266,152,406967397
15646849,214,148,66,399360993
15396529,289,211,78,392275951
16370209,241,157,84,419898769
17397529,312,229,83,449229531
16643929,241,161,80,427696743
17630929,317,220,97,455917125
19609969,333,236,97,512994647
19870489,280,193,87,520553975
15140449,243,163,80,385041517
18127201,211,160,51,470171861
19362361,343,247,96,505819765
15915769,249,170,79,406983843
18858529,273,183,90,491250087
17133169,287,184,103,441664013
18616441,294,188,106,484262233
16138609,261,174,87,413313225
15647641,252,187,65,399383073
16370281,354,240,114,419900941
17874049,308,213,95,462895475
18375289,269,188,81,477311913
19122889,363,242,121,498889421
17398081,272,168,104,449245263
16867489,255,164,91,434073077
15396889,279,194,85,392285953
15140689,268,171,97,385048027
16644049,306,214,92,427700055
19870729,377,235,142,520561943
15915841,326,221,105,406985619
19362529,316,222,94,505824793
15647689,323,227,96,399384789
17631769,222,146,76,455942085
18617881,286,193,93,484303821
18127561,235,156,79,470182283
16371601,233,161,72,419938539
17874529,292,196,96,462909863
15141001,292,193,99,385057033
19610089,341,236,105,512998025
17133769,291,196,95,441681437
16138921,325,227,98,413321127
18858841,250,158,92,491259465
17398201,355,250,105,449248455
16867561,267,179,88,434075429
16644769,192,133,59,427719297
15397321,325,211,114,392297905
15916009,433,291,142,406991679
18376129,360,245,115,477336573
15647881,355,240,115,399390549
19871569,295,208,87,520586171
19123801,247,179,68,498915395
16371721,328,226,102,419942163
18618049,265,183,82,484308195
18128329,349,241,108,470204141
15141121,253,189,64,385060345
17874721,309,201,108,462914885
19362961,264,191,73,505837771
16644889,273,174,99,427723863
15917281,334,238,96,407027699
17632129,308,206,102,455951961
16868161,335,233,102,434091959
15648361,266,186,80,399403569
16139041,287,213,74,413325573
17134321,202,156,46,441697595
15397561,206,135,71,392305327
16371769,223,161,62,419943585
19871881,306,207,99,520595285
19611001,367,256,111,513024827
18859201,283,205,78,491268981
17398609,334,248,86,449259921
18128401,235,159,76,470206583
18376681,339,226,113,477352389
18618601,254,157,97,484326129
15917329,306,210,96,407029115
16644961,254,185,69,427725849
19123969,383,264,119,498920471
16868209,309,222,87,434093285
17875201,273,194,79,462928589
15141961,330,239,91,385083139
15648649,221,141,80,399411519
16371889,290,198,92,419946681
19872001,254,181,73,520598183
17632441,335,231,104,455960955
18128569,365,237,128,470211017
19363129,348,246,102,505842643
18860641,385,259,126,491309853
16139089,351,238,113,413326779
15397729,350,241,109,392309851
15917689,349,241,108,407038469
17134681,215,143,72,441707725
16645129,297,203,94,427729587
15649201,343,221,122,399427689
18619969,270,169,101,484364415
17876161,285,200,85,462955447
17399089,305,213,92,449274225
19611481,317,215,102,513038867
15142969,358,241,117,385112029
16372561,319,224,95,419965935
18378049,328,227,101,477390741
16872601,208,142,66,434220299
19124401,240,178,62,498932873
19872169,336,236,100,520603001
15919129,361,255,106,407080049
18129409,279,193,86,470235113
16645561,260,182,78,427742361
15649561,259,161,98,399437517
18860689,280,162,118,491311533
15398161,315,215,100,392321833
17876569,271,185,86,462967603
16139449,293,202,91,413336391
17632561,324,225,99,455964321
18620809,246,169,77,484388853
19364881,375,268,107,505892641
17135689,325,225,100,441736747
15143041,218,144,74,385114069
17399209,202,125,77,449277429
15919201,239,167,72,407082587
19125409,278,195,83,498962357
16645801,409,254,155,427749093
15650881,213,141,72,399474245
19872241,337,227,110,520605155
16372729,346,247,99,419970645
19611601,330,210,120,513043355
16873081,302,221,81,434233445
18861529,288,197,91,491336101
18379201,206,143,63,477425055
17877001,320,210,110,462979771
18129721,287,193,94,470244215
18621289,243,178,65,484401555
15399169,254,154,100,392350689
15919681,347,245,102,407095631
16140601,221,151,70,413370291
17633281,265,182,83,455984781
16646401,291,181,110,427766173
19125649,350,232,118,498969209
15143641,326,225,101,385130959
15651409,255,178,77,399489341
17136001,215,147,68,441745093
19872889,237,167,70,520624481
16372801,250,155,95,419972643
18862321,301,200,101,491358941
19365481,302,199,103,505910329
17399929,222,164,58,449297997
17877721,325,248,77,463000369
16873609,310,200,110,434247959
18130681,377,255,122,470271477
15920809,265,178,87,407127253
15399721,285,186,99,392366487
18621481,257,178,79,484407891
18379321,219,139,80,477428271
16646449,273,184,89,427767797
19611769,345,233,112,513047537
16140721,290,197,93,413373537
16373569,238,152,86,419994159
15652009,268,187,81,399507563
19874089,251,176,75,520659019
15143881,293,200,93,385137877
17633449,291,189,102,455989635
17878681,330,224,106,463028233
15401569,306,204,102,392418723
15921049,247,174,73,407133727
18862561,255,176,79,491366309
17136961,238,168,70,441771829
18130729,235,151,84,470273091
19126249,345,239,106,498985961
16646569,250,165,85,427770617
17400049,364,248,116,449301357
18379561,368,259,109,477435579
16873921,227,167,60,434256455
19365529,244,156,88,505911811
18621649,267,180,87,484412289
15652249,329,225,104,399514235
16373641,317,224,93,419996211
15401689,323,228,95,392422575
19874401,220,150,70,520668607
16140889,279,190,89,413378181
17879089,304,206,98,463040395
15144529,233,171,62,385156591
19612609,189,130,59,513072881
18132409,260,173,87,470321279
18863329,296,202,94,491388137
16647409,256,185,71,427794671
17633809,338,237,101,455999925
15921721,435,298,137,407153095
18380569,200,138,62,477464211
17137009,392,251,141,441773311
15652729,211,139,72,399527591
18621961,272,197,75,484421493
16374649,280,198,82,420025293
15402241,313,207,106,392438175
19126801,229,145,84,499003655
16874041,405,283,122,434259489
17400289,255,181,74,449308011
19874521,322,230,92,520671661
18132769,340,246,94,470331935
17879401,216,155,61,463050127
19366201,336,228,108,505931725
18863569,367,257,110,491395223
15144889,370,255,115,385166767
16141441,236,162,74,413393643
15652921,383,264,119,399532385
16376761,315,203,112,420085527
16647481,377,268,109,427796921
15403441,238,159,79,392471295
15922201,204,132,72,407167691
18380881,289,204,85,477473259
19613161,291,207,84,513087923
19127809,334,223,111,499031891
17634289,307,214,93,456013503
16874281,291,201,90,434266617
17137129,207,153,54,441777103
18133369,245,171,74,470348939
19875409,273,198,75,520697317
18622921,293,195,98,484449963
17879569,297,203,94,463054567
17400601,278,191,87,449316723
18864409,294,196,98,491418677
15653401,209,139,70,399546329
15404281,254,176,78,392495343
16376929,327,214,113,420090105
15145561,375,260,115,385185907
16141729,394,293,101,413401311
19366561,274,186,88,505941517
19128481,282,197,85,499051979
18381001,358,253,105,477476487
16874929,375,253,122,434285241
16648129,272,193,79,427815137
15922369,291,208,83,407171999
18134761,361,240,121,470388773
17879761,307,200,107,463059595
19876201,356,232,124,520720459
15653689,332,227,105,399553523
17635081,334,222,112,456036699
15404761,307,211,96,392508441
17137201,322,229,93,441778999
16377649,256,187,69,420111093
19613281,313,204,109,513091043
18864841,254,163,91,491431301
17401801,285,202,83,449351919
18622969,235,146,89,484451475
15146041,272,201,71,385199893
16875601,344,238,106,434304675
19367401,349,223,126,505965859
15653761,292,202,90,399555677
16141969,308,211,97,413408349
18134929,360,252,108,470393771
15404881,318,227,91,392511375
18381049,251,181,70,477478215
19129681,252,170,82,499086893
17880241,220,152,68,463074017
16649089,370,248,122,427842515
16377841,336,237,99,420116769
19876249,288,192,96,520722271
15922729,254,162,92,407182019
17635489,273,202,71,456048033
17137801,310,219,91,441795883
16876729,233,163,70,434336381
15654241,281,187,94,399571091
15405121,357,258,99,392518455
15146161,300,193,107,385202647
18135289,295,206,89,470404259
17402449,203,142,61,449370051
19613449,335,228,107,513096023
19368169,351,248,103,505987489
16378009,338,240,98,420120927
17880409,274,204,70,463078595
18865009,245,186,59,491436509
18623089,315,222,93,484454205
16649761,371,263,108,427861517
19876369,388,284,104,520725895
16142569,190,129,61,413426023
15923041,268,184,84,407191415
18381889,241,174,67,477502029
15654361,293,207,86,399573695
16876969,355,260,95,434343341
19130329,222,158,64,499105289
18135721,360,248,112,470417237
16378489,360,245,115,420134253
15405289,206,123,83,392523021
17402641,240,160,80,449376777
17880529,297,202,95,463081445
19369081,264,184,80,506014159
17137969,331,223,108,441800971
17635801,213,141,72,456060129
16650001,322,219,103,427868273
15147001,209,144,65,385227049
19876609,203,139,64,520732979
15655201,312,209,103,399597269
19613521,239,143,96,513097649
16143289,338,221,117,413445361
16877401,278,183,95,434356049
18865729,232,156,76,491457011
18623329,292,204,88,484462251
15924169,346,237,109,407223941
18136561,280,188,92,470440355
16378849,379,260,119,420144441
16650169,270,187,83,427873631
17882209,267,189,78,463130531
18382849,203,136,67,477529689
17404129,338,233,105,449417889
19369249,254,176,78,506018873
15655369,289,197,92,399601613
15405721,335,229,106,392536359
19130521,259,185,74,499110683
15147049,240,167,73,385227953
19877281,310,210,100,520751073
17138689,325,211,114,441822055
17637769,339,245,94,456114327
15924241,245,158,87,407225987
16878409,275,198,77,434385727
16379281,263,181,82,420157971
16650649,275,184,91,427887791
16143961,279,185,94,413464531
17882881,233,163,70,463149191
15655609,368,250,118,399608147
17404489,351,238,113,449428215
18136609,276,201,75,470441819
15147169,303,219,84,385231223
19613689,411,281,130,513102635
18866401,255,155,100,491477519
19371769,347,238,109,506092337
18623809,272,194,78,484475901
15405889,218,156,62,392540709
19878721,289,198,91,520793571
18383401,268,191,77,477545679
15924841,245,162,83,407242349
16650841,252,166,86,427893209
16379329,285,182,103,420159369
15656089,241,163,78,399622559
19131169,379,262,117,499128923
17139361,296,206,90,441841207
17883721,246,179,67,463174829
17638009,233,147,86,456121449
17404801,275,184,91,449437341
18136969,311,209,102,470451857
16878649,387,274,113,434391577
15148009,379,285,94,385255225
16144969,267,166,101,413492857
19372081,288,194,94,506101025
15926089,282,205,77,407278179
16380289,272,186,86,420186333
16651009,255,180,75,427897829
15657049,284,178,106,399650105
15406441,292,203,89,392556015
19879441,317,222,95,520814349
18624481,384,276,108,484494783
18866521,333,229,104,491481359
18383569,327,230,97,477549741
19614169,410,300,110,513117743
17883889,188,123,65,463178951
15148249,279,175,104,385261651
17405329,356,242,114,449451897
17139481,356,245,111,441844117
18137281,329,224,105,470460731
15927601,266,183,83,407320355
15657769,263,181,82,399670011
19131361,353,239,114,499134305
17638609,371,239,132,456138771
16651849,309,211,98,427920917
16145641,277,176,101,413512267
16380961,234,162,72,420204583
16879081,352,246,106,434404195
19373041,360,255,105,506129441
18383689,306,206,100,477553827
17883961,348,239,109,463180841
15148561,273,188,85,385270039
15406561,242,166,76,392559471
17405761,292,208,84,449464703
18137641,301,210,91,470471639
16652689,217,154,63,427945319
18624841,267,177,90,484505065
18867241,281,196,85,491501129
15658609,333,248,85,399694041
15929281,233,157,76,407367329
19879609,312,202,110,520819623
19614841,223,149,74,513136961
16381801,290,199,91,420229435
17139649,374,279,95,441848845
19373209,271,188,83,506135411
15148849,212,150,62,385278787
18385249,298,207,91,477599319
17885281,260,177,83,463218269
16145809,239,170,69,413516917
17639521,274,191,83,456164787
19134361,293,203,90,499221729
16879321,279,190,89,434410477
17405809,266,186,80,449465597
15407569,344,243,101,392588125
16653361,264,172,92,427964381
18137809,300,217,83,470477165
15929761,247,170,77,407381423
16382209,381,256,125,420240539
15149089,278,199,79,385285165
15658729,268,192,76,399697713
19376569,289,213,76,506231179
17885809,331,224,107,463233791
18625441,276,177,99,484521955
19879801,299,207,92,520824855
18867529,404,280,124,491509739
17405929,325,230,95,449469173
19134529,287,190,97,499226835
19614961,223,139,84,513140231
17139721,244,157,87,441851341
16146001,289,201,88,413522509
16653961,200,137,63,427980947
18138121,260,172,88,470485901
16879801,185,128,57,434424841
15929929,377,267,110,407385965
17640121,262,191,71,456182277
18386449,358,240,118,477633187
15149521,233,155,78,385297603
16382881,330,222,108,420259979
15407641,306,215,91,392589919
17886289,267,182,85,463247345
19376809,213,158,55,506238463
17406769,294,200,94,449492879
15658801,270,181,89,399699483
19881241,268,181,87,520866395
16654009,242,170,72,427982183
15149569,353,247,106,385298665
19134649,371,248,123,499229811
17141209,302,221,81,441894193
15930961,359,243,116,407415233
15408121,262,178,84,392605603
18625609,311,220,91,484526809
19615681,334,232,102,513160931
18138409,318,210,108,470494151
16147009,291,204,87,413551507
18868081,416,288,128,491525795
16383361,306,213,93,420273185
16879969,406,288,118,434428771
17641009,222,152,70,456207699
17887489,301,190,111,463281221
17407441,301,220,81,449513759
18386761,267,181,86,477642949
19377289,309,216,93,506252551
15150409,310,206,104,385322449
15660241,281,182,99,399740049
15408241,369,269,100,392608705
19881481,297,202,95,520872899
15931129,271,180,91,407419979
17141881,243,160,83,441913159
19134721,342,227,115,499231803
16654129,378,268,110,427986221
19615801,373,256,117,513164513
17887801,306,207,99,463291325
17407681,285,187,98,449519891
16147441,308,218,90,413563903
15150529,288,221,67,385325545
16383481,252,167,85,420276599
18626689,288,191,97,484557931
18138649,307,207,100,470500751
19377409,347,261,86,506255347
15408649,232,149,83,392619799
18869041,291,199,92,491554007
16880161,254,165,89,434435317
15931441,256,169,87,407429111
17641369,259,191,68,456218049
19882921,298,210,88,520915257
18386881,282,191,91,477646117
15660289,271,194,77,399741489
19134889,325,229,96,499236321
16654801,300,216,84,428005445
19616689,249,159,90,513190295
15150601,316,229,87,385327879
17408449,308,215,93,449541749
17142241,177,123,54,441923095
17887921,342,229,113,463294601
15408961,290,190,100,392628469
19378921,266,171,95,506300631
16147609,263,172,91,413568511
15931561,311,222,89,407432741
16383649,289,220,69,420282077
19883089,331,237,94,520920405
16880761,310,228,82,434452075
15152089,255,167,88,385368979
18139921,321,226,95,470537123
18627289,278,189,89,484575427
19135729,303,222,81,499261323
16655689,280,201,79,428031215
18869089,322,219,103,491555117
17409169,252,174,78,449562401
17642041,259,167,92,456236915
15661489,276,179,97,399775101
17888809,247,154,93,463320107
15409249,243,171,72,392636401
18387049,303,216,87,477650921
19616809,305,207,98,513194003
15933121,204,146,58,407477927
17143081,358,250,108,441947677
19378969,278,209,69,506301855
15152209,306,222,84,385372669
19883161,265,190,75,520922439
16148161,318,196,122,413584183
16881001,277,196,81,434459083
17409289,349,234,115,449565611
16656361,298,206,92,428050259
16383721,282,192,90,420283829
19136041,189,131,58,499270551
15409321,314,212,102,392638237
17888929,286,196,90,463323101
15662089,321,214,107,399792873
18140329,347,252,95,470548649
15933241,238,167,71,407480975
18627361,258,174,84,484577281
15152281,274,163,111,385374757
17642881,252,165,87,456260477
18869209,345,243,102,491558621
19379809,256,186,70,506325291
16881169,438,314,124,434463811
18387121,275,193,82,477652637
16656649,276,191,85,428057981
15410089,398,278,120,392659873
17143561,305,232,73,441961639
19617361,314,213,101,513209879
19136209,249,174,75,499275249
19883641,312,223,89,520936071
16148281,343,245,98,413587483
17889769,330,249,81,463347845
17409961,323,233,90,449585381
15933409,395,278,117,407485091
16384729,232,162,70,420312667
15152881,267,196,71,385392397
17643649,290,203,87,456282779
15662329,266,176,90,399800241
16881841,322,220,102,434483479
16657321,317,217,100,428077121
15410761,307,216,91,392679073
19380001,257,176,81,506330859
18140929,230,161,69,470566109
18627841,287,200,87,484591747
19136329,273,177,96,499278867
18869449,271,177,94,491565185
17889841,329,225,104,463349411
15153889,211,153,58,385420195
15933649,309,199,110,407491967
19884001,291,193,98,520946217
18387289,291,199,92,477657641
17143849,377,255,122,441970033
19617649,343,244,99,513217961
16148329,388,271,117,413589589
15411601,307,207,100,392702743
17410009,284,188,96,449586653
16658401,316,221,95,428108079
16385041,212,155,57,420321919
19380601,350,252,98,506348259
18141769,286,184,102,470590589
15662641,348,240,108,399808413
17644321,222,164,58,456304453
16882441,273,176,97,434500195
15154129,276,175,101,385427017
19136569,211,138,73,499286475
15934249,229,165,64,407509769
17890009,351,235,116,463354049
15411841,229,149,80,392709517
18628201,264,178,86,484601907
16658881,259,171,88,428122671
16150201,379,248,131,413642047
17410969,284,198,86,449614361
18869761,220,149,71,491573957
19617889,241,161,80,513224903
17143921,335,220,115,441971725
18388129,345,252,93,477681341
18141841,235,153,82,470592599
19884481,341,241,100,520960959
15154561,328,224,104,385439137
19380769,310,212,98,506352537
16385209,320,229,91,420326059
15934489,314,210,104,407515979
19137049,321,233,88,499299447
15662809,407,289,118,399813309
15412009,296,203,93,392714383
16882609,310,222,88,434505379
17644489,255,181,74,456308341
16660681,355,255,100,428173755
17412361,286,201,85,449654111
17890321,296,205,91,463363363
16150801,311,207,104,413659819
19618369,276,197,79,513238595
18142609,246,162,84,470614025
15934801,232,145,87,407524649
15154801,252,164,88,385446103
18628369,247,194,53,484606587
15412681,328,206,122,392733695
19381009,325,223,102,506359689
17144521,216,148,68,441988399
18870721,284,186,98,491601651
16660729,314,217,97,428174871
19137241,340,225,115,499305171
18389401,257,171,86,477718031
16385401,339,241,98,420331663
17412481,283,192,91,449657855
15663841,268,183,85,399843201
16152481,256,183,73,413706991
19884649,299,205,94,520965471
16883689,300,206,94,434535493
15155401,346,237,109,385463491
15935089,282,203,79,407532779
18143329,224,142,82,470636279
17890489,278,198,80,463368217
17646169,364,256,108,456354787
15413449,303,195,108,392755073
19619209,218,130,88,513263439
16661401,254,168,86,428194077
19137409,224,149,75,499309743
17412649,222,150,72,449662187
16152529,295,200,95,413708557
17144689,216,141,75,441994285
18629521,175,121,54,484640069
15155809,291,207,84,385474255
19381321,380,286,94,506368677
16386001,313,210,103,420348859
15935809,364,257,107,407553113
15413521,305,210,95,392757049
15664609,368,240,128,399863795
18144001,320,213,107,470654393
18871561,257,174,83,491625813
18389809,295,205,90,477730211
17891281,277,190,87,463390813
16884841,325,227,98,434567611
19619401,249,181,68,513268797
19884769,349,244,105,520969191
16152889,200,130,70,413717569
17646241,465,318,147,456357151
19137841,325,222,103,499321977
15156289,254,188,66,385487665
17414329,288,205,83,449709983
16662241,257,177,80,428218125
15413689,326,229,97,392761675
15936001,273,186,87,407558483
18144361,258,174,84,470665405
19381489,313,196,117,506373279
17891449,266,187,79,463395475
17145361,329,224,105,442013341
15664681,394,263,131,399865529
16386841,269,174,95,420372555
18629881,284,195,89,484649329
16153321,364,253,111,413729869
15156409,218,142,76,385490899
18871609,276,188,88,491626743
19619881,332,241,91,513282819
17414401,303,203,100,449711423
18390289,344,226,118,477743783
15936169,318,229,89,407563179
16885201,331,230,101,434578219
19138849,283,199,84,499351629
15414001,289,209,80,392770507
18145009,203,144,59,470683761
16662409,235,165,70,428222223
17649409,316,210,106,456448507
19885681,290,189,101,520995267
17891689,286,179,107,463402033
19384129,385,294,91,506450305
15156649,349,253,96,385497373
16153561,286,200,86,413736799
16387081,259,159,100,420379871
15665521,271,188,83,399889727
17145529,268,186,82,442017997
15937489,348,227,121,407600463
17414569,276,187,89,449716847
19620049,280,193,87,513287607
18630049,217,150,67,484654195
16663441,238,153,85,428251961
18145801,328,234,94,470706423
19139089,366,249,117,499358133
17892001,286,193,93,463411147
15157321,264,173,91,385516891
15415369,348,241,107,392808667
18872449,308,208,100,491651025
16885681,288,199,89,434592001
18391129,286,174,112,477768275
19384681,321,239,82,506466817
19886161,237,177,60,521010681
17649529,354,259,95,456451861
15938281,320,225,95,407622627
16387729,276,190,86,420397853
16155409,300,213,87,413789899
15666169,245,193,52,399907809
16663609,294,197,97,428257115
15157969,303,196,107,385535215
19620889,348,224,124,513311391
17146609,337,240,97,442048713
17892529,312,227,85,463427003
19139521,346,229,117,499371435
18146521,239,155,84,470727519
17415241,259,177,82,449736311
19384969,366,252,114,506474689
15415969,345,244,101,392825717
15938449,346,250,96,407627721
18630361,279,182,97,484663543
16388569,298,189,109,420422435
19886281,284,180,104,521013399
16886521,219,143,76,434616799
18392161,355,251,104,477798569
16664761,279,182,97,428290313
18872569,226,147,79,491654847
15158161,274,174,100,385540851
16156249,342,228,114,413813653
17147041,303,194,109,442060791
17649601,410,290,120,456453427
17892841,291,199,92,463436645
15666529,326,218,108,399917901
19621249,318,219,99,513322545
19140241,231,161,70,499391775
15938521,196,133,63,407629899
16388929,372,257,115,420431597
15417361,281,189,92,392866379
19385209,312,220,92,506482123
19886689,359,247,112,521024871
15158761,316,226,90,385557519
17415721,293,217,76,449749541
18148489,285,198,87,470783449
16665289,241,165,76,428304923
16886641,298,201,97,434619907
17147089,346,248,98,442062105
18632329,254,182,72,484721175
17892961,279,184,95,463439663
15939169,284,209,75,407648869
18392761,283,173,110,477815663
19621561,250,182,68,513331281
16389361,309,212,97,420444701
17650201,327,227,100,456470431
18872641,371,257,114,491656503
16157761,208,147,61,413855955
19140769,294,202,92,499407305
15667129,266,178,88,399935337
15158809,333,229,104,385558773
15417529,309,214,95,392870543
16887361,290,204,86,434640391
16665601,279,191,88,428313497
17148289,244,166,78,442097367
19887121,261,191,70,521038449
15939961,220,154,66,407670811
17416081,234,154,80,449759753
17894209,237,156,81,463474475
16390441,355,235,120,420474917
18148561,362,254,108,470785831
19385809,244,171,73,506499271
19622401,354,235,119,513356607
19141921,293,200,93,499439741
15159481,301,197,104,385578597
18632881,274,181,93,484737939
15418369,342,228,114,392894741
16157929,359,250,109,413861259
15667681,293,191,102,399950757
17650249,202,141,61,456471937
18393481,260,178,82,477835835
16887649,269,179,90,434648725
18872809,275,188,87,491662845
15940009,385,269,116,407672143
17894881,163,113,50,463493669
18149401,361,246,115,470809707
19887169,213,140,73,521040045
16665769,333,240,93,428318231
17148721,330,235,95,442109271
19142089,307,204,103,499445151
19622521,290,211,79,513359565
15159601,302,200,102,385581723
15419401,349,240,109,392923193
16391449,270,172,98,420503987
17416249,373,245,128,449763995
16887721,383,263,120,434650351
16159201,272,192,80,413897541
19386049,346,244,102,506506267
17650441,288,195,93,456477547
15940201,296,196,100,407678101
15667969,260,189,71,399958647
17895481,390,269,121,463511477
18633001,296,191,105,484741083
18149881,201,134,67,470824377
15159769,231,160,71,385587429
18395161,311,206,105,477884969
19888969,267,187,80,521090229
15420049,337,230,107,392941973
18874081,248,180,68,491698677
19622689,369,256,113,513363729
16889161,223,154,69,434691601
16665889,330,236,94,428321555
19143121,387,264,123,499474647
17149129,326,220,106,442120551
15940369,233,152,81,407682601
16391761,235,160,75,420513161
17650921,215,155,60,456491839
17416921,293,175,118,449783811
15159841,334,219,115,385588815
16159369,302,191,111,413901741
19386721,349,233,116,506525017
17896201,266,188,78,463532389
18150241,279,200,79,470834385
15420169,246,162,84,392945447
15668041,196,110,86,399960729
19889209,359,262,97,521098707
16889569,346,246,100,434703121
19622761,260,186,74,513365847
15941041,289,196,93,407702035
18634921,385,271,114,484795407
18398521,224,153,71,477981419
17651449,403,278,125,456506443
15160489,300,203,97,385606533
19143721,214,149,65,499492131
16666609,329,240,89,428341541
18874249,243,164,79,491703033
15421249,252,183,69,392975669
17149729,254,173,81,442137597
16391929,262,176,86,420517199
15668881,359,253,106,399985125
16159441,208,141,67,413904135
19387561,344,232,112,506550187
17417089,274,183,91,449789313
16890001,327,223,104,434715521
18150721,248,168,80,470848953
17896321,259,183,76,463535611
19889689,385,252,133,521112633
15941881,270,189,81,407726161
19623601,394,256,138,513390171
15160681,212,143,69,385611951
17651761,245,174,71,456515359
15421729,267,184,83,392988779
15669721,307,210,97,400008675
16159609,297,217,80,413910189
18635401,300,197,103,484809933
16667449,406,270,136,428365979
18399361,344,245,99,478005515
19143769,306,204,102,499493613
16890169,294,205,89,434720369
16392601,220,164,56,420536693
15942361,404,301,103,407738809
18874321,290,206,84,491706201
17897161,332,233,99,463560163
15161281,256,177,79,385628889
17150449,322,220,102,442157893
19624081,225,136,89,513404547
17652601,314,225,89,456540559
15670489,321,217,104,400030347
17417689,240,171,69,449806245
18151249,205,148,57,470863485
19387729,297,200,97,506555263
16159921,337,235,102,413918169
19890049,292,190,102,521123931
15421921,349,236,113,392994383
16890409,478,315,163,434727101
15161521,290,183,107,385636125
15942529,299,201,98,407743477
16392889,499,348,151,420544181
18635521,250,169,81,484813083
17897329,330,229,101,463565665
16667569,248,168,80,428369759
15670561,249,171,78,400032531
18399481,349,230,119,478009427
18875641,284,196,88,491744293
17152081,288,202,86,442205869
16160281,297,208,89,413927847
19143961,243,154,89,499499157
17652721,302,217,85,456543373
19890649,263,176,87,521140539
15161689,345,233,112,385640607
16891921,284,210,74,434770185
17418361,264,182,82,449826117
19624369,364,250,114,513412671
15671041,266,176,90,400046205
16393609,226,163,63,420564879
15422089,248,176,72,392998901
17897401,272,187,85,463567627
18151681,268,173,95,470875989
19388329,235,154,81,506571937
15943561,323,212,111,407771935
18875761,341,238,103,491746993
17152969,276,201,75,442230847
15162289,396,271,125,385657689
16667641,219,148,71,428372219
18635569,283,209,74,484814631
16161121,263,182,81,413951833
18400489,389,252,137,478037785
16892401,323,214,109,434784055
17652961,244,156,88,456550447
19891321,315,216,99,521159337
15672409,326,235,91,400084785
16393969,289,197,92,420575127
17898169,177,120,57,463589707
19144561,353,272,81,499516533
17418409,282,202,80,449827041
15943729,313,213,100,407777917
15422521,269,177,92,393011015
15163009,232,166,66,385677585
17154601,301,207,94,442277371
19624441,201,129,72,513414867
18151849,231,142,89,470881551
16893241,278,188,90,434808583
16162441,238,148,90,413990029
18878329,325,207,118,491822065
15673249,344,237,107,400107657
18401041,241,174,67,478053979
19388881,351,244,107,506588053
16394281,299,207,92,420583641
19891369,217,133,84,521161113
16668961,205,129,76,428409413
18637441,256,182,74,484867761
17655289,319,237,82,456616245
15424441,362,251,111,393064891
15163849,245,169,76,385701409
17900401,253,178,75,463653563
16162609,277,195,82,413994223
17155009,297,202,95,442288783
15673561,309,203,106,400117683
16893601,240,159,81,434818339
19144729,288,196,92,499521105
15944209,275,190,85,407791489
16394449,291,211,80,420588627
17419249,303,203,100,449851467
18402169,288,184,104,478085995
18878521,264,188,76,491826865
18151921,362,261,101,470883585
15164041,300,193,107,385706743
19625041,295,205,90,513432485
17657089,338,217,121,456668045
19891561,453,306,147,521166717
15674401,247,182,65,400141395
16669321,231,166,65,428419103
16163449,187,123,64,414018355
16894081,199,136,63,434832679
19389241,334,233,101,506598367
17155609,318,227,91,442305865
15425281,228,153,75,393089353
19146241,208,144,64,499565257
18637921,207,145,62,484881813
16394569,201,142,59,420591799
18402889,415,284,131,478107283
15944329,237,175,62,407795341
18879001,263,178,85,491841919
17900761,412,281,131,463663697
15165481,304,216,88,385748425
17420761,289,194,95,449895435
17658769,360,257,103,456716447
16164121,326,231,95,414037465
16894201,245,161,84,434836237
17156329,272,182,90,442326435
18154441,306,199,107,470954811
15675409,257,177,80,400168737
15945001,300,217,83,407813941
19146961,338,219,119,499585225
16671001,235,159,76,428467473
16394641,250,162,88,420593521
15426049,275,200,75,393110845
19626121,287,208,79,513463493
18879121,246,180,66,491844895
19892881,311,208,103,521204525
17900929,327,226,101,463667915
15165721,287,191,96,385754791
19389841,257,170,87,506616157
16164409,305,210,95,414045883
18403249,328,234,94,478117693
18638089,393,278,115,484886625
16894441,330,217,113,434842717
17156521,317,227,90,442331817
17658841,242,159,83,456718913
18154921,266,177,89,470969141
15946009,310,223,87,407843665
17422969,213,149,64,449958371
15675601,408,304,104,400173927
19147489,271,166,105,499600471
15166201,221,139,82,385768831
17901241,309,222,87,463677833
16395409,390,279,111,420614953
15426889,295,193,102,393135391
16164481,376,263,113,414047791
16671841,334,251,83,428491209
18879169,225,161,64,491846071
16895449,334,212,122,434872711
17157289,342,250,92,442353537
15946081,315,224,91,407845321
18155041,314,214,100,470972237
19628449,241,174,67,513530987
15676081,245,157,88,400189443
19893169,229,161,68,521212997
19389889,289,198,91,506617477
18403849,333,239,94,478135105
15167329,227,161,66,385800829
18638209,344,227,117,484890591
19148089,309,219,90,499618465
17659489,339,207,132,456737837
16165489,264,166,98,414076125
17901769,371,240,131,463691849
17423281,291,201,90,449967269
16895761,288,189,99,434881729
18880369,277,192,85,491880925
15946849,319,219,100,407866483
17157841,319,217,102,442369851
15427129,292,203,89,393141853
16396321,302,206,96,420641401
16672009,347,237,110,428495739
18155209,268,200,68,470977493
15677449,265,180,85,400228133
16165921,303,205,98,414088407
19148161,278,179,99,499620199
17902249,341,225,116,463705691
17659849,200,132,68,456747857
15167881,303,211,92,385816501
16895929,367,247,120,434886139
19629121,345,229,116,513550397
17158129,383,276,107,442378111
18881209,303,206,97,491904775
18404689,318,213,105,478159809
19893409,407,273,134,521219363
19390249,421,282,139,506627365
18639121,337,225,112,484916739
18156769,304,208,96,471022611
15678049,340,231,109,400245395
17423449,321,233,88,449972147
15946921,235,166,69,407868751
15427441,333,217,116,393150541
16165969,312,220,92,414089415
16396801,285,206,79,420655969
16672321,240,165,75,428504511
17902369,292,191,101,463709567
19148329,423,274,149,499625395
17660281,264,176,88,456760085
16896289,221,166,55,434896171
17158369,494,327,167,442384963
18881641,243,168,75,491916739
15169681,233,159,74,385866149
19630321,358,226,132,513585059
15678889,332,245,87,400268771
18156961,256,169,87,471028425
16166089,237,160,77,414092799
18405241,330,223,107,478175619
15427729,285,194,91,393158887
15947521,345,230,115,407886439
17903881,285,204,81,463752593
19390561,253,176,77,506637103
17423641,274,192,82,449977739
18639889,327,217,110,484937709
19894561,261,177,84,521253569
17661121,240,159,81,456784169
19148761,326,202,124,499638133
16396969,325,230,95,420660745
15169849,351,249,102,385870961
17158969,275,183,92,442402747
16672441,359,255,104,428508345
16896601,326,217,109,434905519
18881809,334,238,96,491921737
15679441,282,210,72,400284437
18157441,208,142,66,471042291
19631329,245,166,79,513614477
16166641,275,188,87,414108699
15170401,282,187,95,385886675
15429241,201,149,52,393201983
17159041,263,172,91,442404397
17903929,278,185,93,463754633
17661169,206,140,66,456785321
15947689,334,221,113,407890555
16896769,357,258,99,434909953
15679561,252,180,72,400287917
18882049,282,171,111,491929177
18405601,323,225,98,478185321
19148809,259,178,81,499639453
17424289,218,152,66,449995471
16397761,188,127,61,420682879
19390681,302,216,86,506640583
18157609,352,269,83,471046839
18639961,317,232,85,484940037
16672849,356,248,108,428519793
16167001,296,197,99,414119487
19894921,233,157,76,521263505
15170521,303,208,95,385889669
17159521,267,184,83,442417861
15679969,269,179,90,400299743
19631809,280,195,85,513629037
17662129,350,241,109,456812279
16896889,376,267,109,434913313
17904769,223,160,63,463778161
18883201,289,195,94,491962531
15429409,349,251,98,393206579
15947761,302,215,87,407893015
16168489,222,151,71,414162165
18159409,250,166,84,471098289
19390729,295,203,92,506641933
15170929,315,212,103,385901171
17424481,342,237,105,450000649
16398001,220,151,69,420689293
18405769,379,265,114,478190625
17159809,370,274,96,442426319
16673161,388,266,122,428529105
15681649,234,158,76,400346645
19148929,379,245,134,499642567
18640561,280,199,81,484957815
19895761,334,236,98,521287831
18884209,377,277,100,491991289
17662681,176,119,57,456829085
16168681,187,128,59,414167169
17904889,283,181,102,463781887
15172081,238,160,78,385934189
18160801,253,171,82,471139059
16897129,321,221,100,434919001
15949081,283,184,99,407930293
15430321,169,107,62,393231569
19391521,360,268,92,506664691
17425081,274,186,88,450018115
19631929,339,266,73,513631941
17160049,271,179,92,442432613
16398169,360,250,110,420694321
16169689,429,281,148,414195825
15682129,221,158,63,400359587
17662849,260,178,82,456833615
16673281,279,191,88,428533041
18406369,307,215,92,478207521
18885049,273,184,89,492015367
17905729,411,282,129,463805917
15172369,199,140,59,385941983
19896241,269,179,90,521302639
16898449,305,202,103,434957131
19149001,339,249,90,499644889
18641449,290,192,98,484983201
19392601,394,276,118,506695501
17425129,307,221,86,450020287
15430969,248,161,87,393250403
15949201,273,188,85,407933353
17160529,274,186,88,442446209
18161089,291,203,88,471146103
16170001,173,109,64,414204375
18886081,283,201,82,492045995
18407041,337,226,111,478227219
16898569,247,168,79,434960599
17906281,309,199,110,463821235
19632169,358,264,94,513639297
17662969,299,209,90,456837401
16398649,298,199,99,420708511
15682321,211,148,63,400365179
19896529,277,175,102,521310579
17425801,244,178,66,450038989
15172441,281,193,88,385943897
16673329,317,222,95,428534367
19393249,352,250,102,506714821
17160889,278,192,86,442456553
15431089,237,161,76,393253625
15949249,314,214,100,407934817
19149649,269,167,102,499664357
18161641,273,196,77,471162129
18642961,280,180,100,485027593
16900249,334,204,130,435008049
17906641,335,239,96,463831573
18407281,254,175,79,478234491
18886849,325,237,88,492067035
16170169,371,260,111,414209229
17425921,357,235,122,450042373
17663209,352,225,127,456844409
15683329,352,232,120,400394519
19896601,408,282,126,521312397
16398769,308,194,114,420711985
15173209,315,231,84,385965305
17161201,197,151,46,442466523
19393441,336,238,98,506720119
16674529,311,228,83,428568225
19633681,293,193,100,513683037
18161809,369,246,123,471166575
16900801,258,174,84,435024471
17907121,242,157,85,463846735
15431329,238,160,78,393260369
18887569,378,267,111,492087879
15949441,218,145,73,407940565
17428849,222,149,73,450126265
18407929,304,203,101,478252797
17663641,329,218,111,456856025
16171681,276,190,86,414252397
18643081,325,227,98,485030653
19150441,393,271,122,499686449
17162881,345,245,100,442513941
19898761,254,178,76,521374731
15683641,338,234,104,400402679
15174721,254,169,85,386008595
19393921,265,191,74,506734087
16398841,315,214,101,420713707
18162769,296,218,78,471195297
17907289,228,151,77,463850779
15431809,249,176,73,393273705
19633849,238,160,78,513687663
16676521,280,192,88,428624223
17429521,235,158,77,450145441
18887689,339,241,98,492091461
16900969,339,227,112,435029685
18408121,259,182,77,478258149
16172041,315,209,106,414262573
15950449,243,181,62,407968883
17663809,231,161,70,456862295
19898881,386,258,128,521378007
18163441,270,169,101,471213687
18643129,407,296,111,485032189
17907649,311,213,98,463860931
17163001,238,167,71,442517391
15684169,324,234,90,400418009
19150489,342,236,106,499687589
17430001,250,172,78,450159343
15175801,246,147,99,386038871
19394209,309,196,113,506741881
16399609,296,201,95,420735877
18887929,334,223,111,492098729
19635361,256,156,100,513731349
16172521,228,150,78,414276745
15432601,365,263,102,393296679
16676809,338,235,103,428632953
17664721,342,237,105,456887135
16901161,324,222,102,435034947
15950761,255,175,80,407978153
18163609,420,286,134,471218127
18408289,273,184,89,478263483
19898929,369,257,112,521379465
17430121,382,247,135,450162385
18643249,311,219,92,485035699
17908249,365,260,105,463877737
15684601,273,189,84,400430045
16172809,204,135,69,414285085
18889081,252,157,95,492132029
15176281,388,275,113,386052905
19635841,246,172,74,513744801
17163169,260,188,72,442521909
15432841,378,250,128,393303197
16399681,247,162,85,420737905
19151689,393,279,114,499723439
19394281,268,172,96,506743945
18164161,177,130,47,471234693
16901641,275,176,99,435048561
16677049,202,146,56,428640369
17431009,287,199,88,450187987
17665729,235,161,74,456915771
16173889,198,139,59,414315607
17909329,266,182,84,463909147
19899049,242,178,64,521383965
18409801,309,226,83,478306485
15950881,232,150,82,407981657
18643321,280,204,76,485037199
18889201,283,203,80,492135881
15684649,285,196,89,400431419
19637209,287,212,75,513784635
15176569,275,174,101,386060375
18164281,276,184,92,471238155
17431201,376,271,105,450193447
17163409,318,228,90,442528797
15433321,288,204,84,393317771
16175161,223,153,70,414351313
16401169,308,214,94,420780469
17909929,217,148,69,463927093
18409969,350,238,112,478311363
19899721,326,222,104,521402757
16902169,278,196,82,435063255
16677481,324,231,93,428651475
18889369,377,261,116,492139751
19152961,233,158,75,499759325
19394761,217,146,71,506757859
15950929,274,188,86,407982905
18644641,255,174,81,485076397
17666041,344,223,121,456924633
19637641,284,200,84,513798075
15684769,243,171,72,400435049
18164689,204,135,69,471249565
17431369,362,249,113,450198007
16176169,299,205,94,414379639
15176641,292,210,82,386062001
15433489,239,164,75,393322427
17910001,362,261,101,463928789
18410641,371,260,111,478330625
19899889,213,149,64,521408457
17163721,286,188,98,442538541
16401529,268,184,84,420790621
18644809,256,177,79,485080963
18889921,248,170,78,492156155
16902841,259,177,82,435082659
16678201,241,164,77,428673279
16176241,316,229,87,414381283
18165001,274,186,88,471258595
15434161,332,217,115,393340871
15951721,325,230,95,408005123
19637689,276,185,91,513799461
17431969,173,127,46,450216403
19153201,256,170,86,499766699
17666161,324,215,109,456927759
17910601,219,138,81,463945967
19395121,301,222,79,506768497
15685321,271,185,86,400450871
18411409,229,139,90,478352477
15176809,300,209,91,386067461
19900801,276,207,69,521434125
18645841,309,215,94,485111109
15434329,238,148,90,393345491
16176841,281,192,89,414399053
17163841,319,216,103,442541403
18166801,283,186,97,471310365
16402129,354,246,108,420808051
17432521,305,224,81,450231199
16903009,324,232,92,435087609
18890761,352,230,122,492179369
17911681,286,196,90,463976393
19637809,198,142,56,513803505
16680241,368,253,115,428730417
15951961,265,182,83,408012143
15685489,326,210,116,400456199
15177241,286,194,92,386080361
19901641,365,239,126,521458329
18411961,278,186,92,478368197
15434689,270,180,90,393355501
17666401,210,143,67,456935709
19153681,247,172,75,499780631
18646489,258,175,83,485128827
19395769,446,302,144,506786013
18167041,272,193,79,471317013
17433529,250,164,86,450260041
16903489,252,156,96,435100851
16177849,285,207,78,414428081
18890881,212,132,80,492183377
19638721,271,185,86,513828405
16402369,229,154,75,420814633
17911849,399,283,116,463981235
17163889,298,198,100,442542645
15435289,316,233,83,393372121
18412081,304,219,85,478371833
15953449,279,190,89,408053709
16680889,276,181,95,428749361
19902241,258,182,76,521476533
15178249,306,205,101,386109005
15686329,262,173,89,400479857
18647281,219,148,71,485152623
17434201,288,208,80,450279895
18167881,314,205,109,471341535
16904521,258,179,79,435130817
17666569,347,234,113,456940449
17912161,252,177,75,463991171
15435361,396,273,123,393373765
19153969,308,208,100,499788809
18891289,331,212,119,492196085
19640209,244,165,79,513872265
19395889,401,278,123,506789691
16177921,252,183,69,414429881
18413089,353,232,121,478400369
16403809,253,178,75,420854455
17164249,305,223,82,442553349
19903129,276,183,93,521501193
17436049,231,166,65,450332887
18168049,277,182,95,471346089
15953569,333,213,120,408056613
16905961,283,211,72,435171437
15178921,254,185,69,386127591
16681081,246,158,88,428754953
15686689,334,243,91,400490045
17914129,269,189,80,464047385
19154209,380,289,91,499795415
19641169,346,238,108,513899955
18648121,302,225,77,485175837
15435529,334,237,97,393378925
18892129,305,207,98,492220931
17667049,265,187,78,456954201
18413809,345,234,111,478421303
17436241,266,166,100,450337741
15179089,279,197,82,386132061
16178401,362,235,127,414443159
19903321,293,205,88,521507361
18168361,324,221,103,471355181
16404361,281,192,89,420871039
16906369,269,186,83,435182387
19396129,236,165,71,506797695
17164561,342,235,107,442561701
15954409,373,249,124,408081771
19154809,230,162,68,499813139
15687169,258,174,84,400503101
16681681,299,193,106,428771987
19641889,270,201,69,513920853
15179761,258,179,79,386151141
18648529,245,172,73,485187267
18892561,216,150,66,492233231
17436409,259,177,82,450343609
18413929,297,211,86,478425635
15435841,237,165,72,393388081
17914201,382,272,110,464049107
18168481,241,174,67,471358993
19903921,292,196,96,521525151
16178521,400,278,122,414446471
17668249,212,161,51,456988535
16906969,323,233,90,435200525
17164681,284,198,86,442564677
16404529,253,164,89,420875725
19156321,342,240,102,499856363
15955321,359,226,133,408106437
17436721,265,173,92,450351835
15687361,355,225,130,400508153
15179809,288,194,94,386152209
18414001,236,156,80,478427909
19642081,267,166,101,513926373
19396801,227,164,63,506816757
16681849,318,213,105,428775833
18892801,348,247,101,492240893
18168721,259,185,74,471365671
15436009,275,180,95,393392875
16178689,347,248,99,414451661
19904809,301,209,92,521550525
18648841,330,226,104,485197611
17914801,258,169,89,464065973
17166601,200,130,70,442620099
16907521,211,141,70,435216341
17668561,235,165,70,456998321
19157041,292,190,102,499877615
16404649,284,197,87,420878773
18414169,305,191,114,478432085
17437009,346,247,99,450361009
19642729,327,229,98,513945307
15955921,260,179,81,408124281
15436849,325,209,116,393416551
18168889,345,252,93,471370831
16180249,270,188,82,414495827
15180001,271,170,101,386157705
15687961,278,184,94,400525307
18894241,221,152,69,492281201
19905169,348,241,107,521561565
16682401,267,191,76,428792405
18648961,250,171,79,485200539
19397569,217,140,77,506839305
19157329,219,160,59,499886201
17437081,355,244,111,450362623
18416161,264,187,77,478489895
15439201,309,221,88,393482959
17167081,233,145,88,442633539
17915641,347,248,99,464090147
16908049,280,191,89,435231185
18169201,363,241,122,471380197
17668921,262,172,90,457007555
16405201,278,193,85,420894917
19642849,344,227,117,513948469
18894649,308,223,85,492292733
15957649,412,286,126,408173259
15180481,261,175,86,386171057
16180369,296,203,93,414499583
15688009,269,190,79,400527089
19905481,310,220,90,521570319
18649009,281,195,86,485201709
19398121,279,189,90,506855325
15439321,330,237,93,393486193
16682761,275,187,88,428801789
19157401,303,211,92,499888319
18416329,271,195,76,478494275
18169321,252,166,86,471383755
17916049,433,309,124,464102219
17437561,301,209,92,450376789
19643089,318,204,114,513955705
16908481,315,194,121,435243407
17167201,251,178,73,442636551
18895801,253,185,68,492326309
16405729,364,252,112,420910229
19906489,259,183,76,521599821
15181321,217,148,69,386195957
17669569,248,164,84,457026593
18649129,377,267,110,485204775
15958321,311,206,105,408192171
15689209,455,313,142,400560587
16180441,340,250,90,414501227
19398481,343,242,101,506864739
15439561,219,150,69,393492895
19157881,323,219,104,499901123
18416689,293,207,86,478504193
18169561,308,221,87,471389983
16683361,293,195,98,428820233
17916649,277,179,98,464119185
16908649,316,223,93,435248355
18897601,331,209,122,492377399
17168089,366,250,116,442661805
19644529,318,225,93,513997697
19906849,297,197,100,521610165
18649201,375,257,118,485206857
17437921,243,172,71,450386257
19398961,318,208,110,506878785
16407049,277,195,82,420948215
15181609,234,147,87,386204375
19158049,296,197,99,499906305
15690049,229,166,63,400584659
15958441,252,169,83,408196623
15439729,339,254,85,393497923
16181761,266,180,86,414538625
17669929,396,263,133,457036133
18170041,323,219,104,471403507
17916721,313,204,109,464121033
17169289,257,160,97,442696989
18417169,243,168,75,478519077
16909561,286,187,99,435274205
16683529,293,208,85,428824817
18898609,340,235,105,492406619
18649681,317,222,95,485221893
19907161,289,197,92,521619135
19644769,294,207,87,514004519
19400089,305,204,101,506913561
15690721,299,218,81,400603043
18170881,246,186,60,471428431
17438929,382,250,132,450415099
19158169,312,214,98,499909689
15182329,318,218,100,386223455
16408681,310,203,107,420993737
15440041,277,195,82,393506635
17916889,288,197,91,464126493
15958489,335,227,108,408197625
16909729,230,154,76,435279317
17169601,224,161,63,442706031
16181881,260,175,85,414542825
18898681,373,254,119,492408293
17670241,259,179,80,457045547
18650041,241,154,87,485231589
19907281,303,194,109,521622873
15691729,209,146,63,400631989
16684081,328,206,122,428840195
18418369,489,333,156,478552959
18171001,227,158,69,471431659
15182521,318,208,110,386228615
16910041,216,140,76,435289133
17917561,330,246,84,464145387
17171449,282,185,97,442758425
19158409,277,174,103,499916325
16182121,282,193,89,414549761
18899449,388,257,131,492430909
19400929,278,185,93,506937663
17439529,348,238,110,450432205
19645369,286,203,83,514021277
16408849,368,264,104,420998015
15440401,263,174,89,393516583
15959161,291,194,97,408216387
15692041,270,174,96,400640803
18651049,350,220,130,485260509
15183361,203,144,59,386252945
18171169,290,185,105,471436345
17670529,415,300,115,457053875
16685761,270,174,96,428887655
16910401,280,200,80,435298931
17172241,281,189,92,442781849
19907449,291,192,99,521627199
16182289,356,247,109,414553823
18418969,333,239,94,478570965
17918161,363,250,113,464162577
15692401,305,215,90,400650967
19158889,282,194,88,499929855
18900121,249,161,88,492450829
15183529,295,194,101,386257127
18651361,222,144,78,485270517
15440881,248,158,90,393531019
19401169,326,228,98,506944149
19645609,244,160,84,514028741
16408921,238,170,68,421000451
15960169,206,140,66,408245487
17440201,241,166,75,450451093
18171721,327,208,119,471451663
17173129,234,156,78,442806721
15693169,398,278,120,400672609
17671249,311,219,92,457074509
17918209,270,192,78,464164023
16686289,293,205,88,428903291
18900169,505,378,127,492451813
16911409,316,220,96,435327521
16182601,288,201,87,414563633
15184369,341,223,118,386281355
15441001,282,197,85,393534535
18651481,331,226,105,485273193
19646041,234,150,84,514041341
18419641,336,241,95,478589589
19401601,378,271,107,506956275
19907521,283,204,79,521628861
19159009,307,220,87,499933701
15693721,223,161,62,400689421
17173489,334,247,87,442816939
18171889,371,240,131,471456625
16409689,383,268,115,421022693
15960289,281,216,65,408248799
17441041,296,210,86,450475455
15184969,316,212,104,386297579
18900289,272,191,81,492455917
16911841,305,214,91,435339761
17918569,283,201,82,464174427
15441409,281,205,76,393546313
16182769,331,238,93,414567869
18651889,271,184,87,485284509
17671441,453,322,131,457079609
16686961,263,174,89,428922833
15693841,301,209,92,400692301
19401769,239,163,76,506962089
17174089,290,208,82,442834683
15185041,225,150,75,386300255
16409929,258,169,89,421029173
18172249,314,229,85,471467155
17441761,291,208,83,450496143
18419689,332,244,88,478591353
16912681,365,257,108,435364571
15960961,184,123,61,408267675
18900361,290,197,93,492457639
19646881,323,210,113,514065167
15441841,278,184,94,393558409
19159729,275,174,101,499955529
19908289,338,229,109,521651893
18653209,242,159,83,485323065
15694561,218,145,73,400712923
15185689,302,200,102,386318881
17919169,292,197,95,464192103
16183441,279,182,97,414587753
17174761,335,234,101,442853877
19402441,277,196,81,506981151
16687129,416,276,140,428927081
17671609,292,211,81,457085975
17442049,241,160,81,450504447
16912729,254,174,80,435365867
18172729,275,182,93,471481267
15442249,241,159,82,393569401
18900529,448,321,127,492462055
16410409,284,203,81,421043141
19646929,258,178,80,514066985
15961009,265,174,91,408268809
15185809,253,172,81,386321797
18654169,279,182,97,485350697
18420361,325,232,93,478610481
15694681,305,207,98,400716067
19159849,291,209,82,499958301
17442121,251,171,80,450506433
19909849,289,207,82,521696961
15442849,253,183,70,393586417
16913761,280,187,93,435394185
17671921,267,187,80,457094189
16184569,272,192,80,414619133
18900961,292,202,90,492474643
18172849,367,251,116,471484273
17919409,264,182,82,464199297
17175481,324,227,97,442874925
16687729,234,164,70,428944631
15186481,272,190,82,386340865
19402489,411,273,138,506982681
15694849,272,187,85,400721407
16411081,336,251,85,421062653
18654841,318,206,112,485369987
15961129,369,263,106,408271551
19647601,269,188,81,514086407
16914409,278,196,82,435412365
17442721,286,204,82,450523401
15444241,245,154,91,393626251
19910809,241,153,88,521725209
18420889,313,226,87,478625601
15189001,309,220,89,386411207
18901681,344,248,96,492495739
18173521,270,179,91,471503515
17672089,352,247,105,457098939
15695089,235,152,83,400727689
19403521,258,184,74,507013035
16185289,354,228,126,414639743
19160521,239,162,77,499977381
16688281,215,154,61,428960123
17177161,230,161,69,442923687
18655561,248,166,82,485391167
17919721,293,213,80,464208207
15444409,406,293,113,393630739
16915081,357,235,122,435432639
17442769,285,178,107,450524613
16411201,262,179,83,421066097
15189841,332,231,101,386435477
15961201,208,143,65,408274005
18901801,327,234,93,492498907
17672761,288,200,88,457118013
18173689,322,221,101,471508387
15695521,275,172,103,400739605
19403689,439,305,134,507017391
19647721,311,211,100,514089371
15445249,273,180,93,393653693
18421201,262,186,76,478634775
18655849,261,153,108,485399237
17919841,208,142,66,464211075
19911049,485,337,148,521731383
16186129,374,269,105,414663281
16688449,325,245,80,428965109
15190009,262,172,90,386440271
17443561,316,211,105,450547809
19160689,339,237,102,499981971
17178001,218,146,72,442946477
16915369,282,181,101,435440745
17672929,269,171,98,457122861
18902041,287,178,109,492506485
16411441,223,148,75,421072073
15961849,306,202,104,408292485
15695929,310,230,80,400751107
15445921,342,234,108,393671967
15190921,307,202,105,386466743
19404001,348,246,102,507026595
17920561,287,200,87,464231169
16688569,373,274,99,428968319
17443969,362,254,108,450559197
18174361,292,218,74,471527761
18656929,313,226,87,485430809
16186249,280,197,83,414666827
19647961,264,180,84,514096745
18422329,274,182,92,478666819
15696361,292,199,93,400763227
17673121,277,207,70,457128363
15446209,251,149,102,393680415
18902641,296,188,108,492523609
19911361,276,195,81,521741751
15191401,221,153,68,386479543
17178289,411,304,107,442954265
16915609,320,210,110,435447735
15962521,304,209,95,408311781
19161361,376,253,123,500001657
16411921,238,150,88,421086023
17921521,308,209,99,464259159
17444569,333,232,101,450575829
19404841,287,199,88,507050479
16689481,321,209,112,428994335
15696409,313,222,91,400764583
18658369,261,179,82,485472911
15447121,354,240,114,393707205
18903649,326,225,101,492551879
16186921,228,151,77,414686315
15191929,300,192,108,386494537
18175081,286,207,79,471549241
17445121,253,176,77,450592509
17921569,320,214,106,464260815
17673769,215,145,70,457146361
18423169,370,263,107,478690559
16689649,281,194,87,428999213
19404961,282,190,92,507053263
19648561,285,194,91,514114817
15697081,250,180,70,400784323
17179009,244,153,91,442975445
15962689,295,219,76,408316125
16916089,263,178,85,435461121
16412281,296,212,84,421096181
19912201,275,194,81,521765517
15447769,251,171,80,393725343
15192241,260,187,73,386503075
16187089,311,219,92,414690545
18658921,349,248,101,485488217
19162249,365,255,110,500027451
18904489,307,203,104,492576005
17922361,274,186,88,464283759
16690129,157,106,51,429013679
15697369,372,270,102,400791751
19405369,253,184,69,507065353
18175249,268,175,93,471553573
19648729,335,239,96,514119425
17445289,257,179,78,450597585
17674609,292,214,78,457170913
15192361,323,226,97,386506555
16187161,246,168,78,414692843
15447961,262,177,85,393731451
15963721,242,148,94,408345417
18423241,263,192,71,478693091
17179681,290,199,91,442994525
16413049,267,178,89,421118321
16916209,358,250,108,435464211
19912369,312,220,92,521770383
18905329,268,203,65,492601797
17922769,376,274,102,464295771
15697609,231,153,78,400799553
18659041,385,271,114,485491421
15192409,272,184,88,386507473
16691089,321,216,105,429039833
19162441,251,155,96,500034327
17674729,352,260,92,457174165
15448969,351,246,105,393760017
16187329,306,222,84,414697439
19649281,266,171,95,514136027
19405681,270,165,105,507074203
17446249,320,235,85,450625581
18176089,282,194,88,471578089
18905401,290,198,92,492604287
15698209,260,176,84,400816467
15964321,305,222,83,408363705
15192601,328,226,102,386513443
16413289,318,210,108,421124897
17179801,248,171,77,442997933
16691809,274,184,90,429061007
16916281,376,254,122,435466233
18423841,313,233,80,478710287
15449281,266,177,89,393768537
17675401,280,197,83,457193293
17924209,321,221,100,464336865
19649809,291,197,94,514150247
19912489,264,173,91,521773431
19163041,258,174,84,500051715
19405801,343,241,102,507078001
18660721,231,157,74,485539991
16187641,315,215,100,414706817
15698281,249,162,87,400818765
15192769,243,179,64,386518051
18906049,334,239,95,492623103
16695001,206,142,64,429151803
17179969,266,180,86,443002835
15449449,254,174,80,393772473
17446969,372,261,111,450645165
17676649,296,188,108,457229161
15965041,261,188,73,408384105
18176209,333,223,110,471581359
16413769,339,227,112,421138397
15698929,278,180,98,400835991
16916761,356,241,115,435480201
19164601,205,133,72,500096649
19405849,170,113,57,507079345
19650289,334,251,83,514163927
18424561,261,175,86,478730951
15193609,506,356,150,386540941
17924449,304,214,90,464343633
16695121,198,132,66,429154581
15450241,245,163,82,393795057
16187761,307,216,91,414709481
19912561,242,165,77,521775591
18906241,313,217,96,492627609
17447161,353,257,96,450650703
18660769,247,170,77,485541293
17677489,241,163,78,457253465
15699049,248,177,71,400839621
17181049,242,170,72,443034053
15965161,271,185,86,408387243
19164889,264,173,91,500105205
15194041,284,173,111,386553667
19650409,274,184,90,514167581
19406521,245,160,85,507099585
16413889,313,211,102,421141847
16696129,306,225,81,429183397
18176761,334,228,106,471597127
16916929,325,212,113,435485379
15699769,432,323,109,400860093
17448649,271,171,100,450692979
15451129,211,150,61,393820461
18425089,316,214,102,478745861
17678641,266,188,78,457287383
17925121,283,194,89,464363067
16188649,311,201,110,414735063
17181721,311,226,85,443052561
15194449,240,150,90,386565521
18906409,356,245,111,492632385
19164961,262,189,73,500107119
18661129,293,208,85,485551787
18177721,246,161,85,471625801
19913041,280,173,107,521789667
19406689,221,143,78,507103695
15966169,340,232,108,408415107
16696369,335,235,100,429190357
15699889,317,225,92,400863321
17449009,276,197,79,450704097
16413961,255,163,92,421144247
16917721,263,186,77,435507357
17678761,240,166,74,457290683
19652089,347,246,101,514216759
17182201,268,183,85,443065503
15195121,423,286,137,386583857
15451489,215,140,75,393830325
18906721,246,171,75,492641625
19165441,196,131,65,500120823
16188841,271,187,84,414740499
17925601,244,160,84,464377263
15700609,266,185,81,400883337
18425401,330,230,100,478755605
16696681,209,150,59,429200371
18177769,247,159,88,471627043
17449609,254,180,74,450720705
15966241,272,182,90,408417231
15195601,207,137,70,386599151
17678809,276,189,87,457292135
18661561,328,229,99,485565071
17182729,268,189,79,443081205
16414441,343,250,93,421157381
19407361,263,178,85,507123663
19913209,344,231,113,521794365
18906841,293,191,102,492645111
16918129,389,264,125,435518673
16696969,235,174,61,429207709
17925889,299,200,99,464384667
15452329,296,205,91,393854433
15700969,312,198,114,400893813
19165561,333,227,106,500123733
18178609,265,175,90,471651685
19652929,338,237,101,514240795
17450161,223,149,74,450737223
16189441,241,159,82,414757101
15195721,244,173,71,386602283
18425521,208,145,63,478759553
17183161,270,180,90,443093703
17679001,279,199,80,457297877
15967729,340,243,97,408459021
15701449,265,175,90,400908363
16697041,194,125,69,429209845
18907729,336,229,107,492671121
17925961,274,166,108,464386983
19166281,291,197,94,500144649
16414729,300,202,98,421165451
17450281,255,169,86,450740091
18662641,474,325,149,485595327
18179569,304,228,76,471678313
15452809,254,188,66,393867615
15196729,280,198,82,386630543
16919281,334,230,104,435552483
19407529,289,208,81,507127887
19913329,393,279,114,521797785
17184049,259,180,79,443118585
16190521,358,252,106,414788043
15703489,315,225,90,400965059
17679169,356,245,111,457302191
19653841,373,250,123,514267537
16698481,315,209,106,429251317
17927449,310,207,103,464430347
17451169,312,207,105,450765585
19166809,357,249,108,500158571
15968521,314,205,109,408481639
18425689,335,232,103,478764041
18907849,301,200,101,492675351
15196801,349,243,106,386632379
18180289,316,229,87,471698887
15453001,209,150,59,393873969
16414969,351,252,99,421173467
15704641,250,172,78,400997939
17185009,327,212,115,443146335
16919401,323,210,113,435555201
18663121,205,154,51,485610009
16698889,311,194,117,429262537
16191001,310,203,107,414802155
17451361,286,198,88,450770955
17928649,413,295,118,464464405
17679841,248,167,81,457320899
19407649,342,239,103,507131313
19914721,261,177,84,521839779
19168249,193,133,60,500201581
15197401,322,231,91,386649191
18181921,228,150,78,471746769
15453481,347,240,107,393886743
15706441,382,257,125,401047745
18908521,252,162,90,492693729
15968761,254,160,94,408488875
19654321,333,225,108,514281013
17185849,340,227,113,443170425
18425929,304,210,94,478770959
16415281,251,183,68,421182845
16699369,273,197,76,429276127
17451529,257,172,85,450776295
15197449,340,239,101,386650289
15453649,253,166,87,393891513
15706681,270,186,84,401055899
16919449,273,187,86,435557073
18182761,304,210,94,471770463
19168801,356,257,99,500217169
16191121,261,180,81,414804939
19409329,307,211,96,507180237
18663289,299,213,86,485614083
18909529,280,210,70,492723615
17186761,280,206,74,443196567
17929321,259,167,92,464482817
17680321,250,186,64,457334597
15968929,314,213,101,408493519
19915009,277,201,76,521847939
19655161,296,202,94,514305619
15199321,289,177,112,386703191
17452681,279,191,88,450808895
15706849,260,174,86,401060009
15454009,313,218,95,393901935
16416241,282,191,91,421208987
18183481,255,181,74,471790857
18426241,272,191,81,478779509
19168969,349,242,107,500222209
16699561,302,209,93,429281947
19409569,243,173,70,507187539
18909601,314,221,93,492725685
16920289,231,154,77,435581391
17186929,287,198,89,443202141
16191529,325,220,105,414816525
15199801,292,199,93,386717663
15707161,256,175,81,401070179
18663409,324,216,108,485617299
15455161,310,213,97,393934665
19656121,293,189,104,514333885
17682169,352,242,110,457387697
17931601,326,211,115,464549675
15969529,205,132,73,408510751
18183601,379,268,111,471794283
16700401,224,154,70,429305029
17453209,328,237,91,450823925
19169089,304,218,86,500225353
19915561,425,282,143,521864019
19409881,311,219,92,507196497
16416289,304,216,88,421210223
15200641,240,169,71,386740649
18910249,344,234,110,492743379
15707449,364,267,97,401077439
18426361,380,257,123,478782695
15455449,219,144,75,393942651
16191961,336,218,118,414828429
16920481,321,222,99,435586725
17187409,287,203,84,443216889
18184009,336,239,97,471805653
16701001,271,184,87,429322837
18663481,302,209,93,485619567
17682289,251,172,79,457391435
19169329,231,156,75,500232559
19656529,293,200,93,514345133
15969601,391,267,124,408512587
17932489,217,132,85,464574833
19410049,325,210,115,507200925
15708001,185,135,50,401093393
16416409,249,166,83,421213559
15456169,241,171,70,393962773
18910369,261,178,83,492747447
17453521,306,219,87,450832429
15200761,239,173,66,386743799
16921129,243,160,83,435605511
16701049,247,167,80,429324079
18184489,271,194,77,471819381
19915681,370,250,120,521866989
18427921,388,265,123,478827545
16192129,352,236,116,414833367
18664801,257,181,76,485657283
15708361,237,158,79,401103015
19169641,286,174,112,500241727
17188081,230,162,68,443235225
15456361,454,329,125,393968233
17682361,254,175,79,457393889
18910609,232,145,87,492753525
15969769,358,248,110,408517375
16416649,280,210,70,421220503
16921921,222,150,72,435627789
17933161,319,211,108,464594267
16701241,343,235,108,429329041
19656961,280,203,77,514357763
15201001,245,166,79,386750351
19410169,320,212,108,507204153
17453809,368,254,114,450841273
15708841,255,179,76,401116905
18184681,245,171,74,471824967
15457129,244,160,84,393990279
18665761,273,177,96,485684469
19169809,363,260,103,500247241
19915729,302,200,102,521868777
18428929,348,230,118,478857413
18911041,355,245,110,492766251
17683681,164,121,43,457432127
16192201,254,169,85,414835107
16921969,273,177,96,435629337
17188441,286,182,104,443245521
16701409,344,227,117,429334483
15970081,188,126,62,408526345
15708961,295,205,90,401119959
17933449,275,191,84,464601863
16417129,241,171,70,421234453
15201649,281,197,84,386768351
19170841,385,268,117,500276233
18665929,367,277,90,485689239
15457201,252,180,72,393992169
18911881,352,245,107,492790887
17683969,277,190,87,457439873
17453881,199,135,64,450842989
19657129,348,255,93,514362641
16922161,178,125,53,435634383
19410841,324,233,91,507224361
16702009,266,192,74,429350833
15709009,325,222,103,401121135
18429721,297,203,94,478879409
18185329,279,199,80,471843933
16192369,377,256,121,414839967
19915849,375,257,118,521872029
17189929,224,147,77,443288147
15970369,373,250,123,408533641
18666481,257,183,74,485705957
15202441,186,126,60,386791473
16418761,282,207,75,421281761
17934121,263,190,73,464622191
17684209,235,161,74,457446281
18913561,408,281,127,492839235
16922929,281,188,93,435656019
15709801,303,204,99,401144391
16702561,331,239,92,429367675
15458041,246,148,98,394016049
18185449,297,196,101,471846909
18429769,297,192,105,478880939
19172449,264,170,94,500323051
17454049,327,218,109,450847915
16192681,328,229,99,414849865
19657201,297,197,100,514365305
19411681,279,188,91,507248283
15709849,235,162,73,401145525
16923001,433,297,136,435657873
17934361,319,210,109,464629181
18913969,338,251,87,492850455
17684521,311,207,104,457455053
15970609,335,212,123,408541057
19916569,253,165,88,521892537
18667009,230,153,77,485721305
17190601,355,234,121,443306663
18185521,305,206,99,471848733
15202849,302,205,97,386802381
15459529,315,215,100,394058763
18430609,257,163,94,478905251
16418929,386,254,132,421285823
16702681,281,198,83,429370657
17454361,220,158,62,450856903
15710041,322,215,107,401150673
19172689,324,206,118,500329735
16923481,342,225,117,435672225
17685361,223,152,71,457480799
16192849,227,145,82,414854371
19658209,316,216,100,514395341
17935129,322,222,100,464650103
15460369,271,188,83,394081533
18914449,329,226,103,492865539
18186121,405,291,114,471866343
15971089,310,203,107,408555079
18432241,293,203,90,478952799
15203329,291,199,92,386816691
19916761,351,247,104,521898171
18667321,332,241,91,485730701
19411849,342,237,105,507252933
15710209,285,211,74,401155815
17455561,534,367,167,450890329
17190721,259,165,94,443310179
16420441,269,175,94,421328555
16702849,243,166,77,429376129
16923601,286,191,95,435675729
15460729,242,166,76,394091977
17685649,308,217,91,457488797
17935201,382,265,117,464652713
18187369,331,227,104,471901953
18432409,332,225,107,478956909
15710641,362,245,117,401167647
16193209,312,215,97,414864589
19173001,297,196,101,500339227
19658641,289,221,68,514407197
18667489,301,209,92,485734685
17456209,246,168,78,450909143
15203449,277,189,88,386819607
15971281,315,213,102,408560269
18915121,231,160,71,492884151
16923649,306,202,104,435676557
15461401,370,256,114,394111519
17685721,315,202,113,457490603
16421161,404,267,137,421349675
17935849,286,191,95,464670647
17190769,290,201,89,443311661
19917361,284,187,97,521915385
19412401,303,205,98,507268815
16703689,279,206,73,429399541
15710689,350,235,115,401169093
18187681,286,205,81,471910641
19173361,216,148,68,500349517
18432481,307,219,88,478959531
18667609,332,231,101,485738975
16923769,334,231,103,435679815
16193641,232,173,59,414876697
17457049,216,144,72,450933215
15462721,282,207,75,394149145
15203689,379,275,104,386826663
15973801,361,246,115,408631735
17687041,244,167,77,457527907
19658689,278,191,87,514408559
15711361,298,200,98,401188725
18915649,203,135,68,492898755
18188641,217,149,68,471938637
16421521,243,173,70,421359689
19173529,244,181,63,500353993
17936041,338,240,98,464675723
18432649,235,153,82,478964439
17191441,246,166,80,443331221
15463249,318,208,110,394163935
16704529,417,304,113,429422443
16924489,313,216,97,435700857
19917769,336,219,117,521927751
18667849,332,224,108,485746295
19412761,224,148,76,507279625
17457241,349,234,115,450938135
15711529,285,210,75,401192805
16193689,325,226,99,414877795
15204169,363,259,104,386840343
18915961,232,174,58,492908295
18188689,258,180,78,471939777
19658809,206,143,63,514412687
15974281,399,272,127,408646309
15464521,294,209,85,394199671
19175521,252,165,87,500412103
17687209,258,190,68,457532953
16925281,246,178,68,435723329
16422121,216,141,75,421377509
18668449,306,204,102,485764133
16705609,393,263,130,429454873
15711721,293,190,103,401198643
18434329,223,155,68,479013447
17191729,240,163,77,443339441
17936521,258,189,69,464690963
17458849,281,187,94,450984569
19918081,308,212,96,521936997
15464929,277,197,80,394210957
18189889,226,152,74,471975297
19413241,253,172,81,507294911
16194361,313,204,109,414897355
15204289,199,132,67,386843049
18916489,316,221,95,492922197
16925449,364,256,108,435727637
19176049,323,213,110,500426827
19659481,215,146,69,514431761
15974401,297,208,89,408648907
16706449,305,215,90,429478675
15712561,327,226,101,401222169
18669121,300,223,77,485782481
17687401,286,212,74,457538107
17459089,372,252,120,450991313
16422361,338,231,107,421383971
15466249,324,221,103,394248277
19918201,256,171,85,521939955
18190489,283,195,88,471992115
17192641,299,203,96,443364707
18434641,229,170,59,479023297
17936641,317,216,101,464694287
16926121,222,134,88,435747647
15712729,356,266,90,401227413
19414081,252,175,77,507318725
19176649,332,233,99,500445031
15204529,298,219,79,386850027
16194481,283,195,88,414900379
16706881,257,176,81,429490585
18669529,358,247,111,485794121
15974449,229,152,77,408650785
18916969,311,209,102,492936927
17459401,315,222,93,451000217
19659529,337,234,103,514433405
19919041,278,193,85,521963739
18190729,299,214,85,471999171
15466609,330,233,97,394258519
16926289,221,145,76,435752153
15713569,342,226,116,401250913
16422841,230,162,68,421398473
17687569,221,141,80,457542679
19414201,222,146,76,507322241
19177321,260,190,70,500463907
17193961,226,152,74,443403661
18434809,332,209,123,479027683
16707121,331,226,105,429497413
15204841,304,198,106,386859093
17936689,251,166,85,464695919
18669841,298,200,98,485803013
16194889,331,222,109,414911737
17459521,257,166,91,451004501
15714841,349,236,113,401285955
19659649,289,197,92,514437023
18191401,319,218,101,472017609
15976801,230,159,71,408717241
19919281,320,211,109,521971905
15467041,335,225,110,394270387
16926361,252,177,75,435753803
18917809,248,165,83,492961677
19414249,323,220,103,507323363
16423009,347,252,95,421402439
18435601,341,228,113,479049811
16707721,351,248,103,429515083
17688001,323,235,88,457556257
15715009,261,188,73,401291259
18670009,387,260,127,485807921
17194081,375,235,140,443406553
19178569,188,123,65,500500411
15205009,314,210,104,386863599
17460361,235,157,78,451029761
17937481,226,153,73,464718071
18192721,278,199,79,472056191
19659721,324,212,112,514438733
16195321,261,186,75,414923557
19920289,218,156,62,522000717
15976969,295,203,92,408722125
15467929,241,153,88,394296399
16708129,148,103,45,429525835
15716089,300,205,95,401322501
16927129,280,191,89,435776381
18435649,255,180,75,479051467
18670801,348,232,116,485829659
16423129,293,190,103,421405751
18193561,204,144,60,472080419
17937529,263,181,82,464719331
18918001,316,213,103,492967827
17460529,274,185,89,451034633
19660321,283,199,84,514456235
19415041,310,210,100,507345881
15205969,210,154,56,386891001
17688049,335,226,109,457557379
17194321,172,122,50,443413657
15468601,272,180,92,394315335
15716689,292,189,103,401339595
19921129,313,226,87,522024833
16196881,335,244,91,414969039
19178881,262,180,82,500509267
16708441,345,240,105,429534565
15977641,224,153,71,408740911
16927201,256,174,82,435778043
18670849,325,212,113,485831207
18194521,236,157,79,472108535
18436009,298,187,111,479061265
19662241,239,161,78,514511119
17460769,359,236,123,451040891
15716929,400,288,112,401346285
16423681,217,149,68,421420955
15470569,304,199,105,394370247
15206209,317,213,104,386898141
17937649,403,268,135,464722637
16708609,265,190,75,429539455
18920281,368,262,106,493032771
17688169,279,199,80,457560775
19921801,293,196,97,522043655
17195089,319,232,87,443434609
19415281,300,217,83,507352511
16197001,327,226,101,414972315
18671881,331,225,106,485861879
18195361,408,288,120,472131695
18436321,257,184,73,479070967
15977809,236,153,83,408745747
15717529,234,138,96,401364135
19179169,287,186,101,500517409
17461441,453,304,149,451060127
19662889,235,160,75,514529779
16927369,339,220,119,435783023
16708801,269,181,88,429544897
15470641,265,192,73,394372413
16197169,328,238,90,414977241
16423801,188,122,66,421424015
17688409,272,183,89,457567165
15206809,338,240,98,386914605
19922281,264,179,85,522058313
15718441,340,239,101,401388939
18195409,338,231,107,472133219
17939161,263,175,88,464765273
18436609,248,163,85,479078647
17195641,249,168,81,443450077
18920449,341,234,107,493038393
19663681,374,270,104,514553269
15471121,283,178,105,394386069
17462209,312,218,94,451081835
15978481,256,175,81,408765679
19415881,269,183,86,507370893
18672721,340,227,113,485886461
16197241,290,195,95,414979041
19179241,361,254,107,500519647
16928881,362,248,114,435826485
16709401,287,190,97,429561835
17690089,271,178,93,457616101
15719089,234,154,80,401407833
19924249,353,262,91,522115091
15207529,312,216,96,386934867
18196081,322,229,93,472152359
16424209,279,190,89,421436249
15471289,302,207,95,394390383
18436681,373,255,118,479080495
16198249,332,229,103,415008027
17463961,377,256,121,451132259
19663729,297,199,98,514554421
17939209,376,248,128,464766401
17195809,408,286,122,443455309
15720721,221,149,72,401453361
19179409,408,296,112,500523847
15978649,264,179,85,408769975
17690521,209,151,58,457627989
18920521,260,178,82,493040409
15207721,271,194,77,386941341
18673321,332,236,96,485903801
19924921,291,198,93,522134963
18196201,276,186,90,472155635
19416769,275,191,84,507395841
16710241,265,185,80,429586663
16929049,278,208,70,435831939
15471961,405,282,123,394409151
16424521,267,189,78,421444901
15721129,381,265,116,401464629
17464561,228,145,83,451148743
16198561,225,153,72,415016811
19180009,326,228,98,500542999
18437161,273,194,79,479094163
19665409,231,153,78,514602643
15207889,201,146,55,386945451
17690689,190,129,61,457632507
15472081,299,193,106,394413015
15978769,271,192,79,408773185
18196441,380,270,110,472162511
17196481,255,181,74,443474965
17939569,341,237,104,464777243
15721609,316,225,91,401478769
19925089,360,245,115,522139277
17464969,294,219,75,451161073
16711081,295,186,109,429609727
16929889,338,234,104,435855543
18922009,321,212,109,493083165
18673489,268,161,107,485908223
15208201,311,209,102,386954733
19180561,306,217,89,500557723
19416889,331,235,96,507399315
18437689,268,171,97,479109223
16426321,265,174,91,421496113
17691409,286,194,92,457652823
16200361,207,137,70,415067851
18197281,325,219,106,472187159
15721729,275,182,93,401482033
17196649,329,235,94,443479441
19665601,283,206,77,514607605
15472321,286,192,94,394419939
15979009,421,303,118,408780151
17466121,232,155,77,451194237
19925161,298,206,92,522141833
16711129,408,281,127,429611257
17939881,317,214,103,464786531
17691601,302,211,91,457658469
18438001,350,243,107,479118127
16930561,328,236,92,435874773
19180849,308,193,115,500566627
15209881,286,200,86,387001371
15721801,298,198,100,401483893
18197929,400,264,136,472206341
18922129,367,263,104,493086171
16427209,402,288,114,421520831
18673729,329,229,100,485915177
16200529,424,290,134,415072777
17466289,201,137,64,451198503
15472489,374,267,107,394425207
19416961,287,190,97,507401619
19925329,428,309,119,522146561
16711489,294,208,86,429621355
17196841,293,206,87,443484757
15979321,254,170,84,408789193
16931209,206,128,78,435893193
17692201,282,200,82,457675473
19180921,365,256,109,500568727
15724129,280,195,85,401550103
19666201,275,186,89,514625515
18438169,319,216,103,479123341
18198601,243,162,81,472226099
17940409,278,195,83,464800869
15210001,196,125,71,387005715
17466409,245,169,76,451201575
15473761,283,182,101,394461315
16427329,353,219,134,421524089
16201201,277,189,88,415091743
19925761,324,209,115,522159461
15724321,295,205,90,401555551
16932049,245,164,81,435916815
18923209,360,244,116,493117581
18674329,408,304,104,485932415
17692369,340,239,101,457681401
19181761,220,148,72,500592635
16711921,315,225,90,429634197
18438361,339,229,110,479128981
18198889,338,227,111,472233657
15979441,281,178,103,408792559
19417441,246,173,73,507416319
17197009,247,174,73,443489725
17466481,307,212,95,451203387
19666441,231,165,66,514632457
15474169,282,189,93,394471923
15210049,310,214,96,387006741
15724921,354,272,82,401571923
17940841,332,225,107,464814771
16932889,259,182,77,435940215
17692921,279,193,86,457697727
19183921,201,151,50,500654657
16427401,252,168,84,421527059
16201249,232,149,83,415092859
16712089,234,172,62,429638883
18199561,319,220,99,472253739
18438841,342,248,94,479143041
19926481,252,160,92,522180137
17466649,288,200,88,451208577
15725929,378,278,100,401601341
18924049,254,173,81,493141777
18674401,271,194,77,485934617
15980449,226,145,81,408820813
17197321,322,221,101,443498485
15474601,309,211,98,394484859
16933249,264,191,73,435950667
15210721,192,143,49,387025413
17693041,244,166,78,457700469
19417561,303,190,113,507419427
19667209,332,234,98,514654699
19184089,340,232,108,500659601
18199609,281,182,99,472255473
17467129,268,191,77,451222677
15727489,372,255,117,401645333
18439009,330,235,95,479147859
17941009,315,228,87,464818869
19928521,347,237,110,522239543
16427881,309,222,87,421540457
16201609,361,258,103,415102909
16712929,302,195,107,429662565
15474649,258,170,88,394485843
16933561,318,224,94,435960165
17694961,283,180,103,457755543
15980521,368,247,121,408823201
19417609,296,211,85,507421047
17467249,314,222,92,451225917
15211081,214,142,72,387035601
15727681,305,228,77,401651483
18675169,417,313,104,485956697
18924481,211,134,77,493153639
19184881,219,136,83,500682645
17197681,293,217,76,443508793
18439129,302,217,85,479151537
18199729,262,178,84,472258503
16713001,388,262,126,429664599
19667281,358,257,101,514656913
15474841,321,208,113,394491549
19929121,271,188,83,522257435
16934089,283,191,92,435974607
16428169,257,161,96,421548725
17695129,296,199,97,457760289
16202089,301,197,104,415116937
17942689,296,205,91,464867307
15728329,234,158,76,401669129
17467321,226,152,74,451227975
19417729,283,207,76,507423897
15982801,291,204,87,408886691
19185121,309,202,107,500689263
15211561,245,176,69,387049227
18199801,193,131,62,472260195
16713649,307,212,95,429683097
18442201,324,234,90,479239317
15476281,265,191,74,394531707
17198329,262,175,87,443527183
18677089,373,243,130,486011905
18925201,198,138,60,493175309
16934689,294,210,84,435991961
15729001,294,207,87,401688437
17467969,324,215,109,451246173
16429009,228,149,79,421571345
16203289,302,209,93,415150819
19667449,354,252,102,514662739
15212089,254,166,88,387063501
17695609,321,213,108,457773975
19185601,301,188,113,500703477
18200449,268,198,70,472278603
17942929,234,159,75,464874267
19418809,271,189,82,507455733
16713841,289,178,111,429689043
19929289,300,203,97,522262055
18443209,338,243,95,479268933
15982849,324,214,110,408888041
15476449,294,212,82,394536389
15729361,297,205,92,401698189
16935241,307,210,97,436007219
17468089,342,236,106,451249605
17198689,275,174,101,443537155
15212761,289,198,91,387082713
16714609,323,209,114,429710439
19186801,333,236,97,500737665
18677521,309,228,81,486024679
18200569,276,188,88,472282071
18925321,299,215,84,493178357
19419649,339,241,98,507479303
15477841,223,154,69,394575785
16429249,249,168,81,421579475
16204129,284,200,84,415174381
15730129,389,268,121,401720293
18443329,336,231,105,479272089
16935361,302,182,120,436011197
17695801,277,199,78,457779573
19667881,340,241,99,514674925
15982969,368,257,111,408891983
17468929,294,205,89,451274559
17943361,369,253,116,464886297
16714849,337,226,111,429716967
19930129,343,242,101,522286667
18201121,247,167,80,472298427
17199289,320,228,92,443554741
15730681,270,190,80,401736457
15478009,245,180,65,394580723
15212929,257,183,74,387087345
19187401,322,216,106,500754813
19420081,341,232,109,507492173
16935601,337,234,103,436017539
18443569,289,191,98,479279103
17469169,343,224,119,451280841
18678769,444,308,136,486060713
16429681,302,214,88,421591541
16204561,265,171,94,415187335
18926041,254,182,72,493199447
16715329,283,199,84,429731103
15983881,238,163,75,408918657
15730801,253,175,78,401739445
17696281,228,151,77,457793439
18201289,297,215,82,472303191
17943769,444,302,142,464898221
19668049,205,138,67,514679365
17200201,277,200,77,443580655
15478129,289,196,93,394583579
19187569,244,166,78,500760435
16935769,286,194,92,436022051
19420249,361,237,124,507496901
17470009,332,229,103,451305927
15213769,335,225,110,387111581
18444001,272,204,68,479291979
19930201,302,197,105,522288659
16715449,276,192,84,429734451
15730969,277,190,87,401744107
16204729,326,232,94,415193029
16429729,312,222,90,421592765
18926161,287,194,93,493202819
18201649,309,211,98,472313751
18679201,383,269,114,486072935
17696449,196,130,66,457798539
15984649,267,182,85,408940171
17201881,344,233,111,443629501
16936081,334,234,100,436031099
17470681,373,255,118,451324611
19188241,320,219,101,500778639
19420321,358,247,111,507499079
15478681,285,193,92,394599947
18444169,251,171,80,479296569
16716841,368,276,92,429774867
17944441,305,227,78,464917817
15731641,264,189,75,401763283
19668769,388,264,124,514700725
15214081,222,151,71,387120815
17697409,297,220,77,457825251
18201961,368,257,111,472323189
19931521,313,223,90,522326489
16936921,204,137,67,436056027
17471161,422,274,148,451338465
16206241,304,205,99,415235503
16429849,303,202,101,421596713
15731689,355,237,118,401764489
16718809,376,249,127,429830625
17202649,209,152,57,443651785
15985561,233,150,83,408966085
18926329,402,271,131,493207289
19188289,298,189,109,500780085
19420801,288,201,87,507513095
18679249,270,180,90,486074405
15214249,362,267,95,387125435
15478849,238,157,81,394604459
17697481,283,186,97,457827711
17945281,239,149,90,464942099
18444409,291,188,103,479303187
18202081,338,232,106,472326579
16937209,222,150,72,436064541
17471449,280,189,91,451346799
15731809,311,214,97,401767969
19669129,329,234,95,514710981
16718881,325,224,101,429832881
17203321,304,208,96,443670709
16206409,385,299,86,415240633
19188409,267,195,72,500783493
16430761,285,199,86,421622315
19421641,247,172,75,507536927
15214921,282,198,84,387144383
15986041,288,187,101,408978553
19931809,327,255,72,522335915
17697961,274,195,79,457841409
15479641,305,197,108,394627287
18927049,254,167,87,493229459
16937761,248,168,80,436080573
18203089,307,221,86,472355187
17471689,228,148,80,451353477
15732481,296,209,87,401786173
16719529,305,205,100,429850347
18680929,260,170,90,486122985
17206561,225,158,67,443763307
17946121,287,219,68,464966789
15215089,278,197,81,387148637
18444889,321,231,90,479317521
19188649,293,202,91,500790651
19423321,341,227,114,507585137
19669609,288,201,87,514724277
16207129,256,183,73,415260421
17698081,393,266,127,457844415
16432249,230,160,70,421665209
15732649,301,201,100,401791051
16937881,265,190,75,436083765
18203929,332,220,112,472379193
15986161,288,199,89,408982099
17472121,419,318,101,451364643
15480529,264,175,89,394651929
17207929,338,234,104,443802319
19932481,336,239,97,522354539
16719889,372,258,114,429861615
18445081,219,153,66,479323269
15215281,285,191,94,387153797
18927241,203,131,72,493234343
19189081,349,249,100,500803635
18681961,203,138,65,486152403
19423441,259,182,77,507588767
15733369,316,216,100,401812519
17946289,275,180,95,464971043
16938049,335,243,92,436087659
17698249,312,192,120,457849857
17472841,234,169,65,451387297
16207921,223,164,59,415282897
15480721,287,176,111,394656909
16432609,370,250,120,421674971
17208409,333,230,103,443815615
15986881,191,117,74,409003273
15216049,292,203,89,387175079
18204649,363,245,118,472399255
19670401,277,187,90,514747203
15734569,298,198,100,401845951
19190089,291,203,88,500833191
18445681,277,194,83,479339853
16720321,298,203,95,429873021
16938769,299,194,105,436108029
17698801,337,241,96,457865523
19423489,396,278,118,507589907
17473129,277,181,96,451395049
18927721,313,212,101,493248413
19933561,341,233,108,522386047
18683449,334,237,97,486194985
17948401,289,220,69,465031673
17209081,324,224,100,443835103
15216601,305,203,102,387191843
15481321,299,207,92,394674795
15735169,327,222,105,401862145
16208329,288,184,104,415294873
16433041,204,136,68,421687571
19670641,233,160,73,514753791
16720369,264,184,80,429874425
15987409,265,170,95,409018075
16939561,204,138,66,436131339
18445849,394,278,116,479344575
17698969,319,238,81,457870053
17473201,340,219,121,451397239
18205321,291,189,102,472418353
19190329,305,206,99,500839797
17209609,274,188,86,443850205
15737521,292,198,94,401929841
19424281,357,265,92,507613271
16721041,366,253,113,429894129
18929569,299,191,108,493302203
15216769,245,162,83,387197057
19670809,411,283,128,514759989
15482161,270,188,82,394698021
16939729,363,254,109,436136481
19933729,369,243,126,522390295
17949241,367,264,103,465056225
17473969,314,226,88,451418317
18683641,282,187,95,486200343
16209169,363,246,117,415318391
17699641,304,201,103,457889319
16433089,361,238,123,421688423
15987889,207,138,69,409031791
18446089,341,224,117,479351907
15737569,267,187,80,401930855
17210761,344,243,101,443883965
19190641,294,191,103,500849865
19424329,331,221,110,507614621
16721569,263,196,67,429909489
18205849,354,259,95,472433749
19671241,333,240,93,514773285
16939801,289,210,79,436138353
17474209,333,229,104,451425865
15216889,262,173,89,387199697
15737929,230,153,77,401941757
17700169,270,199,71,457904835
15482329,304,217,87,394702653
18446569,325,217,108,479364987
18929689,365,260,105,493305155
15988081,336,239,97,409037599
17211049,295,219,76,443892329
16209841,270,183,87,415337369
17949409,256,180,76,465061697
16433281,335,233,102,421693793
16723081,284,205,79,429952563
18683809,237,164,73,486205605
19935001,263,179,84,522427567
19424689,301,199,102,507624857
19190761,321,229,92,500852823
16940281,279,178,101,436152015
15738409,273,185,88,401955035
19671409,398,304,94,514778067
15217129,270,181,89,387205979
17474689,249,171,78,451438927
18206281,318,212,106,472446241
15988249,345,228,117,409041505
18447409,312,225,87,479389625
17211289,304,213,91,443899025
16724089,326,214,112,429981567
15482569,381,289,92,394710123
17700769,361,260,101,457921353
15739369,271,190,81,401982209
16210321,298,203,95,415351265
19935841,325,218,107,522451915
16433881,268,184,84,421711499
16940569,255,178,77,436159737
18930409,292,209,83,493326143
19672249,286,186,100,514800885
17949649,299,204,95,465067991
17474881,311,237,74,451444861
15988849,328,215,113,409059385
18684121,234,154,80,486215763
17212609,321,211,110,443936165
16725601,275,176,99,430024365
15217561,331,232,99,387218189
19425001,278,195,83,507634019
19191001,334,225,109,500860137
15739441,197,138,59,401984597
18206449,347,250,97,472451761
15483409,390,268,122,394733811
16942921,346,245,101,436227553
18447529,230,164,66,479393525
17950081,358,256,102,465079955
19936249,244,176,68,522464011
15989689,286,192,94,409083091
17702329,252,158,94,457965963
17475049,276,197,79,451450477
16210849,334,246,88,415366501
17213569,257,166,91,443963297
18930529,333,241,92,493329977
16725769,304,219,85,430028511
16434049,333,226,107,421716293
15739609,312,219,93,401989049
19672969,318,220,98,514822263
15218569,255,189,66,387246713
15485401,302,199,103,394789425
18684409,301,208,93,486224481
16943761,349,242,107,436251481
15989929,330,236,94,409089445
19191769,306,227,79,500881929
17950489,331,216,115,465092183
19426681,238,150,88,507682961
17475481,242,158,84,451462903
17214289,212,146,66,443984255
19936921,346,239,107,522483445
18206521,408,295,113,472453963
15739921,279,202,77,401998277
18447769,302,209,93,479399891
16211449,337,253,84,415383655
18931249,222,163,59,493350419
15485689,367,233,134,394797855
16726609,327,234,93,430052469
17702449,318,224,94,457969479
16434721,293,208,85,421735025
15219121,265,193,72,387262385
15990241,295,213,82,409097911
17950969,310,206,104,465104969
19192009,330,234,96,500890173
17215129,265,196,69,444008255
15741049,264,173,91,402029789
19427041,454,284,170,507692471
19673089,322,243,79,514825371
19937569,320,225,95,522501535
16943929,344,237,107,436256353
18685081,211,138,73,486243831
15485761,240,160,80,394799811
17475721,481,320,161,451469467
16726921,338,238,100,430061511
18932209,278,182,96,493377257
15990361,223,138,85,409101613
18206689,381,265,116,472458355
16212121,364,249,115,415401769
15741289,298,208,90,402036557
16434889,222,146,76,421739753
17951161,382,273,109,465110357
18448609,305,214,91,479424857
15219409,345,238,107,387269837
19192321,233,160,73,500899053
17703121,287,186,101,457989117
19427641,322,216,106,507710177
15486241,256,169,87,394813335
19938241,248,183,65,522521743
17215921,297,217,80,444030917
16727041,299,213,86,430064721
18685801,321,218,103,486263937
15990529,351,250,101,409106323
16944001,331,231,100,436258507
18932281,306,209,97,493379261
15741601,284,198,86,402045287
19674001,252,170,82,514851987
17475889,277,198,79,451474415
17951641,290,191,99,465125393
15486769,231,166,65,394828005
16212841,317,221,96,415423417
18207961,328,244,84,472494487
19192681,274,181,93,500908803
15219649,296,205,91,387276995
19428361,362,241,121,507731183
16435561,314,214,100,421758397
19938361,244,166,78,522524767
15990769,337,223,114,409113313
18449089,264,181,83,479438333
16727209,427,304,123,430068993
17703289,307,208,99,457993605
18685969,296,195,101,486268539
18932761,256,186,70,493394261
15742609,242,168,74,402073709
17216161,231,157,74,444038825
15487249,330,238,92,394841967
17951929,416,287,129,465132731
16944481,290,183,107,436272859
19193281,299,207,92,500925153
15991201,346,248,98,409125547
16213969,362,264,98,415454401
19429489,264,178,86,507764803
19674169,276,180,96,514856499
17476369,236,153,83,451487717
15220081,288,203,85,387289091
15742801,305,221,84,402079361
18686089,320,232,88,486271917
16727761,263,193,70,430085873
18932929,420,277,143,493398809
16435729,288,213,75,421763233
18208009,267,187,80,472495915
15487609,317,221,96,394852431
19938409,373,261,112,522525967
17952481,336,231,105,465149161
17705209,341,233,108,458048589
18450889,416,306,110,479488449
15992209,327,231,96,409153993
17216809,245,182,63,444056489
16214521,234,156,78,415470499
15744241,351,236,115,402120245
16944649,317,225,92,436277905
19193521,267,191,76,500932311
18686641,344,266,78,486287751
17476489,306,198,108,451490615
19429561,375,243,132,507766327
18933289,302,194,108,493409447
15488881,323,240,83,394888561
15220129,291,189,102,387290783
16727929,286,201,85,430089737
16435801,454,312,142,421765585
15992761,299,205,94,409170541
17952841,249,173,76,465158359
19674601,246,166,80,514869993
18208681,312,208,104,472514947
19938601,212,140,72,522532321
15744409,315,225,90,402125159
17705641,365,258,107,458060775
18687169,217,152,65,486301941
15489121,302,214,88,394894663
18450961,208,140,68,479491665
17477041,286,206,80,451507265
16216489,367,250,117,415526321
17217001,310,214,96,444061397
18933601,270,180,90,493418567
19430041,316,207,109,507779977
19193689,269,194,75,500937363
15992881,342,241,101,409173607
16946329,278,191,87,436325215
15220921,242,167,75,387312623
17953009,315,210,105,465163639
15744961,247,170,77,402140675
19939081,276,195,81,522545863
16436281,199,141,58,421779547
16728601,310,219,91,430109467
15490129,388,277,111,394923475
18687481,399,278,121,486312597
17477329,321,243,78,451514801
19674649,309,207,102,514871229
18208849,297,206,91,472519765
15992929,290,208,82,409175509
16946521,288,211,77,436330069
18934801,241,166,75,493452755
16217161,302,204,98,415545485
15745321,239,159,80,402150939
17705881,267,191,76,458068221
17953321,269,193,76,465173419
17217169,394,274,120,444066611
18451441,349,247,102,479506575
19431241,252,180,72,507815037
15221161,288,203,85,387320591
15490801,273,193,80,394942603
19194169,317,223,94,500951319
19939201,407,289,118,522548731
18688849,222,154,68,486351075
16728769,279,210,69,430113877
15745801,414,288,126,402163959
16436401,295,202,93,421782175
16947529,233,152,81,436358731
16217329,306,228,78,415549511
17477569,264,165,99,451522697
18934969,218,143,75,493456931
17953849,226,152,74,465188563
15993961,318,228,90,409203613
15491401,229,146,83,394959049
18209209,339,233,106,472530889
18452569,283,190,93,479537241
19674841,395,272,123,514876611
19939369,344,235,109,522553351
17706361,237,175,62,458081961
17217601,393,273,120,444078863
19431409,433,299,134,507819763
15223489,381,263,118,387385313
15746089,288,192,96,402171831
16217569,251,179,72,415556807
18689689,282,194,88,486375537
16947841,283,192,91,436368713
17478169,376,250,126,451539083
18935641,258,172,86,493477217
19194961,320,219,101,500973903
16729561,304,224,80,430137031
16436809,228,139,89,421794445
15492121,269,172,97,394980051
15996241,308,220,88,409269201
15747001,280,208,72,402197617
17954689,359,256,103,465212269
16218049,190,140,50,415570997
19431721,242,152,90,507828799
19940449,219,155,64,522586255
19675321,371,266,105,514891185
16948369,237,156,81,436382771
18209689,236,168,68,472544143
15223609,212,138,74,387389141
18690289,381,268,113,486393031
18452641,273,192,81,479540139
17217649,227,155,72,444080789
17706889,352,254,98,458097237
18936121,289,184,105,493491027
15492241,318,215,103,394983087
17478889,284,190,94,451560713
15747169,249,157,92,402202033
16218409,248,160,88,415580477
16730281,283,195,88,430158631
16437961,224,150,74,421827817
19195849,222,154,68,500999887
19432081,343,250,93,507838495
19675441,355,227,128,514893957
19941601,293,193,100,522618973
15996649,320,211,109,409280067
15492649,279,194,85,394994343
18453241,283,183,100,479558313
17955001,213,136,77,465221791
18936289,359,241,118,493495275
16949809,308,232,76,436425089
15224329,298,186,112,387409533
15747481,260,180,80,402210981
17479249,428,301,127,451570043
18690961,323,204,119,486411509
18210481,245,154,91,472567771
17217841,260,182,78,444085523
16219081,295,206,89,415599119
17707321,252,172,80,458110165
19432561,241,171,70,507852427
15493081,292,206,86,395007513
19941721,301,205,96,522622219
16438489,322,221,101,421843069
16731241,397,262,135,430184825
19675609,320,228,92,514898919
15747769,298,208,90,402220737
15997129,314,215,99,409293759
18936409,327,230,97,493498767
17479729,253,167,86,451583603
18455089,209,150,59,479610687
16950361,325,210,115,436439957
16219849,296,201,95,415621751
19196041,323,222,101,501005059
18691201,267,174,93,486419027
15226009,320,230,90,387456949
17956129,234,145,89,465253961
15493249,290,203,87,395012007
15748009,231,163,68,402226959
17218321,328,224,104,444100019
18210649,354,249,105,472572799
19433521,306,203,103,507880225
17708881,234,168,66,458154601
16220401,285,198,87,415636925
18936649,312,219,93,493506123
16950721,359,230,129,436450205
16438921,379,266,113,421854787
18457009,350,251,99,479667113
16732129,402,276,126,430211201
19942129,278,188,90,522634933
17480521,371,259,112,451606301
19196209,318,206,112,501010537
15998089,280,177,103,409321185
19676161,303,207,96,514914597
15227041,273,186,87,387485383
15493321,382,263,119,395014047
15748441,258,174,84,402239367
18692689,307,209,98,486463685
19433761,267,188,79,507888067
17956849,244,174,70,465274187
16220521,331,220,111,415641167
16950889,304,207,97,436455125
18938809,417,275,142,493568253
17218441,267,177,90,444103433
17481601,232,155,77,451637615
18211201,340,232,108,472588837
15494929,297,203,94,395058939
17709409,232,166,66,458169577
15748489,261,180,81,402240633
19676281,293,188,105,514918359
16439329,292,199,93,421866253
19196641,275,182,93,501022027
16732321,317,223,94,430216745
15998161,192,131,61,409323105
15227209,309,216,93,387490219
18457321,275,189,86,479675297
18693049,261,179,82,486473213
19942969,398,286,112,522658909
16221241,236,166,70,415661741
16951369,241,171,70,436468673
17481769,362,249,113,451642517
18939601,346,221,125,493590951
15748609,348,251,97,402243699
15495481,244,159,85,395075961
19434601,437,307,130,507912829
17957041,311,213,98,465279815
19196809,372,245,127,501026737
19676521,322,230,92,514925313
17219161,346,247,99,444123119
18211321,305,225,80,472592479
17709841,278,199,79,458181217
16221529,266,189,77,415669817
16439809,255,168,87,421880135
16732489,238,186,52,430221227
15227689,325,208,117,387503329
15998329,281,200,81,409327635
15749281,258,191,67,402263283
15496009,279,198,81,395090571
17482249,261,179,82,451656341
19943449,339,227,112,522672763
18457489,395,277,118,479679755
18693481,293,206,87,486485117
18939841,391,277,114,493597365
16951489,243,177,66,436472009
19197481,342,231,111,501047179
19677169,247,178,69,514943577
15749329,318,217,101,402264543
17957209,321,227,94,465284327
17483209,315,217,98,451683679
19434769,295,220,75,507917155
17219281,297,201,96,444126889
15496321,269,182,87,395099145
18457609,284,207,77,479683595
18211729,279,198,81,472604653
19943569,341,235,106,522676459
15227881,330,219,111,387509485
16222441,247,162,85,415695003
16440481,203,147,56,421899323
16732921,244,171,73,430234145
18693529,403,275,128,486486395
15998641,313,224,89,409337661
16951729,315,218,97,436478729
17709889,329,216,113,458182189
18940489,331,222,109,493616797
19197721,242,155,87,501054445
15749521,338,253,85,402269949
19677289,394,261,133,514946079
17484601,259,184,75,451724213
15496441,214,151,63,395102901
19435201,315,217,98,507930217
18458281,255,171,84,479702663
16952041,264,188,76,436488413
19943809,357,253,104,522683041
15998809,260,196,64,409341681
18693721,387,264,123,486491993
15228049,221,160,61,387514033
17222809,363,256,107,444228553
17957689,369,262,107,465298043
16733089,313,229,84,430238777
16223041,273,166,107,415712661
16440601,271,189,82,421903055
18212209,331,221,110,472618231
19198369,303,215,88,501073867
19678201,232,146,86,514973899
17710921,274,186,88,458213377
15496849,225,156,69,395113839
17485441,259,184,75,451747709
18940609,295,207,88,493621021
18460129,270,181,89,479755739
19436041,217,144,73,507953965
16952329,238,159,79,436495229
19944241,314,201,113,522695695
16733161,298,196,102,430240871
18693889,213,141,72,486496559
17957881,373,245,128,465303185
15497161,270,192,78,395122821
15228361,348,224,124,387522199
15998929,285,187,98,409345149
17485609,267,182,85,451752377
19199209,315,224,91,501097033
17223529,241,173,68,444248905
16223089,228,150,78,415713843
19679521,192,140,52,515012923
16442161,254,167,87,421947035
18460969,355,249,106,479780489
18213889,216,147,69,472666231
16952569,304,220,84,436502501
16733641,345,228,117,430254041
19436281,314,216,98,507960571
17711689,332,217,115,458235571
15498001,176,119,57,395147193
18694369,287,200,87,486510431
17958529,259,178,81,465322853
19944481,399,265,134,522703057
18941449,303,214,89,493644109
17485729,329,222,107,451756427
15228721,278,189,89,387532561
19679809,367,257,110,515019955
19200409,453,326,127,501132427
15999169,286,189,97,409351755
16733929,194,135,59,430262105
16953169,249,173,76,436520033
16224121,215,136,79,415743477
18461809,243,189,54,479804379
16442521,288,198,90,421956815
17224321,194,131,63,444271003
19436881,330,228,102,507978283
15498121,216,144,72,395150115
17959321,279,198,81,465344651
18695161,233,163,70,486533831
18214849,264,181,83,472693723
19944649,430,308,122,522707635
17485969,303,206,97,451763591
17711929,372,256,116,458242183
15229561,218,152,66,387557347
19680049,234,162,72,515026987
16734481,212,145,67,430278305
16953241,371,245,126,436521743
18942169,242,172,70,493665553
19200721,282,194,88,501140725
17224369,384,271,113,444272785
19436929,390,265,125,507979657
18462049,339,225,114,479811459
15999649,334,237,97,409364643
16443001,214,144,70,421971533
15499009,290,202,88,395174931
16225441,275,191,84,415780673
17959369,317,218,99,465346325
18695329,276,192,84,486538409
19945129,272,187,85,522720907
17486401,271,180,91,451775753
19680721,317,213,104,515046361
15230161,317,229,88,387574479
16953721,298,202,96,436536095
18214921,294,199,95,472695667
17712361,445,303,142,458254273
18462361,245,166,79,479820483
19437601,291,203,88,507999907
19201081,218,167,51,501150901
16443121,305,214,91,421974269
15499201,293,207,86,395180139
16735321,296,196,100,430302593
17224729,356,244,112,444282313
19945489,306,218,88,522731753
17959489,325,226,99,465349553
18695569,233,143,90,486545507
18943129,311,216,95,493693351
17486641,352,219,133,451782311
16225969,273,171,102,415795691
19680889,441,288,153,515050915
16953841,273,186,87,436539665
15230881,242,171,71,387594921
16443169,281,191,90,421975805
18462481,336,226,110,479824473
16736521,339,216,123,430336715
18215929,297,203,94,472724601
19437721,292,206,86,508002673
19201561,298,194,104,501165889
17713081,245,182,63,458275627
17487289,414,263,151,451801325
17225041,326,213,113,444291931
19946089,261,178,83,522749973
15231001,403,271,132,387597375
18943801,384,264,120,493712857
16954081,233,153,80,436546925
18696049,321,207,114,486558995
19681201,243,173,70,515061067
16444201,276,197,79,422005145
17960881,349,231,118,465390997
16737001,279,195,84,430350641
16226401,255,172,83,415808441
18463369,289,207,82,479850021
18216241,339,239,100,472733877
17225209,294,205,89,444296653
17488321,291,193,98,451830589
16954849,263,177,86,436568759
19437889,296,201,95,508007053
18943849,272,172,100,493715077
19946161,371,253,118,522752205
16444369,338,237,101,422009969
15231241,303,217,86,387605037
18696169,388,262,126,486562289
19201681,339,244,95,501169417
19681369,444,305,139,515065711
17961049,328,238,90,465396235
17713441,245,170,75,458285211
18216361,268,183,85,472737129
18464569,304,213,91,479883423
16737121,256,177,79,430353833
16226809,294,215,79,415819589
17488489,367,259,108,451835059
16444801,258,172,86,422021465
16955089,386,269,117,436575239
18944521,355,250,105,493734745
19438609,338,238,100,508028191
18696241,260,159,101,486564497
19946761,308,207,101,522768867
17225881,282,185,97,444315679
19201729,283,197,86,501170707
17961241,245,165,80,465400789
15231841,330,230,100,387621507
19682569,358,245,113,515101797
18216409,266,181,85,472738275
18465001,217,146,71,479896731
16737289,377,264,113,430358393
17713921,269,184,85,458298855
17488921,367,232,135,451847251
16955569,336,230,106,436589189
16227241,299,209,90,415832105
18945529,258,182,76,493763431
15231889,247,163,84,387623103
17226721,357,245,112,444340357
18696721,303,209,94,486578705
19948009,333,222,111,522804825
19201921,274,192,82,501176083
16445041,370,259,111,422028785
18216769,331,225,106,472748483
17961409,325,238,87,465405475
19683241,351,237,114,515120339
17489161,286,196,90,451854755
19439401,254,185,69,508051525
18465841,264,181,83,479920719
16737361,313,217,96,430360775
16955689,330,245,85,436592357
15232081,300,214,86,387627783
18946561,324,241,83,493792957
17226889,281,198,83,444344557
18696841,269,183,86,486581939
17714449,288,191,97,458313945
19948321,263,183,80,522814065
18218041,278,190,88,472785101
19202569,224,145,79,501194595
16227649,330,216,114,415843577
17961721,420,281,139,465414259
19683409,253,169,84,515125469
17490769,238,175,63,451900595
16445521,267,179,88,422043239
16737529,301,202,99,430365197
18466009,373,252,121,479925423
15232681,206,134,72,387645747
16956241,239,164,75,436607393
18947041,255,178,77,493806817
17227081,265,175,90,444349939
18697849,263,175,88,486611737
18218089,323,223,100,472786625
19948441,454,322,132,522816855
19440649,443,291,152,508087387
17961841,277,191,86,465417847
17491009,385,252,133,451906493
16737961,287,199,88,430377005
19684729,163,106,57,515163743
16956409,291,201,90,436612205
17714929,338,241,97,458327147
15232849,279,186,93,387649821
16228129,280,187,93,415858109
18466249,296,200,96,479932443
19203361,279,200,79,501217299
16445809,244,146,98,422050835
17227849,244,166,78,444371743
18947569,285,207,78,493822039
18218209,336,236,100,472789979
18698089,282,204,78,486618193
19948849,314,228,86,522829485
16738009,397,271,126,430378205
17491681,412,284,128,451926659
15233089,281,183,98,387656709
17962249,338,225,113,465430279
16956529,287,192,95,436615499
19685521,302,209,93,515186597
18466681,280,185,95,479944707
17228521,302,231,71,444391019
19441129,405,275,130,508101271
16228249,220,158,62,415861907
18218449,333,223,110,472796687
17715121,299,201,98,458333153
18948001,323,234,89,493834417
19203409,274,202,72,501218739
18698401,283,184,99,486627859
16738369,414,283,131,430388501
15233761,250,169,81,387675861
16445881,244,162,82,422052491
19949689,284,198,86,522854901
17492161,269,182,87,451940051
17962729,292,196,96,465443299
16956601,258,186,72,436617827
19685569,327,227,100,515187785
17228689,276,191,85,444396101
18466729,275,192,83,479946447
18218881,252,157,95,472808681
18948169,276,197,79,493840005
16738801,299,196,103,430401287
19204201,218,161,57,501241707
15233929,325,225,100,387681849
17492329,348,232,116,451945001
16228321,207,145,62,415863713
18698689,254,169,85,486635287
19441321,250,159,91,508106515
19950841,228,153,75,522888657
17962849,332,226,106,465446227
17715289,416,291,125,458338043
16446721,293,208,85,422075741
17229361,321,239,82,444415949
19685929,457,292,165,515197523
16957201,331,237,94,436635455
18466849,279,188,91,479949531
15235081,298,200,98,387714015
18220561,378,266,112,472857767
16738849,281,178,103,430402475
18948889,307,213,94,493859769
17493001,280,199,81,451964831
16228801,260,170,90,415877153
19205041,303,212,91,501266427
18698761,195,118,77,486637573
17229529,295,200,95,444421373
19951201,291,189,102,522899505
17963401,276,196,80,465462799
15235249,350,235,115,387718351
18467521,344,222,122,479968665
19686361,321,219,102,515209823
18222289,416,291,125,472907405
16446889,347,237,110,422081417
16739809,298,205,93,430429317
17715721,217,141,76,458350013
16228969,253,177,76,415881677
16957441,234,163,71,436641197
19441801,291,194,97,508120705
17493121,331,222,109,451967801
18949009,312,214,98,493863267
19205449,301,200,101,501277911
17229601,168,113,55,444423443
18699361,289,197,92,486655003
15235369,344,231,113,387721717
19951369,255,154,101,522904257
17963521,280,214,66,465465661
16740049,298,220,78,430436025
18222961,250,168,82,472927463
18468601,391,265,126,480001275
16229641,363,252,111,415900433
19686769,328,242,86,515221841
17493169,309,222,87,451969067
17715889,237,164,73,458355593
16957921,313,219,94,436655873
18949081,440,307,133,493865277
16447729,262,177,85,422105051
17230201,268,154,114,444440201
19205761,292,197,95,501286857
18699409,305,204,101,486656059
15235921,302,206,96,387737407
19951801,259,186,73,522916617
16740721,415,274,141,430455495
19442089,374,264,110,508128943
18223081,309,200,109,472930607
17963761,336,231,105,465472741
18469081,241,158,83,480014469
17494201,355,256,99,451999139
18949681,236,162,74,493882821
16958449,377,257,120,436670353
19688041,311,218,93,515259803
16229761,263,188,75,415903967
17230249,245,160,85,444441345
15236041,306,219,87,387740305
18699601,471,339,132,486661585
17716441,263,198,65,458371241
16448161,317,217,100,422118329
16741321,260,174,86,430472751
19205881,410,279,131,501290247
18223321,290,197,93,472937825
17966089,257,183,74,465539969
19952041,326,220,106,522923559
18469441,290,191,99,480025077
17494369,366,212,154,452003993
15236209,310,213,97,387745741
16959049,314,200,114,436687297
18949729,343,236,107,493884429
17230921,331,233,98,444460155
19442809,276,200,76,508149799
19688761,246,169,77,515280333
16741561,395,278,117,430479741
16229929,311,216,95,415908947
18700249,425,301,124,486680443
18223969,259,181,78,472956833
19205929,323,226,97,501291723
17966281,335,230,105,465544775
19952209,307,205,102,522927939
17494849,273,180,93,452017331
18469609,349,244,105,480029691
16448329,264,182,82,422123357
16959121,271,195,76,436690087
17716729,301,216,85,458378921
15236929,322,222,100,387765649
17231881,242,173,69,444487581
18950089,347,235,112,493894533
16743049,260,178,82,430522041
18224161,291,196,95,472961753
18701041,375,264,111,486702955
17495041,305,207,98,452023415
19689121,272,176,96,515291385
17966881,229,163,66,465562241
18469921,271,199,72,480038589
19206601,381,259,122,501311685
19952521,313,230,83,522936963
16959721,241,174,67,436707051
16231009,287,204,83,415939637
19443481,317,216,101,508169539
17232289,317,218,99,444499251
16743169,316,218,98,430525233
15238609,194,131,63,387813781
18950761,312,227,85,493913775
16449049,237,162,75,422143559
17718409,347,244,103,458428217
18224761,326,225,101,472978769
18702121,251,167,84,486734347
17495209,227,143,84,452027549
18470209,311,209,102,480047313
19689601,354,224,130,515304687
19207561,301,207,94,501339441
17232889,339,229,110,444516327
16959889,277,193,84,436712445
19953361,296,201,95,522961197
15239401,300,206,94,387835267
16743889,369,258,111,430546107
17967121,333,221,112,465569369
16231441,369,238,131,415951439
16449721,331,232,99,422162093
18950929,347,239,108,493918041
18224929,357,258,99,472983269
17495521,256,180,76,452036915
19443649,271,178,93,508174999
18702769,276,201,75,486753885
18471049,212,146,66,480070801
19207609,287,208,79,501340699
15240961,270,179,91,387880003
19689889,311,211,100,515313309
16744009,314,224,90,430549437
17232961,248,154,94,444519183
17719081,297,199,98,458447645
16960129,335,221,114,436718871
16449841,305,220,85,422165493
19954201,326,232,94,522985377
18951409,224,150,74,493932369
17495689,311,226,85,452041457
18225169,395,271,124,472990011
17967289,449,295,154,465573485
16231849,299,212,87,415962947
18702961,270,181,89,486758865
18471601,250,176,74,480087325
17233129,268,168,100,444524313
16961449,286,210,76,436755501
19207729,367,267,100,501343783
15241921,388,274,114,387906527
16450729,203,153,50,422190603
19690609,239,157,82,515333373
16744081,359,245,114,430551045
19443841,287,177,110,508180513
19954321,251,169,82,522988557
17495809,217,146,71,452044541
18951601,371,259,112,493937607
18225841,512,360,152,473009385
17719249,218,146,72,458452199
17233441,244,172,72,444532677
18703441,282,182,100,486772923
18471889,368,269,99,480095041
16961569,279,204,75,436759137
16450921,371,260,111,422195921
16232329,285,192,93,415976885
19207801,336,238,98,501346063
19691401,342,228,114,515358189
15242089,256,178,78,387911135
17968729,231,155,76,465615637
16744729,185,118,67,430571439
17496529,397,267,130,452065061
19954369,285,200,85,522989961
18226441,289,203,86,473027147
18952081,270,175,95,493952025
16962289,274,193,81,436781361
18703561,427,307,120,486776013
17233561,251,173,78,444535737
16451401,286,190,96,422209847
19444441,380,256,124,508197305
18472969,249,175,74,480125709
17719489,356,249,107,458459993
15242329,282,189,93,387917453
19208569,302,210,92,501368263
16745761,250,179,71,430599543
19691641,336,248,88,515365283
16232521,379,269,110,415982003
17497321,413,303,110,452087615
18227449,313,220,93,473056067
19955209,365,253,112,523013721
18952201,311,211,100,493955715
17968801,419,277,142,465617137
16452361,257,177,80,422237411
17233729,372,249,123,444540183
15242809,421,290,131,387931511
18473401,280,202,78,480138357
19208641,279,199,80,501370339
16746361,335,246,89,430616205
16963129,357,242,115,436804935
17498881,225,134,91,452132585
19692121,334,235,99,515378627
18703969,299,205,94,486787653
18229009,378,267,111,473102123
17719921,365,251,114,458472437
19444609,318,232,86,508202453
16452409,326,216,110,422238827
19956049,208,141,67,523038543
18953041,233,172,61,493980903
17234401,312,216,96,444559839
15243649,216,145,71,387955187
16233169,306,216,90,416000783
18473449,379,259,120,480139377
16747201,241,174,67,430639527
19209481,356,236,120,501394705
17969449,235,162,73,465636319
17499241,320,217,103,452143385
18229129,305,215,90,473105519
19692241,371,239,132,515381579
16965601,201,131,70,436875399
15243769,331,235,96,387958325
16453201,293,213,80,422261645
17234641,269,186,83,444567021
18953281,239,170,69,493987089
18704401,280,179,101,486800619
19957009,382,284,98,523067247
16747249,271,175,96,430641285
18473569,303,205,98,480143211
17719969,234,161,73,458473529
16234969,250,169,81,416051173
17499721,357,253,104,452157111
19445449,299,204,95,508226417
19209649,364,245,119,501399355
15244321,169,111,58,387974675
18229201,298,195,103,473107433
16966009,267,171,96,436886343
17234809,203,149,54,444572079
19692289,252,186,66,515383091
16453249,373,255,118,422263013
18954049,252,156,96,494009271
17969569,254,164,90,465639907
18704809,307,211,96,486812145
16748041,304,212,92,430664049
19957081,225,140,85,523069833
18475081,236,164,72,480186495
16235689,338,227,111,416070997
17720089,313,212,101,458476607
15244609,300,212,88,387982181
19209961,234,176,58,501409537
18229369,286,202,84,473111711
17235241,354,243,111,444583995
16966321,238,172,66,436895223
19692481,312,224,88,515388173
16748089,349,241,108,430665621
18954121,304,214,90,494011041
16453369,259,172,87,422266193
18705289,235,150,85,486825987
19446001,273,192,81,508243811
19957681,279,190,89,523087071
16235809,380,265,115,416074603
17720161,297,221,76,458479049
18475129,365,278,87,480187617
15244681,264,178,86,387984353
17969641,325,228,97,465641917
18229681,286,199,87,473120333
17235289,310,205,105,444585747
19210249,379,267,112,501417067
16967521,376,242,134,436929357
16748449,280,181,99,430676673
16454761,269,176,93,422305747
19693249,259,189,70,515410259
18954289,405,281,124,494015595
18705409,359,246,113,486829467
15245161,268,189,79,387998537
17720641,312,199,113,458492339
19957921,227,161,66,523093899
18475801,303,197,106,480208311
17235481,406,267,139,444591165
18229969,213,147,66,473128925
16236049,260,178,82,416081917
16748929,257,177,80,430690233
16968001,335,224,111,436943115
16454881,234,161,73,422309479
19446121,303,221,82,508246469
19210489,271,169,102,501423697
15245281,312,213,99,388001945
17970289,332,232,100,465660283
19694329,354,252,102,515441701
18954721,367,252,115,494028879
17720761,469,313,156,458495387
18705649,223,154,69,486836499
19958929,305,210,95,523123227
17235961,256,168,88,444604473
18230041,296,215,81,473131073
18476329,274,166,108,480223287
16749121,321,219,102,430695855
16455289,457,310,147,422320669
16968169,299,202,97,436947843
16236361,316,224,92,416090587
19211089,315,225,90,501440677
15246529,237,162,75,388036833
18954889,342,247,95,494033517
19694809,319,225,94,515455735
17721841,233,160,73,458525993
18706969,314,227,87,486873465
17236129,250,166,84,444609039
19959361,301,209,92,523135137
19446841,390,274,116,508267349
18230209,414,279,135,473135285
16749769,246,162,84,430713441
16456441,226,154,72,422353615
17970481,243,166,77,465665953
18476641,246,177,69,480232797
16969201,436,302,134,436977051
15246961,248,164,84,388049211
16236481,313,222,91,416094145
19211809,291,198,93,501461419
18955801,261,177,84,494059701
19695601,286,195,91,515477839
17722009,418,289,129,458531759
18707329,236,170,66,486884661
17236321,292,186,106,444614943
16456801,293,200,93,422363695
18231049,275,206,69,473160071
19959409,375,251,124,523136343
19447369,314,216,98,508282385
15247201,305,207,98,388055439
16969801,330,239,91,436994583
18476929,286,202,84,480240717
16236721,226,151,75,416101129
17971969,311,219,92,465708613
18956449,353,233,120,494078163
17722609,226,157,69,458548481
17236489,322,222,100,444619545
19695649,295,209,86,515479117
18707641,296,213,83,486894057
16457281,299,199,100,422378119
19212001,288,196,92,501467323
18231481,414,290,124,473172185
15248041,308,210,98,388078941
16970209,248,175,73,437005833
19447969,385,271,114,508298795
19959601,306,224,82,523141857
18477169,314,221,93,480248841
16236889,261,180,81,416107021
17238601,286,193,93,444680173
17972329,361,247,114,465718927
18956569,303,211,92,494081085
16457449,306,221,85,422382433
17722681,328,216,112,458550473
18708169,314,211,103,486908571
19696609,285,184,101,515507733
15248209,258,187,71,388084365
19212841,308,220,88,501492133
18231529,259,168,91,473173469
16970689,332,229,103,437019519
18477649,227,151,76,480261507
19960201,280,197,83,523159833
16237201,299,202,97,416115505
19448521,304,208,96,508315079
17238769,297,189,108,444684505
16457569,337,243,94,422386261
17723449,313,214,99,458572331
18957409,245,166,79,494106587
15248521,356,262,94,388093317
18709609,354,237,117,486950379
17972761,233,173,60,465731719
16971529,166,110,56,437043865
19696849,278,191,87,515514039
18232369,291,195,96,473197139
19213489,244,149,95,501510163
16237321,278,178,100,416118955
19960441,326,231,95,523166265
18478321,297,188,109,480281067
16458289,241,165,76,422406175
19449049,289,204,85,508330829
17238841,340,227,113,444686965
15249049,255,167,88,388108263
17723689,216,150,66,458579117
18957481,263,190,73,494108051
18233041,302,208,94,473216235
17973169,270,195,75,465742999
19697329,280,204,76,515528235
19213849,278,205,73,501523129
16972489,276,189,87,437071177
18710449,359,254,105,486974355
16237369,265,174,91,416119993
16458649,348,241,107,422415895
19961881,306,210,96,523208521
15249721,297,213,84,388126611
17239009,399,299,100,444691843
19449361,274,196,78,508340177
18478441,342,228,114,480284079
17724121,333,241,92,458591533
18959089,309,210,99,494154371
18233329,259,166,93,473225031
17977369,310,203,107,465863339
16973041,335,227,108,437087539
16237489,286,197,89,416123089
19698841,317,222,95,515572293
19214161,327,222,105,501531559
16459969,292,201,91,422453479
18710521,326,214,112,486976575
17239609,342,239,103,444709017
19962769,286,211,75,523233841
19450369,303,200,103,508368953
17725681,264,170,94,458636465
18478489,247,178,69,480286311
18960481,231,160,71,494196211
16237729,282,183,99,416130157
16973329,339,219,120,437095279
18234001,347,252,95,473243577
17977681,291,198,93,465873049
16460161,220,151,69,422458885
19214449,323,236,87,501539071
19698961,350,237,113,515575743
18711001,215,141,74,486990717
17240281,307,211,96,444728029
19963561,304,197,107,523256573
17725969,288,192,96,458644787
18479521,286,193,93,480315987
16238329,341,222,119,416147101
19450489,331,236,95,508372451
16973401,249,167,82,437097193
18961009,389,272,117,494210185
18234721,303,218,85,473265855
17977801,265,176,89,465875719
16460929,277,185,92,422480587
19214521,288,191,97,501541141
19699681,223,146,77,515597271
18712129,272,183,89,487023153
17240521,286,188,98,444735037
16238401,190,128,62,416149453
17726521,392,276,116,458660711
16973569,393,255,138,437101915
18480001,295,219,76,480329361
19964281,277,196,81,523277819
19451569,336,231,105,508403089
18961321,290,209,81,494219281
16461001,320,233,87,422482855
18235729,270,190,80,473293251
17978641,293,218,75,465899717
17240689,252,183,69,444739819
19215169,224,149,75,501560437
18712201,338,227,111,487025139
19699969,268,197,71,515604933
16238569,320,218,102,416154619
17727049,312,211,101,458676041
16975009,269,177,92,437143713
18480289,297,197,100,480337137
16462441,310,210,100,422524247
19965961,251,181,70,523327859
18236089,263,175,88,473304573
17978689,220,149,71,465901151
19452001,339,233,106,508415929
18961441,288,211,77,494222029
17241841,227,158,69,444772765
19215529,306,229,77,501570223
18712849,259,187,72,487043619
16239169,266,181,85,416170795
19700209,319,224,95,515612257
16975561,255,180,75,437159283
17728489,260,162,98,458717009
16464169,302,206,96,422573321
18480361,233,145,88,480339501
17978881,366,246,120,465906479
18236761,240,165,75,473323515
19966129,270,191,79,523332149
18961489,315,216,99,494224147
19452721,315,230,85,508437541
17242009,343,232,111,444777181
16239241,283,202,81,416172631
18713521,231,163,68,487063203
19215961,337,253,84,501582829
19700521,245,181,64,515622595
16975729,237,171,66,437163489
17729209,252,174,78,458738081
16464529,260,174,86,422583641
18481009,378,288,90,480358269
17979649,395,279,116,465928541
18237361,286,186,100,473341665
18961609,281,186,95,494227117
19453081,323,231,92,508447351
19966801,319,220,99,523351541
17242129,348,236,112,444780097
16240009,353,246,107,416195275
18714361,253,175,78,487087291
16975921,299,216,83,437169363
19216849,321,207,114,501607651
16464841,304,194,110,422592887
17729329,303,222,81,458741111
19700689,293,204,89,515627185
18481369,295,207,88,480367947
17979889,337,234,103,465936593
18238369,373,253,120,473370093
17242201,222,139,83,444783037
16240561,379,264,115,416210845
18962329,216,143,73,494247697
19453849,309,189,120,508470061
19967089,416,303,113,523358867
16976521,264,183,81,437187159
16464961,378,251,127,422595989
18714649,366,251,115,487094665
17730241,239,158,81,458767203
19218649,349,232,117,501660319
19700809,405,278,127,515630617
18482209,274,180,94,480392827
17981881,347,219,128,465993665
18238921,235,158,77,473386671
16240681,348,254,94,416214097
17242681,263,188,75,444796273
18962689,228,156,72,494259253
19453921,325,230,95,508472863
16466209,233,163,70,422632025
19967929,315,210,105,523385399
16976689,269,177,92,437191395
18715369,232,155,77,487116681
17730841,377,254,123,458784543
19218889,328,228,100,501667315
19701049,194,128,66,515637103
16241089,347,247,100,416225381
17982409,272,186,86,466009205
18482641,218,153,65,480405619
17242969,308,205,103,444804523
18239041,339,237,102,473389551
18963001,336,242,94,494268493
16466641,197,132,65,422644553
16977361,279,185,94,437210619
19454401,247,168,79,508486135
19968001,311,204,107,523386929
17731249,430,293,137,458796009
18716041,414,268,146,487135749
19219561,198,149,49,501685931
16241569,339,233,106,416239035
17243881,298,212,86,444831691
17983249,333,213,120,466033511
19702321,273,170,103,515673955
18482809,273,191,82,480410539
18239761,192,128,64,473411031
16467049,352,240,112,422655605
16977409,256,183,73,437211579
18963169,246,170,76,494272945
19454521,331,231,100,508489399
17731729,278,187,91,458810421
19968649,364,253,111,523405331
18716161,280,211,69,487138971
16242529,345,253,92,416267019
19220041,226,174,52,501700385
17244361,315,211,104,444845233
17984761,277,181,96,466075843
18240049,238,159,79,473418483
18482881,312,208,104,480412567
19703041,373,267,106,515694355
16467361,187,131,56,422665235
16977529,287,203,84,437216181
18963961,251,177,74,494295559
17732089,292,183,109,458819871
19456369,240,179,61,508542753
16243441,303,209,94,416292555
18717001,306,214,92,487163337
19968769,318,230,88,523408229
17244481,228,154,74,444848239
19220161,260,185,75,501703583
17985529,301,208,93,466098949
16467481,293,198,95,422668029
18240961,287,203,84,473444307
18483481,283,197,86,480429369
16977601,287,194,93,437217813
19705009,291,201,90,515751349
18964369,319,214,105,494307223
16243609,333,234,99,416298063
17732929,297,191,106,458844189
19456441,253,160,93,508544973
18717889,258,187,71,487188327
17244529,270,186,84,444849451
19969321,229,153,76,523424425
16467721,343,238,105,422675349
17985601,316,224,92,466100707
19221001,270,187,83,501727505
18241129,353,234,119,473449443
18483529,241,175,66,480430713
16977769,384,256,128,437222415
19705561,416,279,137,515767681
16243921,263,182,81,416306721
18964681,265,181,84,494316595
17733769,253,161,92,458868519
19457041,352,239,113,508562025
17245201,301,225,76,444868909
18718009,354,251,103,487192881
16468321,224,148,76,422691693
19969489,258,180,78,523429123
17985769,428,298,130,466105969
16981441,224,156,68,437327825
19221409,234,155,79,501739247
18241801,318,225,93,473468193
18483721,289,211,78,480436569
16244929,242,161,81,416336007
19705729,358,239,119,515772541
17734441,367,255,112,458887329
18964969,305,209,96,494324077
16468489,253,186,67,422696769
17245489,263,185,78,444877027
19457089,267,186,81,508563387
18718561,354,247,107,487208313
17986201,292,202,90,466117951
16981609,374,272,102,437331815
18242281,261,185,76,473483337
19970329,264,170,94,523454107
19222081,320,229,91,501758801
18483889,327,209,118,480441021
16245769,245,158,87,416359437
17735089,271,191,80,458906049
19705921,313,200,113,515777935
18965209,315,205,110,494331211
16468561,296,193,103,422698617
17245729,321,212,109,444883657
18718681,329,220,109,487212141
16981969,346,238,108,437342375
19457281,350,236,114,508568931
17986609,372,272,100,466129219
18242569,280,204,76,473490945
16245961,245,163,82,416365065
18484369,319,225,94,480454785
19222249,375,263,112,501763139
19970449,325,221,104,523457239
17736601,213,145,68,458950647
16469569,324,225,99,422727273
19706521,290,209,81,515794741
17247049,344,245,99,444920953
18965641,327,228,99,494343739
16982281,292,216,76,437351237
18718729,338,239,99,487214403
17987089,255,173,82,466143331
19457929,339,229,110,508588629
16246609,287,194,93,416382885
18243241,204,138,66,473509923
18484561,259,176,83,480460347
19222561,311,226,85,501772571
19970521,369,239,130,523459561
16470721,215,142,73,422761239
17736889,247,177,70,458958939
17247169,297,211,86,444924487
19707601,271,192,79,515826473
18966361,288,210,78,494364517
16982401,335,216,119,437354285
16246969,372,249,123,416393223
18719089,276,189,87,487224249
17987209,285,173,112,466146637
18244801,223,161,62,473554901
19458121,302,202,100,508593561
18485161,318,222,96,480478257
19222921,246,163,83,501782813
16471729,282,189,93,422790255
19970689,290,187,103,523464493
17737441,300,226,74,458973925
17248849,388,278,110,444974023
16983649,359,259,100,437389609
18966481,323,215,108,494367883
19708441,215,147,68,515850533
16247401,270,204,66,416406315
17987881,342,236,106,466166197
18719689,316,212,104,487241319
18244969,355,240,115,473559389
19458601,321,230,91,508607247
16472089,335,232,103,422799681
18485329,313,219,94,480483123
19223401,370,261,109,501797267
17737609,372,258,114,458978515
17249569,310,212,98,444993955
19972201,346,251,95,523507665
16984321,342,232,110,437409043
16247809,303,211,92,416417901
18966529,270,190,80,494369157
19708609,344,240,104,515854769
17988721,245,168,77,466190727
18719929,374,261,113,487248057
18246169,314,215,99,473594651
16473409,302,196,106,422836725
19458721,341,234,107,508610637
18485881,390,259,131,480499071
17737969,335,239,96,458989513
19223569,301,201,100,501801905
16249081,259,183,76,416452945
16985641,377,255,122,437447647
19972369,346,224,122,523513347
18968569,271,183,88,494428653
17989441,304,210,94,466210959
19709089,298,207,91,515869499
16474441,264,190,74,422865625
18720601,319,215,104,487267191
18246601,300,210,90,473607917
18487681,271,186,85,480550725
19458961,270,184,86,508617837
17739961,261,182,79,459046235
16249801,260,185,75,416474011
16986601,366,246,120,437475697
19223761,320,231,89,501807647
19972801,288,219,69,523526931
18968881,323,225,98,494437221
16475089,263,183,80,422884303
17990281,281,190,91,466235913
19709281,224,151,73,515876015
18247321,195,129,66,473629079
18720769,332,220,112,487272207
18488521,272,193,79,480575493
17740969,232,163,69,459075019
19459969,273,191,82,508646625
16986649,284,194,90,437477107
19224529,300,213,87,501830903
19973809,305,209,96,523554621
16475281,224,164,60,422889481
17990449,239,167,72,466240701
18969001,293,196,97,494440527
18248161,284,201,83,473652521
18721249,270,185,85,487287393
19709449,396,275,121,515880575
18488761,273,184,89,480581553
17741161,239,157,82,459080419
16986769,413,306,107,437481085
19460401,345,223,122,508659729
19225201,313,220,93,501848975
16475449,284,183,101,422893993
17990569,238,171,67,466243797
19973881,363,258,105,523557183
18969169,336,244,92,494445885
18248281,271,183,88,473655671
18722089,361,257,104,487310655
19709881,196,133,63,515893313
16986841,232,164,68,437483545
17741329,284,197,87,459085063
18489241,208,156,52,480597159
19460449,320,220,100,508661127
16476121,269,192,77,422914075
19225369,245,179,66,501854705
17990809,278,196,82,466250427
19974049,354,236,118,523561725
18248449,295,190,105,473660825
18969409,383,263,120,494452377
16987441,250,163,87,437499607
18722449,254,158,96,487321593
17742481,295,196,99,459118027
18489409,256,185,71,480601065
19710289,283,205,78,515904557
16476289,353,233,120,422918737
19460569,339,242,97,508664745
19225441,225,140,85,501856769
17992081,324,222,102,466286907
18249529,246,173,73,473691587
18970921,304,202,102,494496903
16988281,307,208,99,437522839
19975321,326,212,114,523598133
17742601,315,229,86,459121573
18722761,276,190,86,487330953
18490201,187,129,58,480623397
19710721,294,197,97,515917433
16476769,216,149,67,422932807
19460641,287,201,86,508666227
19226281,304,224,80,501881567
17992489,309,225,84,466298703
18249841,288,193,95,473701037
16989529,271,202,69,437558335
18971089,364,259,105,494502039
17742649,401,265,136,459122611
19975369,412,288,124,523599699
18723121,282,194,88,487341861
18490921,238,168,70,480644793
16477801,316,228,88,422961793
19711441,232,168,64,515938433
19460809,203,145,58,508670607
17992801,281,208,73,466307811
19226761,269,172,97,501894839
16990801,279,181,98,437594569
17744281,243,172,71,459169657
18971521,376,254,122,494513415
16478569,325,223,102,422982973
18491089,275,188,87,480649185
18723769,250,176,74,487359687
19975729,308,219,89,523610511
19711969,384,247,137,515952977
19461121,248,161,87,508680513
17992921,249,174,75,466310907
16991209,237,166,71,437607445
19227961,343,237,106,501929831
17745001,262,184,78,459190801
16479241,217,139,78,423002467
18971569,316,238,78,494516043
18491449,276,186,90,480659637
18724561,447,302,145,487382493
19976569,400,283,117,523634727
19712281,264,191,73,515962109
17993641,359,244,115,466331421
16991809,291,200,91,437624359
19461649,262,186,76,508696065
19228441,253,169,84,501943223
16479649,290,201,89,423016153
17745289,290,196,94,459199093
18972529,255,150,105,494542629
18491881,330,210,120,480671511
18724609,348,248,100,487383705
19977049,308,205,103,523649985
16991881,256,178,78,437626297
17993929,331,239,92,466340109
19713121,310,220,90,515986415
19462081,240,166,74,508707531
16480081,273,207,66,423027613
19228609,294,209,85,501948137
17746129,347,241,106,459223099
18973081,333,233,100,494559319
18491929,266,190,76,480672999
18724801,257,173,84,487388757
16992049,330,227,103,437631049
19977169,262,179,83,523652997
17994481,319,222,97,466355637
16480249,329,244,85,423032611
19713409,264,186,78,515995205
19462129,328,216,112,508708623
17746801,300,214,86,459242593
19228801,304,223,81,501953537
18973249,231,158,73,494564359
18492049,334,218,116,480676287
18725281,319,223,96,487402695
16992529,264,179,85,437644309
17994841,281,190,91,466365331
16480801,301,209,92,423048247
19977889,359,243,116,523673655
17747689,278,198,80,459267481
19713961,257,173,84,516010959
19462321,333,234,99,508715217
19229401,221,140,81,501971435
18973369,268,176,92,494567287
18492289,390,268,122,480682929
16993321,223,149,74,437667421
18725401,320,220,100,487406745
16480921,232,166,66,423050761
17995009,353,254,99,466372003
17748529,366,252,114,459291745
19978561,267,194,73,523692981
19462921,281,187,94,508732011
19714129,338,236,102,516015333
19230481,283,189,94,502002215
18492961,273,178,95,480702537
18973441,289,212,77,494568919
16993369,270,175,95,437668609
16480969,466,336,130,423052237
18725809,338,237,101,487417821
17995609,185,125,60,466389085
17749201,311,215,96,459311707
19978921,303,206,97,523703631
19463161,355,235,120,508738671
19714249,231,160,71,516019335
19230649,267,180,87,502006691
16994041,233,165,68,437687041
18494401,219,148,71,480744891
16481329,353,249,104,423062657
18974281,290,204,86,494593063
18726241,308,219,89,487430397
17995849,259,168,91,466395385
17749489,287,202,85,459319343
19979689,349,243,106,523724877
19463329,296,212,84,508744017
16994209,299,212,87,437691673
19714801,361,270,91,516035385
19231081,269,165,104,502019609
16481809,277,189,88,423075605
18495409,229,150,79,480773099
18974881,259,169,90,494610337
18726289,308,204,104,487431663
17997121,292,205,87,466431337
17749729,423,297,126,459325799
16994881,308,215,93,437711097
16483321,245,179,66,423119489
19979761,263,181,82,523727577
19463641,270,184,86,508754001
19231801,225,159,66,502040273
19715809,306,210,96,516064641
18496081,352,254,98,480792579
18974929,358,240,118,494611381
17999521,207,148,59,466501299
18726481,215,143,72,487436625
16995049,250,144,106,437716265
16483609,275,181,94,423127863
19464169,302,199,103,508769157
19979929,299,204,95,523732269
19231969,238,153,85,502044731
19716001,294,207,87,516070389
18496129,311,221,90,480793353
18975289,376,271,105,494622079
17999689,310,211,99,466505277
18727321,263,191,72,487461945
16996009,319,222,97,437742647
16484161,254,174,80,423143403
19464769,293,206,87,508785165
19232089,402,275,127,502047947
19980241,307,222,85,523741593
18497161,249,168,81,480823575
19716649,280,194,86,516089361
18975769,352,268,84,494636155
17999881,241,171,70,466510785
18728641,315,207,108,487499601
16484329,295,196,99,423147969
16996561,273,191,82,437759447
18497641,321,220,101,480836637
19465009,314,207,107,508793415
19232641,242,170,72,502065081
19981201,315,218,97,523769461
18976609,248,164,84,494660605
19716841,307,209,98,516094743
18728761,371,250,121,487502919
16485961,344,262,82,423194621
16997401,266,185,81,437784185
18498769,331,214,117,480870381
19233649,315,224,91,502093967
19465609,369,273,96,508811109
18976729,309,217,92,494664529
16486849,296,203,93,423219317
19981249,341,241,100,523770979
19717609,335,230,105,516116775
16997521,340,241,99,437787059
18729481,212,156,56,487523937
18499321,237,161,76,480886401
16486969,265,184,81,423222591
19234321,376,254,122,502112777
19466449,336,222,114,508834363
18978241,376,254,122,494708785
16998361,231,165,66,437811101
19717681,263,166,97,516119085
19982449,258,178,80,523805617
18729769,270,193,77,487531977
16487209,345,244,101,423229287
18499489,331,223,108,480891153
16998409,360,253,107,437812601
19236001,280,205,75,502162667
19466521,288,200,88,508837087
18978481,253,167,86,494715151
19717849,341,234,107,516123543
18730009,291,194,97,487538673
19982881,289,216,73,523817851
16487641,272,176,96,423242373
18499609,358,262,96,480894297
16998601,317,229,88,437818703
19236121,317,220,97,502165715
18978649,312,200,112,494720071
19467841,266,165,101,508875245
19718689,249,172,77,516148575
18730489,289,190,99,487553337
19983289,385,261,124,523829581
16487881,282,191,91,423248685
18499849,201,144,57,480900705
18979249,238,161,77,494738143
19236961,274,193,81,502190159
19468849,236,170,66,508904343
18730609,403,275,128,487556895
19719001,240,156,84,516157899
16488481,333,219,114,423266217
19984609,290,205,85,523867937
18979801,244,174,70,494753461
19237201,210,137,73,502197363
19469041,226,147,79,508909557
16488721,426,303,123,423272613
18731281,306,190,116,487575351
19719121,295,213,82,516160833
19984969,249,170,79,523878989
18980161,276,185,91,494764309
16488889,371,238,133,423278067
19237849,407,271,136,502216029
19471729,398,279,119,508987323
18732361,486,337,149,487607029
19719289,338,242,96,516166691
19985401,326,229,97,523891667
16489729,249,156,93,423301491
18981169,258,174,84,494792725
19237969,292,203,89,502219011
19472209,248,169,79,509001819
18733129,427,281,146,487628329
19719841,278,202,76,516182555
19986121,213,158,55,523913627
16490161,317,221,96,423314271
18981649,299,202,97,494806645
19238041,231,149,82,502221153
19473049,237,156,81,509026341
18733369,335,227,108,487636309
19721809,479,331,148,516238751
16490329,308,224,84,423318795
19987081,382,260,122,523940195
18981841,336,238,98,494811847
19238521,317,202,115,502235481
19473169,301,206,95,509029329
18733849,271,175,96,487650209
19721881,246,167,79,516240863
16491001,344,243,101,423338211
19987129,317,219,98,523941995
18982441,241,167,74,494829523
19238641,368,255,113,502239039
19473409,395,272,123,509036619
18733969,292,206,86,487653497
16491841,320,218,102,423361155
19722529,254,181,73,516259571
19987969,312,207,105,523966565
18983161,357,236,121,494850127
16491889,421,294,127,423362463
19239049,311,214,97,502250673
18734041,411,280,131,487655651
19474009,244,174,70,509054391
19722649,279,195,84,516262301
19988161,322,237,85,523971995
18983521,296,202,94,494860849
16492849,295,201,94,423390075
19240201,376,259,117,502283331
18734641,306,206,100,487672613
19474249,233,159,74,509061603
19722721,262,191,71,516264527
19989481,344,222,122,524010575
16493089,343,247,96,423397059
18983689,287,189,98,494865811
19242049,340,231,109,502336613
18734809,322,219,103,487678091
19474729,300,221,79,509075325
19724209,345,254,91,516307955
16493761,254,176,78,423416523
19990609,299,200,99,524042795
18984001,260,166,94,494874493
19242409,312,201,111,502347593
18735361,301,202,99,487693793
19476361,375,265,110,509122311
16497121,227,155,72,423512671
19724569,383,261,122,516318311
19990849,367,269,98,524049767
18984841,324,224,100,494899519
18735481,251,173,78,487697579
19242841,327,232,95,502359617
16497889,295,202,93,423534025
19476409,282,202,80,509123445
19726081,362,250,112,516362797
19991161,292,206,86,524059529
18985849,261,174,87,494928333
18735529,305,204,101,487699139
19242889,348,237,111,502361489
16497961,290,190,100,423536269
19476529,352,261,91,509127075
19726849,287,186,101,516385471
18985969,321,211,110,494931621
19991329,252,175,77,524063879
16498561,278,195,83,423553513
18736561,354,238,116,487728989
19243009,268,189,79,502364681
19477201,280,192,88,509146821
19728601,257,171,86,516435643
18986641,206,133,73,494951181
16498969,291,199,92,423564727
19992001,224,147,77,524082719
18737569,313,219,94,487757777
19243729,390,274,116,502385141
19477441,345,242,103,509153391
16499449,310,211,99,423579367
19730089,339,229,110,516478831
18986689,296,196,100,494952243
18737881,371,262,109,487766459
19992169,368,255,113,524087507
19243921,360,242,118,502390781
16499569,323,230,93,423582523
19479049,301,220,81,509200623
19730209,267,193,74,516482515
18987049,289,184,105,494962431
18739081,300,196,104,487801373
19992529,348,242,106,524099309
19245601,267,186,81,502439487
16499641,232,160,72,423584383
19479289,292,198,94,509207463
19730449,361,246,115,516489319
18987361,368,243,125,494971953
18739561,247,153,94,487814707
19993201,397,287,110,524117705
19246369,365,246,119,502461289
19479721,254,179,75,509220309
18987481,437,331,106,494975121
19732561,234,154,80,516550175
18740569,293,211,82,487844005
19993849,316,213,103,524136443
19246441,283,198,85,502463377
19480129,287,208,79,509231895
18987649,394,267,127,494979987
19732969,234,166,68,516562397
18741529,265,184,81,487871647
19247089,312,209,103,502482313
19994809,291,193,98,524164721
19480969,377,279,98,509255283
18987889,351,223,128,494987151
18741601,264,173,91,487873705
19733281,289,190,99,516571289
19248601,277,201,76,502525849
19995721,304,216,88,524190857
19481281,238,168,70,509264615
18988729,387,256,131,495010695
18742201,294,217,77,487890505
19733401,250,168,82,516574721
19248961,309,208,101,502535955
19995889,251,160,91,524195375
19481401,238,155,83,509268671
18989041,270,182,88,495020091
18742249,239,171,68,487892005
19733449,290,190,100,516575861
19249129,346,227,119,502540581
19996201,227,145,82,524204777
19481569,375,249,126,509273351
18989161,258,173,85,495023399
18743089,275,176,99,487916839
19733809,330,223,107,516586301
19996321,299,210,89,524208461
19482121,272,191,81,509289233
18989401,362,242,120,495030095
18743281,351,243,108,487922233
19734241,284,193,91,516598787
19996489,290,195,95,524213415
18743449,391,259,132,487927369
18990721,303,194,109,495068693
19482409,282,203,79,509297387
19734409,320,222,98,516603275
19997041,194,136,58,524229033
18744601,287,216,71,487961233
18990841,316,207,109,495072203
19482649,359,245,114,509303741
19734961,237,163,74,516620021
19997161,339,245,94,524232489
18744889,327,225,102,487968715
18991081,324,225,99,495080423
19483249,298,208,90,509320901
19736161,268,180,88,516655373
19997209,302,215,87,524233959
18745561,277,195,82,487988095
18991729,249,171,78,495098399
19485001,308,210,98,509372217
19736641,270,172,98,516669671
19998169,289,211,78,524262093
18745801,343,236,107,487995043
18992401,240,170,70,495118743
19485481,301,205,96,509386215
19736809,255,174,81,516673379
18746281,217,137,80,488008981
19998721,279,199,80,524278083
18994201,351,236,115,495169191
19485601,300,209,91,509389773
19736929,268,182,86,516677117
18746569,290,191,99,488016637
18994609,272,202,70,495181281
19998841,266,169,97,524280851
19485841,265,179,86,509396661
19737481,271,190,81,516693377
18746641,245,166,79,488018989
18995089,348,247,101,495195207
19999249,392,271,121,524292347
19487329,213,155,58,509440323
19739449,327,220,107,516750557
18747121,396,283,113,488032447
18995209,249,173,76,495198093
19999729,324,224,100,524306843
19488121,262,179,83,509463453
19739521,249,167,82,516752429
18747241,343,228,115,488035669
18995761,305,208,97,495214527
19488289,406,281,125,509468049
19740001,282,181,101,516766925
18747409,344,243,101,488041837
18995929,292,206,86,495219027
19488361,200,141,59,509470545
19740121,357,256,101,516769961
18747649,366,256,110,488048833
18996049,345,250,95,495222147
19489009,285,212,73,509488527
19740361,289,224,65,516777715
18747961,302,200,102,488057887
18996721,340,234,106,495242931
19489369,301,202,99,509498991
19740841,379,264,115,516790831
18749329,220,139,81,488096433
18997129,358,255,103,495254019
19490209,385,251,134,509523375
18749641,181,127,54,488105985
19741009,287,203,84,516796051
18997441,197,146,51,495263121
19490521,339,229,110,509532375
19741129,278,197,81,516799039
18997969,310,203,107,495277517
19491049,333,230,103,509548113
19741801,268,183,85,516819043
18998281,270,177,93,495287261
19491481,238,162,76,509560053
18998641,285,181,104,495297353
19742641,311,225,86,516843439
19491721,325,230,95,509566563
18999289,259,179,80,495317159
19743649,354,225,129,516872137
19492729,293,199,94,509596467
19744201,294,206,88,516888475
19493041,309,205,104,509605179
19744321,343,253,90,516892093
19493161,249,162,87,509608815
19744729,303,197,106,516904457
19493401,332,224,108,509615409
19745329,289,215,74,516921827
19494001,233,152,81,509633985
19746241,312,217,95,516947885
19494841,302,219,83,509657577
19746889,362,241,121,516966725
19495009,331,233,98,509662707
19748401,305,202,103,517010063
19495081,278,186,92,509664591
19748761,389,278,111,517020251
19495681,308,229,79,509681823
19748929,331,232,99,517024841
19495921,259,188,71,509688903
19749241,235,162,73,517034383
19496401,214,137,77,509702673
19749409,256,162,94,517038589
19496761,282,191,91,509713983
19496929,361,252,109,509718867
19497529,296,212,84,509736081
19497769,276,200,76,509742321
19498249,376,266,110,509756067
19499041,237,176,61,509779179
19499089,270,171,99,509780205
20000569,265,186,79,524332331
20250049,339,234,105,531585553
20501329,272,172,100,538901343
20750809,279,202,77,546172127
21000121,337,230,107,553448113
21250849,357,236,121,560774747
21500161,339,238,101,568067541
21750241,373,270,103,575391883
22000129,442,293,149,582719973
20000689,253,172,81,524335613
20250889,306,191,115,531610215
20502049,286,188,98,538922637
20751361,235,173,62,546188039
22250929,311,213,98,590082895
22500241,213,136,77,597412275
21000169,213,146,67,553450099
22750081,296,197,99,604762773
21251281,309,199,110,560786591
23000401,405,281,124,612135963
21500641,318,238,80,568082193
21750481,280,188,92,575399533
20001361,328,241,87,524355277
20251081,293,189,104,531615609
22000441,441,297,144,582729729
20502169,300,218,82,538925709
23250361,249,181,68,619509233
20751481,273,189,84,546191807
22251049,346,240,106,590086201
23500129,296,201,95,626882111
23750689,362,259,103,634287525
21001801,262,172,90,553497181
24000001,257,170,87,641665185
22501201,335,233,102,597439677
21251689,344,216,128,560797871
22750561,291,210,81,604777893
24250129,291,210,81,649072183
20001769,349,255,94,524366947
24500449,253,173,80,656494799
20251249,379,266,113,531620325
23001049,298,206,92,612155919
21502441,236,169,67,568133981
21751129,363,243,120,575418517
20505241,328,230,98,539014981
24750289,429,292,137,663909867
22000609,265,195,70,582734199
20752489,382,268,114,546221649
22251601,289,193,96,590102563
23250481,286,202,84,619512701
23500369,392,245,147,626889725
23751289,292,195,97,634305741
24001321,334,240,94,641704101
22501441,245,164,81,597446901
21001969,327,213,114,553501891
22750681,339,232,107,604780959
20002201,326,229,97,524380279
21252001,288,200,88,560809049
21502681,426,277,149,568141391
20251849,368,268,100,531637419
20505361,474,345,129,539017891
24500569,328,229,99,656498759
23001169,282,188,94,612159747
20752729,462,304,158,546228807
24250249,278,187,91,649075699
23251489,358,263,95,619541513
21752329,263,181,82,575453725
24750721,309,222,87,663923301
22252561,361,260,101,590131945
22000801,193,128,65,582740343
22750729,296,209,87,604782561
24002161,327,226,101,641729283
23500801,268,182,86,626902259
21002521,240,164,76,553519033
21252289,331,239,92,560816509
23752369,355,233,122,634337403
20252521,258,178,80,531658137
21502849,275,187,88,568145951
22502209,299,202,97,597469569
20002369,296,195,101,524384887
20505409,313,216,97,539019637
23001241,379,268,111,612161331
22252729,372,265,107,590136469
20753329,209,150,59,546246891
24750769,303,211,92,663924633
23252329,221,126,95,619567003
22751401,273,178,95,604802277
21753169,360,259,101,575477823
24500809,254,167,87,656505581
24250921,363,246,117,649097221
21002689,314,211,103,553523725
24003961,387,263,124,641781453
22001641,283,190,93,582764805
20252761,345,229,116,531665295
21253849,253,178,75,560861929
21504169,312,211,101,568184889
20506081,301,208,93,539038925
23501041,279,189,90,626909213
20003089,341,230,111,524406091
23001409,328,218,110,612166041
23752801,303,207,96,634350513
22502881,296,200,96,597488727
22252969,437,319,118,590143543
21002881,321,213,108,553529041
22752361,338,242,96,604830075
24750961,237,157,80,663930153
20753401,278,195,83,546248331
20253241,198,125,73,531679431
21254041,343,239,104,560866921
21504361,316,218,98,568190781
21754489,307,197,110,575516969
23252569,456,320,136,619573567
24005209,312,200,112,641819739
20506201,305,205,100,539042729
24501409,307,222,85,656523437
22001809,290,196,94,582770091
24250969,356,244,112,649098499
23002009,361,248,113,612183443
20004289,473,331,142,524439937
22253401,318,228,90,590156059
21005041,237,176,61,553592119
20253361,328,217,111,531682347
23501809,322,220,102,626932373
22752601,291,201,90,604836549
23753809,289,200,89,634380405
22502929,362,248,114,597490509
24751729,306,214,92,663952677
21254689,239,161,78,560885917
20754001,341,231,110,546265863
21504841,289,204,85,568204317
20506249,221,163,58,539044547
24005689,438,307,131,641833785
21754609,428,296,132,575520413
23253001,329,239,90,619586305
22253809,440,334,106,590167429
21005209,206,141,65,553597003
23002729,302,209,93,612204461
22002121,272,192,80,582778875
24502249,303,203,100,656548577
20254249,340,229,111,531708219
22753369,331,208,123,604858317
20005129,226,148,78,524464993
24251089,339,232,107,649101487
21255361,271,188,83,560906229
24752281,307,214,93,663969417
20506441,290,199,91,539049209
23502049,399,266,133,626939285
22503769,329,218,111,597515493
21505009,216,144,72,568209501
20755681,334,235,99,546314607
23753881,413,294,119,634381689
24006889,330,228,102,641868765
21005329,327,242,85,553600387
20254609,340,228,112,531718869
23253049,291,200,91,619587941
22254121,421,277,144,590176987
21755329,287,191,96,575541773
22753609,394,263,131,604865515
22002289,266,176,90,582783387
21255529,224,149,75,560910699
23002849,269,173,96,612207749
20005441,260,164,96,524474023
20506921,311,209,102,539063585
24503161,290,187,103,656575781
21505129,353,248,105,568212495
24752449,314,225,89,663973827
24252001,287,203,84,649128001
20254921,293,197,96,531727959
21005401,439,323,116,553602451
24008041,318,229,89,641902857
20756089,419,297,122,546327135
23502649,289,187,102,626956917
23253409,307,213,94,619597943
22503889,323,235,88,597519783
22256329,374,274,100,590240605
23754529,287,189,98,634401141
21255721,302,213,89,560916045
22754881,352,256,96,604903383
20507281,287,207,80,539074517
21756289,269,179,90,575569881
20005729,340,226,114,524482363
22002649,322,215,107,582794583
21505681,229,153,76,568229067
20256889,252,172,80,531784911
23003689,333,231,102,612233591
21007249,407,265,142,553655729
24752569,402,266,136,663977751
24503929,311,219,92,656598341
23253721,269,184,85,619608425
24008209,299,206,93,641907267
24252169,320,219,101,649133551
22258009,348,248,100,590290439
20507761,240,158,82,539088491
21256321,312,230,82,560934273
20756521,365,234,131,546339237
22754929,347,227,120,604904517
22504129,303,207,96,597525921
23503321,307,210,97,626976251
21756529,316,204,112,575576727
23754721,274,168,106,634407021
21506041,342,241,101,568239183
20257729,394,282,112,531809811
21007561,361,239,122,553665305
20006641,315,210,105,524508661
22003129,311,219,92,582808641
23004409,308,204,104,612254075
24009169,333,246,87,641935677
20508289,323,220,103,539104037
21256369,337,224,113,560935623
22258441,292,187,105,590303471
22755721,303,197,106,604928181
23253889,362,266,96,619612961
24752809,343,248,95,663984457
21757849,263,181,82,575615835
20757601,257,173,84,546371067
20258281,322,219,103,531825783
24504169,413,280,133,656605223
24252601,397,282,115,649146973
21506209,287,184,103,568245093
21007681,335,222,113,553668851
22504969,324,222,102,597550173
23503489,293,195,98,626981471
20007409,355,238,117,524531101
20508601,264,183,81,539113091
23755201,334,215,119,634421229
23004601,358,250,108,612260579
21257209,321,213,108,560961099
22258681,274,178,96,590310767
24009241,345,230,115,641937471
22004161,325,220,105,582838377
22755961,310,221,89,604935069
21757969,296,191,105,575618955
21507649,302,207,95,568286529
20258401,320,219,101,531829551
23254729,224,145,79,619637681
21007849,344,230,114,553673855
20758201,330,228,102,546388011
24505009,258,175,83,656630059
24753961,251,177,74,664021015
20508889,306,190,116,539121569
23005249,254,180,74,612279179
21257569,321,217,104,560970879
22507489,275,180,95,597624283
24252769,402,286,116,649151557
22756441,339,221,118,604950387
20008129,332,236,96,524552647
21758041,351,242,109,575620935
23504209,257,188,69,627001877
24009889,339,239,100,641957469
23755729,550,385,165,634436463
20259241,241,173,68,531853389
21508321,228,161,67,568306461
22004329,343,238,105,582843105
22258849,320,216,104,590315981
20509129,262,178,84,539129165
21008401,338,231,107,553689795
24505321,280,193,87,656639257
20758609,280,203,77,546400473
23005921,276,171,105,612299183
21257881,313,204,109,560979303
23254921,319,215,104,619642739
22757401,450,324,126,604978503
21759721,303,201,102,575670021
20259649,290,204,86,531865053
24754801,371,248,123,664044043
21509041,272,172,100,568327965
20008249,477,335,142,524555791
24010249,434,301,133,641967381
22507801,266,175,91,597634123
23756041,271,194,77,634446279
24252841,330,242,88,649153549
21008521,329,225,104,553693989
23504401,464,319,145,627007499
22005169,379,249,130,582867493
22259161,343,245,98,590326205
23006041,323,211,112,612302225
20509609,449,334,115,539142533
21258001,356,251,105,560983011
21760489,191,120,71,575692803
22757641,240,168,72,604985679
24505441,263,167,96,656642617
20260921,280,196,84,531901563
20759281,397,256,141,546419619
21509161,311,220,91,568331027
23256601,304,216,88,619692757
20008801,299,211,88,524571745
24010729,412,270,142,641980701
23757241,251,169,82,634482429
21008761,222,144,78,553700895
22508641,236,158,78,597658915
24754921,269,187,82,664047967
21259009,326,233,93,561012747
23006281,303,208,95,612309509
21761041,306,201,105,575708829
20261929,312,220,92,531930739
22758289,265,179,86,605003805
23505721,275,193,82,627047747
24253609,427,281,146,649175641
22005601,261,178,83,582880369
24505681,326,219,107,656650237
20759881,286,200,86,546436515
20511289,364,242,122,539191505
22259329,322,206,116,590330273
21509569,311,208,103,568343111
21010441,311,201,110,553749231
23757841,379,266,113,634499535
20008921,253,175,78,524574613
23257249,274,187,87,619711075
23006449,369,245,124,612315137
22759081,292,211,81,605027127
21761161,372,265,107,575712027
21259561,300,200,100,561028779
22005649,261,186,75,582882151
24011401,419,296,123,642001401
22508929,312,213,99,597667501
20760121,327,216,111,546444483
21510241,348,247,101,568363467
20262481,356,235,121,531946981
22259689,234,150,84,590340295
24505849,285,212,73,656655133
24756001,356,258,98,664080289
20511649,274,183,91,539201483
23506009,322,232,90,627056411
21010609,220,157,63,553755033
24254161,342,221,121,649192213
23758081,279,191,88,634507113
20009329,330,214,116,524587995
21761881,309,201,108,575733675
21259681,227,152,75,561031917
23006761,359,253,106,612323999
22006321,294,209,85,582901417
20760601,230,151,79,546457671
21510889,290,183,107,568381371
23257369,331,223,108,619714255
22759129,287,187,100,605029275
24506161,261,191,70,656664511
22509169,234,167,67,597674461
22261201,262,174,88,590384865
20262601,367,248,119,531950053
21010921,284,190,94,553764201
24011569,273,180,93,642006507
20512249,280,183,97,539219273
23758561,338,240,98,634521639
20009761,304,208,96,524599929
21762721,276,190,86,575759121
24756481,321,216,105,664094089
23506921,250,169,81,627082835
23007289,381,248,133,612339929
20760721,333,228,105,546460941
24254281,351,258,93,649195615
21259729,269,188,81,561033561
21511561,295,200,95,568400415
22509601,277,202,75,597687067
22007329,253,167,86,582931321
21011761,293,206,87,553788063
24506281,345,235,110,656667631
20512321,237,157,80,539220779
20009929,376,264,112,524605263
20263849,313,202,111,531987713
23759401,322,210,112,634545183
23257441,279,184,95,619716577
22759249,391,266,125,605032263
24013201,307,222,85,642055269
22261801,241,148,93,590402343
21762889,175,116,59,575763315
23008129,306,224,82,612364091
20760769,290,198,92,546463575
24254521,338,225,113,649202305
21511849,333,244,89,568409055
22512289,326,219,107,597765951
24756649,213,155,58,664099477
23507089,332,234,98,627088217
20513641,283,200,83,539259749
20010481,329,218,111,524620989
21260521,386,252,134,561056781
24507289,314,217,97,656698303
21012889,381,251,130,553820717
22007521,285,197,88,582936715
23759569,348,252,96,634550451
20264161,264,174,90,531996887
21763249,292,182,110,575773677
20764921,225,151,74,546583969
23008801,349,246,103,612384125
22760329,225,161,64,605063769
23258041,295,201,94,619734949
22261969,318,219,99,590407191
21512401,260,183,77,568426713
24013921,305,212,93,642076455
24255169,234,159,75,649222129
20010769,219,159,60,524629059
22512361,256,165,91,597768087
20514601,295,176,119,539287673
24507529,294,201,93,656706571
21261241,243,168,75,561078933
23507401,360,245,115,627097187
23760409,315,220,95,634575747
24757009,292,197,95,664109503
21763561,202,136,66,575782827
21013609,365,246,119,553842031
20764969,335,238,97,546585205
23008969,266,190,76,612389195
22008169,320,239,81,582956629
20264689,235,155,80,532011437
21513241,344,237,107,568450803
20011441,357,243,114,524648421
24255289,314,210,104,649225099
20514841,270,193,77,539294531
22513129,359,247,112,597790485
22760641,285,212,73,605072733
22262041,363,259,104,590408949
23258761,282,207,75,619756375
24507961,244,175,69,656718853
24014041,380,267,113,642079773
21763849,303,206,97,575790909
23761201,341,226,115,634599579
20765089,341,240,101,546588709
23010961,293,198,95,612447761
21513361,205,128,77,568454415
21261601,329,232,97,561088581
20011489,305,205,100,524650041
21014641,293,206,87,553873135
23507569,331,244,87,627102593
20265121,295,205,90,532023905
24255841,278,182,96,649241695
24757441,255,177,78,664122559
22010041,282,188,94,583011343
20515009,340,228,112,539299259
22513201,350,232,118,597792975
22262209,389,277,112,590413515
24509041,392,286,106,656750305
20765809,228,160,68,546610027
22760929,296,209,87,605082225
23761249,311,215,96,634600767
21513769,356,250,106,568466853
23258929,256,181,75,619761841
21764089,295,195,100,575797407
20011609,317,227,90,524653293
23011129,318,214,104,612453341
24014281,262,184,78,642087207
20516281,271,177,94,539337293
21263041,239,164,75,561130533
24256129,309,205,104,649250365
21015289,256,177,79,553891525
20266681,364,272,92,532069769
22513369,365,267,98,597797799
22010641,332,215,117,583029073
20765929,352,233,119,546612955
23507689,348,229,119,627106103
22263049,302,194,108,590438649
20011681,334,234,100,524655177
24509209,317,232,85,656754967
24757609,289,196,93,664127887
21514081,277,188,89,568475979
23763721,285,195,90,634673435
22761001,331,224,107,605084493
20516689,305,210,95,539348981
21764401,323,231,92,575806707
23259121,333,217,116,619767181
24256681,371,268,103,649267735
23011801,338,243,95,612472413
22513801,303,209,94,597810159
22010881,326,219,107,583035619
20766649,361,259,102,546633823
21263089,209,137,72,561132231
24015961,379,260,119,642137343
22263361,298,201,97,590448081
21015409,261,169,92,553894921
20266849,239,173,66,532074695
21514249,231,143,88,568480695
23764561,410,283,127,634698509
20013121,335,234,101,524698035
24510049,327,223,104,656779519
22761649,223,155,68,605103237
23508361,342,238,104,627126083
24757849,291,193,98,664134751
20767009,314,199,115,546645367
20517121,261,166,95,539361383
22011049,292,194,98,583041349
21764929,243,171,72,575823189
22514521,393,253,140,597831315
22263721,384,254,130,590459247
24016129,282,193,89,642142323
24257041,293,200,93,649277803
23259721,237,162,75,619785115
21514369,328,229,99,568484391
23011921,272,198,74,612475947
21263449,183,130,53,561142167
20267641,306,217,89,532097531
21015649,328,231,97,553901089
22762009,234,160,74,605113635
23764729,296,211,85,634703645
24510529,363,246,117,656793169
20013529,424,301,123,524709195
20767609,297,195,102,546662317
22011361,207,155,52,583049881
23508769,282,205,77,627138005
22264201,281,193,88,590474625
22514689,352,234,118,597836163
20517841,210,145,65,539382479
21514609,312,199,113,568490445
24017401,343,235,108,642179481
21765409,280,200,80,575837007
24758161,288,194,94,664144057
22762489,307,212,95,605127447
23012089,236,159,77,612480483
23765641,266,187,79,634730339
21263761,244,183,61,561151149
20267809,272,181,91,532102445
23260801,280,196,84,619816777
24257209,331,225,106,649282075
21016129,272,189,83,553915915
20014009,309,212,97,524724027
20769361,346,237,109,546715179
20517961,317,227,90,539385665
22011721,271,176,95,583060897
22514809,299,195,104,597840273
24511321,320,215,105,656817175
21515449,382,264,118,568515219
22265209,352,244,108,590503737
24017449,311,202,109,642180459
22762681,291,216,75,605132835
23509609,463,310,153,627162419
23012761,341,233,108,612500523
23766241,372,257,115,634747601
20014369,353,234,119,524733999
21765529,320,217,103,575839953
20519209,372,236,136,539421349
24257641,288,198,90,649295491
20268049,313,217,96,532109655
24758449,337,228,109,664151761
21264601,377,265,112,561176139
22012321,306,208,98,583077481
21017329,298,195,103,553951225
20770681,259,175,84,546752865
23260969,352,230,122,619821283
21516961,384,254,130,568559849
22265329,275,185,90,590506653
22515529,191,140,51,597861735
22763161,246,165,81,605147037
24017569,268,194,74,642184467
24511489,357,241,116,656822065
23012809,322,222,100,612501699
20015041,384,266,118,524752899
20519641,321,236,85,539433601
23766961,201,137,64,634769375
21765769,288,199,89,575847405
22012489,288,188,100,583082605
23509921,361,258,103,627172079
24258361,301,202,99,649316875
21518281,242,165,77,568598441
21264769,207,132,75,561180999
20268481,289,198,91,532122363
21017641,357,240,117,553960573
20771041,292,205,87,546763281
22265401,346,234,112,590508939
22763329,448,316,132,605151579
20015521,291,201,90,524767587
24758689,352,248,104,664159861
23013169,356,261,95,612513009
23261449,307,217,90,619835233
20519689,297,209,88,539434927
24018289,280,185,95,642207343
22516201,344,243,101,597881343
23767489,288,195,93,634784693
21766369,304,202,102,575865087
22013161,338,241,97,583102927
21518569,430,296,134,568606343
24512209,361,259,102,656843107
20015641,345,234,111,524770911
23510041,265,177,88,627176165
20269489,284,217,67,532152165
21264889,359,261,98,561184083
24259201,333,246,87,649342153
20520889,301,192,109,539470753
22764961,341,254,87,605200179
23013649,302,215,87,612527385
21017761,355,253,102,553964077
23263081,372,260,112,619884307
20771521,274,186,88,546776937
21767209,311,209,102,575890217
22265569,304,224,80,590513793
23768089,241,156,85,634802303
24018649,340,251,89,642217237
22013209,286,195,91,583104355
24759001,349,254,95,664169749
20015689,170,120,50,524772081
22516321,299,194,105,597884859
20521489,320,212,108,539487767
21519409,423,292,131,568630655
24512329,420,317,103,656846845
24259369,271,202,69,649346605
23014009,385,277,108,612537393
22765801,315,216,99,605224197
20270161,273,188,85,532170447
21767929,256,166,90,575911529
20772049,263,179,84,546792095
21265129,335,215,120,561190869
23510449,270,187,83,627188267
23263969,201,150,51,619910209
22014241,366,245,121,583134415
21017809,256,181,75,553965649
24019321,339,242,97,642237055
20016649,244,170,74,524800491
22267009,312,221,91,590556129
20521561,319,213,106,539489627
23768929,356,248,108,634827203
22516369,388,267,121,597886029
21768049,305,203,102,575914481
24759841,360,240,120,664194217
23015329,247,170,77,612576939
24260161,268,190,78,649370281
24513001,364,260,104,656867215
21521329,322,224,98,568686755
23264089,308,227,81,619913521
20271049,416,284,132,532196799
20017369,201,147,54,524820907
20772481,291,197,94,546805151
21265441,307,215,92,561200727
22765969,353,265,88,605229783
24020089,372,267,105,642259447
22267561,324,215,109,590571999
22015249,289,198,91,583164563
20522041,225,150,75,539504585
23511049,257,178,79,627204923
21018601,324,222,102,553988005
21768289,347,231,116,575920937
23015689,292,209,83,612587103
24260209,328,221,107,649371661
20017561,371,261,110,524825905
23769481,326,234,92,634843181
24513169,394,263,131,656871973
22518049,286,197,89,597935469
21266449,315,204,111,561229761
23265001,309,219,90,619940983
21522001,318,213,105,568706303
20522209,293,201,92,539509661
22015681,204,136,68,583176773
24760009,273,190,83,664199953
22269241,276,193,83,590621901
20272009,322,212,110,532224393
24022321,317,224,93,642326257
20774161,293,207,86,546854027
22766209,287,189,98,605237001
21768601,262,187,75,575931149
21018841,308,210,98,553995199
20018161,282,188,94,524843359
23016289,346,243,103,612606189
23511601,333,226,107,627221801
24261049,329,220,109,649397335
23770009,403,272,131,634859495
20522881,279,192,87,539529317
22016569,271,187,84,583201967
22269409,332,229,103,590626647
24513241,301,200,101,656874259
22518409,365,263,102,597945825
24022849,399,277,122,642342253
21768961,307,202,105,575941019
20272249,429,293,136,532232175
21268129,278,197,81,561278847
21522601,308,210,98,568725017
20774401,335,237,98,546861281
23267161,375,245,130,620004547
20018881,213,143,70,524865541
24760201,298,190,108,664205167
22766641,416,283,133,605249511
23016361,301,219,82,612608055
21019849,253,179,74,554023951
20523241,324,226,98,539539259
23770321,296,214,82,634868543
24261241,332,241,91,649402261
22017361,307,200,107,583225421
23511889,259,178,81,627230279
21770641,293,176,117,575990285
22269529,240,174,66,590630499
24023449,330,204,126,642359029
20019169,263,186,77,524873419
20272561,232,144,88,532241955
24513409,350,263,87,656879155
22518889,318,212,106,597960075
21268249,414,291,123,561282985
20774881,371,257,114,546874805
21020161,321,232,89,554032951
21523609,314,223,91,568754819
23016529,350,240,110,612612531
22766881,252,175,77,605255853
23770489,320,211,109,634873727
22017529,363,267,96,583230701
23268001,253,175,78,620028877
20523721,225,152,73,539553155
21771121,265,189,76,576003599
24760369,350,253,97,664209763
20021689,325,220,105,524945635
22269769,368,235,133,590637195
24261889,359,234,125,649421197
23512129,304,207,97,627237755
23017009,300,205,95,612626823
22767649,224,169,55,605279985
24513889,310,216,94,656893375
24023521,290,200,90,642361093
23770849,226,159,67,634884545
20273761,303,211,92,532276299
22018201,269,199,70,583250693
21020281,316,214,102,554035825
23268841,364,262,102,620053597
22519249,272,188,84,597970281
21268801,302,195,107,561299251
20776081,359,255,104,546909347
21772969,262,171,91,576058009
21523681,280,199,81,568756781
20022529,346,243,103,524970515
20524081,389,282,107,539563409
22769041,335,243,92,605320805
22270249,286,185,101,590651607
23017369,286,194,92,612636291
24761881,261,160,101,664255115
21020521,289,200,89,554042563
22018369,334,239,95,583256571
23771521,272,190,82,634903793
24262081,441,300,141,649426837
23269009,296,213,83,620058337
21773161,230,167,63,576063649
20023441,221,151,70,524998241
20274361,325,219,106,532292445
23512561,353,240,113,627249767
21269161,238,165,73,561309535
24516241,307,211,96,656962561
20524249,257,179,78,539568959
24024001,217,153,64,642375757
20776681,305,214,91,546926945
22519561,181,126,55,597981039
21524281,276,195,81,568774097
22769209,302,208,94,605325629
22270609,430,278,152,590662089
22018609,412,281,131,583262751
21021001,200,143,57,554058211
23771689,418,302,116,634908395
23017681,328,230,98,612645927
23269369,413,299,114,620069551
20023609,438,303,135,525002345
21773329,280,179,101,576068299
20524681,298,192,106,539581127
24762649,374,243,131,664276937
20274601,314,210,104,532300899
24262681,309,218,91,649444535
24516361,210,126,84,656966563
21271009,340,225,115,561363101
20776849,326,219,107,546931607
23514121,360,251,109,627296303
22770049,305,199,106,605349437
22271089,226,150,76,590676537
21021529,257,175,82,554072879
22019089,233,171,62,583276761
21525001,275,175,100,568795943
24024289,279,188,91,642384029
23018041,329,232,97,612656313
22519681,256,184,72,597984213
20025121,361,247,114,525046367
23772361,360,246,114,634928957
23269681,271,185,86,620078545
20524849,254,181,73,539586497
24516409,248,176,72,656967541
21022009,383,273,110,554086361
22770169,347,220,127,605353457
21774601,310,218,92,576105767
20274769,285,188,97,532305687
22019761,262,179,83,583296897
22271281,329,236,93,590682157
21273121,310,205,105,561425015
24024361,280,188,92,642386303
23018209,324,207,117,612661845
20777401,254,167,87,546948449
24763369,242,164,78,664298855
23772841,269,194,75,634943345
23514289,339,226,113,627300551
24263089,438,303,135,649456259
20026129,386,267,119,525074975
21525121,293,214,79,568799387
22520401,299,199,100,598005753
20525521,294,208,86,539606567
21022801,405,259,146,554110631
22021561,213,141,72,583350483
22271761,318,228,90,590696221
23269801,316,208,108,620081953
20275369,230,157,73,532323141
23018689,273,173,100,612675609
24516529,372,252,120,656971657
24025681,304,204,100,642425237
22770409,330,235,95,605360213
23773201,292,202,90,634953851
23514409,259,176,83,627304547
21774769,296,195,101,576111005
21273169,234,152,82,561426401
22520689,340,235,105,598013301
20777569,390,270,120,546953033
20525761,258,184,74,539613701
20026609,233,164,69,525088643
21525169,297,190,107,568800377
24763489,370,266,104,664301693
21022849,281,191,90,554112035
24263761,318,218,100,649476563
22021729,328,224,104,583354227
22272049,364,248,116,590703631
20275609,409,264,145,532329231
24517921,334,225,109,657013159
23018881,368,270,98,612681243
23515249,376,279,97,627329423
23774521,295,212,83,634992971
23269849,233,155,78,620083327
22520761,349,242,107,598015761
20525929,332,231,101,539617997
24025849,228,141,87,642429911
22771009,327,220,107,605378309
21775321,293,192,101,576126833
20026729,262,160,102,525091763
21023209,228,150,78,554122415
21273289,341,232,109,561430025
20779441,286,186,100,547008125
22021801,297,193,104,583356531
20275921,256,161,95,532338991
21525529,275,177,98,568810061
23020201,300,196,104,612720483
24518089,392,282,110,657018205
24764329,386,278,108,664327781
20527249,263,167,96,539655887
24263929,325,219,106,649481765
23515321,289,202,87,627330869
23775529,355,245,110,635023117
22520929,367,243,124,598021305
22272121,294,187,107,590705995
21023641,237,168,69,554134733
23269969,294,202,92,620086603
20026801,278,189,89,525093737
20276089,318,217,101,532343521
22022449,285,190,95,583375479
21775441,288,197,91,576130019
24026521,248,166,82,642450243
22771921,322,232,90,605405087
20779609,435,287,148,547013051
21273841,237,156,81,561446525
23020489,380,259,121,612728301
20527609,313,231,82,539666597
21526201,268,174,94,568829711
23775649,390,265,125,635026051
24518209,405,286,119,657021775
20027401,312,216,96,525111581
21024361,246,171,75,554156255
23270809,295,196,99,620110981
22521409,156,98,58,598034697
22273129,405,274,131,590735407
23515489,392,268,124,627335423
24264529,231,158,73,649499183
24764881,352,244,108,664343797
20276209,416,290,126,532346887
22022641,210,128,82,583381455
20780761,269,188,81,547047059
20528041,352,252,100,539679329
22772689,240,166,74,605428107
23021161,258,174,84,612747793
21775489,327,224,103,576131057
21273961,333,227,106,561449693
23775889,337,232,105,635032933
24026641,260,179,81,642453639
21024889,386,258,128,554171269
20027569,344,233,111,525116033
24519721,329,220,109,657067033
21527521,268,187,81,568869029
23271481,347,238,109,620132011
20781049,428,304,124,547054733
22022809,334,216,118,583386063
20528281,253,170,83,539686553
22521529,350,239,111,598038201
22775041,310,200,110,605497377
22273561,320,222,98,590748229
23516089,334,227,107,627353701
20276281,293,209,84,532349383
23022001,256,182,74,612772837
24264601,374,261,113,649501271
20028121,233,158,75,525133795
24765049,301,211,90,664348795
23776729,321,200,121,635057605
24520729,393,264,129,657096913
21776281,297,219,78,576156035
21274009,326,216,110,561450875
21025201,273,190,83,554180343
23271529,303,201,102,620133661
20781889,421,273,148,547079651
22023241,297,219,78,583398885
20528449,421,296,125,539690831
24027721,302,205,97,642485073
21527689,299,198,101,568873853
22775089,347,234,113,605498679
23516761,277,182,95,627374815
20276761,429,295,134,532362997
23022169,223,144,79,612778063
20028289,250,159,91,525138529
22521769,289,186,103,598044165
22273609,388,273,115,590749315
23777209,234,161,73,635072839
20782969,320,228,92,547110305
24520801,326,232,94,657099223
21274681,314,220,94,561471905
20528881,297,206,91,539703269
22023409,320,224,96,583403565
24265249,356,242,114,649520449
21025321,319,230,89,554183487
21776449,379,266,113,576160643
22776121,350,250,100,605528511
24765409,324,223,101,664359967
20277121,379,270,109,532372873
23272729,247,177,70,620168059
21527881,299,189,110,568879541
20028409,276,204,72,525141781
20784241,293,192,101,547147247
23022721,342,231,111,612793705
24028201,282,203,79,642500061
22274809,348,233,115,590785819
23777881,360,241,119,635092265
23516809,322,233,89,627376231
24521281,305,211,94,657113527
22522081,315,216,99,598053603
22023481,260,186,74,583405731
20278129,201,137,64,532403323
24265609,257,182,75,649530759
22776961,289,206,83,605554491
21275209,400,280,120,561486893
20528929,312,213,99,539704595
20029081,310,210,100,525160081
21025561,331,236,95,554190153
20784409,316,213,103,547151795
21777529,335,244,91,576191423
22276129,290,210,80,590824411
23022841,302,195,107,612796957
24766681,414,298,116,664397455
23273881,350,228,122,620203273
21528361,391,262,129,568893161
23778169,389,276,113,635100389
24521569,326,221,105,657121465
22024081,305,203,102,583423773
20278441,272,181,91,532411717
24029209,303,215,88,642528957
23516929,377,266,111,627379177
22777129,368,257,111,605558739
24265921,267,179,88,649540557
20029489,300,211,89,525172855
20784649,221,163,58,547159451
22522609,419,293,126,598069647
20530129,326,223,103,539739407
21275809,308,229,79,561503915
21025729,321,224,97,554196375
23023081,257,161,96,612804631
21778201,308,208,100,576211769
23274169,362,226,136,620211715
22276249,321,213,108,590827711
23778409,311,228,83,635107955
24522409,328,249,79,657146423
22024801,287,207,80,583445385
20278729,253,173,80,532420225
21528889,391,280,111,568908359
20785081,325,224,101,547173215
23517601,354,231,123,627399409
20030089,293,203,90,525191839
24766849,281,176,105,664402459
24266041,322,230,92,649544325
24029329,275,178,97,642532809
22777609,372,231,141,605572617
23023249,348,251,97,612809851
20530969,319,219,100,539763201
22523089,411,285,126,598083021
23779009,318,222,96,635125187
23274409,310,222,88,620218525
21276649,379,275,104,561528299
21026881,315,217,98,554230445
20785129,316,225,91,547174853
20279401,306,206,100,532439815
24523321,319,226,93,657172877
21778369,391,270,121,576216149
22024921,257,176,81,583449525
23517841,270,185,85,627406393
20030761,280,184,96,525211171
22277929,293,214,79,590876755
24267049,270,174,96,649573953
21529201,248,170,78,568918319
23023849,283,186,97,612826733
24766921,286,186,100,664404649
20786761,261,183,78,547221737
23274721,293,189,104,620227645
20279449,297,203,94,532440775
22523209,375,264,111,598086285
24029881,355,244,111,642549709
22778281,283,187,96,605593077
20532121,360,244,116,539797379
20030809,360,254,106,525212239
22026481,246,156,90,583494003
23779729,335,237,98,635146763
23518441,370,260,110,627424357
24524089,396,286,110,657195329
21278041,214,148,66,561569993
21027049,384,263,121,554234777
24267289,343,243,100,649580529
21778969,293,196,97,576233705
22278169,263,181,82,590883445
23024401,250,168,82,612843281
21529561,371,243,128,568928825
20787001,230,153,77,547228739
22523881,267,184,83,598106433
23275561,240,174,66,620252947
22026601,251,165,86,583497891
20279569,359,257,102,532444129
23780929,320,225,95,635182949
23518609,329,214,115,627428887
20031169,272,172,100,525222217
24524329,289,214,75,657202583
24767761,329,233,96,664429495
20532289,293,196,97,539801945
21278401,388,268,120,561580193
22778449,286,195,91,605598357
24268561,352,236,116,649618851
24030001,301,218,83,642553321
21027169,244,172,72,554237987
23025601,203,138,65,612878927
20789689,345,239,106,547306765
21779809,386,251,135,576258305
20281081,350,268,82,532488313
22279009,277,196,81,590908143
23275729,302,218,84,620257147
22026649,304,214,90,583498833
21530161,279,190,89,568946237
22524049,284,192,92,598111677
23782249,371,254,117,635221325
23518849,355,238,117,627435559
24525001,259,184,75,657223163
24268729,241,165,76,649623543
20031481,263,194,69,525232003
20791129,377,280,97,547348255
20532961,261,173,88,539822711
23026921,290,193,97,612917479
21279169,304,222,82,561601709
20281321,277,196,81,532496557
22779481,284,198,86,605629011
24768361,325,233,92,664446907
21027841,278,195,83,554258087
22279681,312,204,108,590929011
22026841,274,180,94,583504701
24030049,340,227,113,642554443
23275921,346,235,111,620263279
23783209,302,198,104,635249075
21779881,340,249,91,576260993
23520121,292,195,97,627473419
24525649,292,200,92,657241811
21530329,350,250,100,568951265
22524121,273,175,98,598114137
20791801,322,252,70,547367731
20281489,409,289,120,532501429
23027041,372,271,101,612921901
20031769,447,324,123,525239767
22779961,241,158,83,605643711
20533321,269,190,79,539833103
22280161,312,231,81,590942607
21279241,187,118,69,561604031
24270121,351,243,108,649665563
22027009,282,195,87,583509441
23783761,228,153,75,635266613
23276089,330,225,105,620268925
21028009,314,235,79,554262683
24768529,285,204,81,664452133
20792689,384,265,119,547393307
22524289,416,289,127,598118649
20281801,243,164,79,532510867
21780361,332,232,100,576275417
24030841,349,221,128,642577033
24525841,294,202,92,657247865
23520169,297,204,93,627474841
21530569,321,219,102,568957517
22780081,306,205,101,605646435
23027881,406,250,156,612946057
22028161,205,136,69,583543245
20032321,285,186,99,525255841
21279409,411,263,148,561608615
20534329,372,265,107,539862271
22280281,315,207,108,590945811
23784601,273,187,86,635291009
23276401,262,182,80,620277673
20793361,297,209,88,547413161
20282809,272,184,88,532540423
21028729,347,250,97,554283857
22524721,353,249,104,598131139
24270289,385,259,126,649670519
24526009,294,211,83,657253625
21780481,332,219,113,576278357
22780129,307,200,107,605647845
24770041,333,227,106,664497121
22028689,267,188,79,583557933
23028121,262,178,84,612954421
23520961,245,170,75,627498085
24031681,313,219,94,642602047
21531001,332,230,102,568970203
22280329,361,235,126,590947215
20032489,264,184,80,525260425
23276761,249,168,81,620289277
20282929,362,265,97,532543801
20793481,305,213,92,547416233
21279721,317,220,97,561618365
23784889,338,220,118,635298923
20535001,294,208,86,539882311
22525729,391,288,103,598161455
21029401,339,239,100,554302667
22780249,369,263,106,605651457
22029001,321,227,94,583567569
24526609,381,248,133,657270395
24270481,281,178,103,649676747
20033329,309,196,113,525285097
20283169,328,244,84,532550383
22280689,309,213,96,590957013
21782329,311,205,106,576332015
23278441,316,226,90,620337313
20794201,351,257,94,547437273
23785609,241,168,73,635320181
21531049,278,193,85,568971733
22525801,188,122,66,598163699
23028601,407,285,122,612967771
24770761,311,204,107,664518145
23521369,312,213,99,627510553
24031921,260,187,73,642608893
21279889,260,184,76,561623597
20535169,314,225,89,539886445
22780801,263,179,84,605667759
20034121,372,237,135,525307267
22029121,407,263,144,583570677
20283841,298,213,85,532569457
24271081,471,331,140,649693751
20794489,336,245,91,547445775
21033121,299,204,95,554412741
22281361,344,248,96,590977443
24526849,448,299,149,657277385
23785969,268,172,96,635330549
22526401,291,213,78,598180289
21782401,328,233,95,576333845
23279089,324,224,100,620355655
22781089,230,158,72,605676183
21531721,248,175,73,568991719
20034841,289,205,84,525329351
20284441,300,214,86,532587055
23028961,227,156,71,612978499
20535601,220,162,58,539899441
22029289,353,237,116,583576011
21280081,273,182,91,561628637
23522689,303,209,94,627548511
20795041,245,169,76,547462875
24034921,251,180,71,642698281
24771049,272,191,81,664526839
22282369,337,239,98,591007017
23787241,269,173,96,635368337
22527121,239,167,72,598202333
21033289,298,214,84,554416947
24527161,423,286,137,657287297
24271921,299,206,93,649718837
20035801,262,176,86,525355835
20285281,232,147,85,532611991
22781761,306,216,90,605695435
23279209,402,272,130,620359183
20795161,255,176,79,547466289
22029529,370,241,129,583583013
21783721,361,267,94,576373673
21531889,305,223,82,568996585
22282681,262,170,92,591016341
20535649,321,220,101,539900629
22527961,229,168,61,598226861
21280561,226,164,62,561642521
23787409,322,232,90,635373179
23029561,240,154,86,612995257
23522809,342,254,88,627552807
24035449,241,161,80,642714739
20035849,361,253,108,525356975
20286169,293,197,96,532637963
24771121,285,210,75,664529149
24527281,276,191,85,657290711
20795209,340,233,107,547467561
22782649,437,304,133,605721211
21033601,292,205,87,554425653
24272161,322,232,90,649725821
23279281,288,194,94,620362831
22030201,300,223,77,583603281
22282849,301,226,75,591021099
21784681,347,247,100,576401573
22528249,326,227,99,598234895
21532249,388,271,117,569007049
20035969,336,246,90,525360509
20535841,340,215,125,539905729
20287369,420,317,103,532671497
21280729,305,215,90,561647471
20797561,224,151,73,547536207
23787649,228,164,64,635381387
24527449,206,142,64,657296363
23029609,255,168,87,612997027
21033721,396,278,118,554429271
24272929,421,299,122,649748945
23524321,388,253,135,627596679
23279449,390,276,114,620367397
22782769,249,164,85,605725273
22030369,284,188,96,583607241
22283641,291,199,92,591044709
24035929,316,198,118,642727969
22528321,376,258,118,598236641
24772609,336,229,107,664573609
20036041,316,210,106,525362855
20288641,230,141,89,532709177
21785689,339,228,111,576431909
21281089,246,170,76,561657857
20537521,337,231,106,539954635
21533929,359,246,113,569056897
21034129,291,211,80,554441021
24528121,358,243,115,657315049
23787961,332,218,114,635389799
20797729,368,267,101,547541271
23030281,348,235,113,613018447
24273001,334,223,111,649751693
23279761,346,251,95,620377837
22030969,300,224,76,583624773
22283881,207,135,72,591052431
22528489,280,171,109,598241009
24036289,265,180,85,642739435
20036521,370,267,103,525377447
20289361,236,148,88,532729367
23524729,403,280,123,627609051
22783609,217,156,61,605749321
24772729,331,231,100,664576597
21034561,272,188,84,554453351
23788081,260,184,76,635393105
21786241,307,218,89,576447959
23030569,206,139,67,613026337
21282241,338,224,114,561691015
20538361,364,258,106,539979461
22031209,300,207,93,583632759
24273169,347,232,115,649756145
23280121,270,191,79,620387233
20797921,269,186,83,547546977
21534241,203,137,66,569067667
22285489,330,224,106,591098389
20289889,197,133,64,532744889
24529369,324,215,109,657352201
22784449,349,238,111,605773363
20036689,275,172,103,525382217
22529329,314,220,94,598267367
24036721,210,142,68,642752353
23525041,237,161,76,627619719
23788801,205,144,61,635415209
23030809,322,256,66,613032877
20798689,290,191,99,547569009
22031521,335,226,109,583642013
23280889,230,160,70,620409823
24273481,345,226,119,649765841
20290489,384,269,115,532762151
21034609,385,283,102,554454365
20538841,453,306,147,539993591
21282361,391,279,112,561695263
21786361,226,166,60,576451421
22285561,256,171,85,591100513
24772801,321,220,101,664579405
24530041,411,266,145,657372685
22784521,231,166,65,605776315
21536089,215,141,74,569119783
20037529,318,220,98,525406163
23789761,295,211,84,635443133
20799769,307,224,83,547600485
20539369,380,263,117,540009055
23281969,387,270,117,620441527
24274681,361,248,113,649800791
23031121,250,185,65,613041787
22031641,280,184,96,583645109
22529761,299,198,101,598279715
24036769,309,202,107,642753769
20292241,298,228,70,532814011
23525209,423,292,131,627623277
21035281,250,172,78,554475689
24530521,329,245,84,657387007
21282409,297,197,100,561696445
21786529,316,233,83,576456659
22785121,319,208,111,605793949
22286161,348,244,104,591118915
21536761,251,171,80,569140321
20800081,278,181,97,547610403
24773809,354,247,107,664608895
23789809,349,227,122,635444837
20540209,393,278,115,540032233
23282449,278,192,86,620455675
20038321,220,159,61,525429737
22031689,278,190,88,583646255
23031409,368,268,100,613049995
20292409,345,230,115,532818193
24276361,405,274,131,649851011
21035401,349,241,108,554478701
22530601,309,213,96,598303805
24037441,276,176,100,642773149
24530689,286,196,90,657391567
20800201,282,203,79,547613565
20542201,193,128,65,540091909
23525881,282,205,77,627642393
21282529,224,141,83,561700021
23790841,368,249,119,635474393
21788881,248,161,87,576525293
21536881,285,207,78,569143225
22786129,308,211,97,605824033
20292841,344,242,102,532830409
22287049,284,198,86,591144781
22032889,318,219,99,583681907
21035449,438,310,128,554479979
24276529,268,173,95,649855981
23033089,329,235,94,613100431
20038729,325,235,90,525441569
22531009,308,223,85,598316393
24774481,231,171,60,664628383
23282641,351,242,109,620461951
20800369,445,309,136,547618029
24531049,216,140,76,657401903
23791489,355,239,116,635494381
20292889,348,236,112,532831867
23526001,274,187,87,627646617
22033321,315,222,93,583693691
20542321,402,272,130,540095281
24037561,315,215,100,642776929
21282601,273,190,83,561702121
24277849,316,222,94,649895107
23034481,359,245,114,613140685
22531489,371,252,119,598330401
21789289,326,222,104,576536087
21036241,337,236,101,554503391
21536929,332,236,96,569144845
22287169,248,160,88,591147655
22786801,333,226,107,605843779
20040049,294,202,92,525480317
24775081,318,226,92,664646485
20801089,299,191,108,547639053
24531889,326,216,110,657427415
20293849,306,205,101,532859767
23791609,321,221,100,635497879
23283241,381,251,130,620478697
23526049,271,200,71,627647913
22033489,279,184,95,583698341
20542729,317,202,115,540106489
23035009,336,246,90,613156471
22531609,239,158,81,598334379
24278641,360,249,111,649918561
21282769,318,218,100,561707575
24037729,250,171,79,642781609
21789769,287,195,92,576550403
20293921,262,177,85,532861879
20801929,241,148,93,547663767
21036289,284,198,86,554505185
24775129,305,195,110,664647583
21537049,226,146,80,569148097
20040409,288,201,87,525490361
22786849,345,238,107,605845393
22288009,299,215,84,591172483
24532201,268,177,91,657437279
23792449,414,293,121,635523565
23526409,309,209,100,627658749
22033729,244,170,74,583705965
23035321,199,134,65,613166755
23283289,301,191,110,620480521
20543401,353,243,110,540126547
22531849,341,225,116,598340619
24279889,341,244,97,649954867
20294089,278,182,96,532866379
21283921,257,164,93,561741277
22786969,274,191,83,605848729
20802049,257,169,88,547667139
21537121,289,212,77,569150221
23792521,299,199,100,635525809
24775249,305,203,102,664650985
20041081,339,230,109,525509615
21036409,340,250,90,554507843
21790441,289,201,88,576570631
24037801,417,299,118,642783253
24533209,290,184,106,657466257
22288681,292,207,85,591192193
22034041,242,168,74,583715061
23526889,238,167,71,627672579
20543569,408,270,138,540132241
22532161,266,174,92,598349877
23035609,254,184,70,613174201
24280561,435,325,110,649975927
23283649,231,150,81,620491493
20803129,328,209,119,547698177
20294401,301,213,88,532876105
23793169,244,161,83,635544805
24777769,362,251,111,664726123
21284041,245,158,87,561744595
20041729,224,148,76,525528599
21537601,317,212,105,569164363
20543881,317,225,92,540140977
22034401,232,158,74,583725909
22788481,206,123,83,605893537
21036481,331,226,105,554510423
23527081,320,237,83,627677781
21790609,294,192,102,576575323
23036281,299,211,88,613194217
24281209,290,203,87,649994485
24037969,422,295,127,642788641
22289089,360,236,124,591203635
20803561,238,150,88,547710975
24533401,256,190,66,657472371
22532281,365,241,124,598353495
23285161,352,226,126,620534867
23793961,255,184,71,635567371
20041921,273,184,89,525533729
20296369,196,141,55,532934399
20544001,313,219,94,540144517
24778321,354,232,122,664743247
22034569,375,262,113,583730967
21284281,297,204,93,561751255
21790801,411,311,100,576580627
23527561,305,180,125,627693573
21537961,228,157,71,569174131
21039001,281,180,101,554584007
22789369,235,167,68,605920081
20803609,273,191,82,547712235
22533289,271,175,96,598383585
24282169,353,243,110,650022103
23285641,333,235,98,620549771
23036329,264,185,79,613195423
23794009,398,271,127,635568535
20042521,405,274,131,525551297
22289689,297,196,101,591221929
20544049,257,184,73,540146021
24038569,220,128,92,642805711
24533881,282,186,96,657486177
24778681,320,218,102,664753465
20297041,368,273,95,532953911
23528569,237,159,78,627723009
22035841,243,167,76,583768191
20803729,296,210,86,547715391
21284929,323,229,94,561770125
21791641,278,184,94,576606241
22533361,347,240,107,598385511
23037169,215,144,71,613219735
23285761,297,206,91,620553347
21539449,248,166,82,569218171
24282241,307,197,110,650024089
21039649,307,206,101,554603435
23794129,309,209,100,635572789
20544169,260,176,84,540149147
20043241,365,257,108,525572507
22789489,341,249,92,605923303
24779449,450,317,133,664776013
22290409,302,218,84,591242521
23528689,397,268,129,627726765
20804401,285,192,93,547735005
20297209,216,144,72,532958123
24038809,285,191,94,642812221
22036249,228,149,79,583779609
22533529,353,256,97,598390293
21285289,297,204,93,561780607
24534001,360,264,96,657489909
23285809,291,189,102,620554919
23037361,304,220,84,613226377
20544241,298,207,91,540150827
20043409,235,157,78,525577667
24282721,286,195,91,650039641
21792241,295,198,97,576623215
21039769,263,176,87,554606447
21540289,291,203,88,569242525
23794369,252,168,84,635579569
24780961,315,210,105,664820763
20804809,334,226,108,547747269
22789729,318,220,98,605930377
21285769,335,251,84,561794941
22533961,309,177,132,598402677
23529601,282,185,97,627753009
20544889,259,183,76,540169673
20043769,283,194,89,525588263
22290529,333,248,85,591246979
20298049,397,280,117,532983047
23037841,307,203,104,613240039
22036849,326,219,107,583797207
24283081,248,168,80,650049331
24039121,335,223,112,642822055
23287441,289,187,102,620602115
21792289,346,231,115,576624325
24534049,341,233,108,657490935
20805121,233,149,84,547756617
21286129,343,252,91,561805645
21040489,475,314,161,554627429
24782689,332,229,103,664871615
21541129,287,183,104,569267209
20044369,249,172,77,525605429
20546089,279,184,95,540204497
22790041,369,246,123,605939089
22534801,276,183,93,598427385
23795209,253,190,63,635604865
23037961,347,238,109,613243843
22038769,258,178,80,583854555
23529769,333,223,110,627758115
20298601,359,248,111,532999271
20805481,295,189,106,547766433
21792649,330,216,114,576635977
22290601,312,217,95,591249217
23287489,253,170,83,620603789
21287449,186,133,53,561844945
24284089,406,274,132,650079547
24039481,266,178,88,642832867
24782809,315,222,93,664875065
24535009,349,244,105,657520653
20547361,277,178,99,540241373
21040681,281,189,92,554633315
21541921,303,201,102,569290573
23038129,219,151,68,613248283
20045089,255,186,69,525625847
23795521,280,176,104,635613631
20806081,205,150,55,547785483
21793129,386,256,130,576649279
22535041,300,187,113,598434207
22790569,400,263,137,605954323
21287641,289,201,88,561850327
23287681,312,217,95,620609567
20298721,272,168,104,533002217
22039081,259,178,81,583863459
20547409,240,157,83,540242537
22291081,350,251,99,591263161
23530609,343,246,97,627782977
24782881,342,223,119,664876793
24041161,249,170,79,642883557
20806801,295,208,87,547805769
24284761,313,211,102,650099155
21793921,344,247,97,576672057
23796049,305,207,98,635628535
23038369,399,260,139,613255219
21041521,329,237,92,554656985
22535209,381,265,116,598439027
20045281,323,203,120,525631667
24535729,300,201,99,657541077
21541969,226,158,68,569292235
21288481,316,215,101,561874489
23290129,477,329,148,620681309
20548201,387,287,100,540265643
22791049,284,195,89,605968465
20301121,317,218,99,533071583
20807089,291,196,95,547814097
24783361,294,203,91,664892435
24041761,322,209,113,642900321
22039201,328,238,90,583867041
21794761,343,225,118,576697689
22291441,418,278,140,591273415
23531041,269,174,95,627795481
24284929,274,185,89,650104675
22535521,303,209,94,598448867
21289249,271,186,85,561896643
23038681,225,149,76,613264793
20548249,280,183,97,540267533
20045449,311,208,103,525636401
21042289,203,135,68,554679677
23290849,360,232,128,620703181
24536401,283,193,90,657562401
21542161,262,179,83,569297383
23797201,369,252,117,635662951
20807329,254,170,84,547821729
22792729,260,186,74,606017261
20301409,350,245,105,533080209
24783529,280,199,81,664897283
21795001,365,249,116,576705837
22535809,340,240,100,598456697
24285409,249,174,75,650118231
20548369,263,176,87,540270599
22040281,357,233,124,583898703
24041929,328,220,108,642905793
22292041,268,177,91,591290965
23531881,311,210,101,627820525
20807929,311,225,86,547839177
23291209,281,189,92,620713351
21289969,299,201,98,561917925
23039041,298,213,85,613274807
20045929,323,241,82,525650459
22792849,320,212,108,606021851
21042841,261,183,78,554696939
21795481,303,202,101,576718977
21542761,307,203,104,569315059
24784321,249,179,70,664920941
23797321,312,211,101,635666671
24536569,322,219,103,657566499
22536361,261,176,85,598473605
20549761,246,163,83,540311819
20302801,294,194,100,533120529
24285529,291,212,79,650121969
20808481,281,203,78,547855379
23291641,288,181,107,620727055
22040929,243,161,82,583917513
23531929,279,191,88,627821401
22792921,377,245,132,606023555
23039209,452,317,135,613280435
21290161,372,239,133,561923703
22292449,294,198,96,591303721
21795601,229,143,86,576721923
24042169,324,215,109,642912519
20046289,320,218,102,525660593
22536649,362,264,98,598480973
24784489,453,330,123,664925591
20550121,274,196,78,540321689
21043129,344,239,105,554704877
20808841,199,126,73,547865699
21542929,265,180,85,569319991
20302969,291,204,87,533125071
23292649,406,289,117,620755807
23799049,321,220,101,635718871
23039689,423,289,134,613294751
24537241,201,130,71,657587823
23532049,282,207,75,627825643
21796009,306,227,79,576733797
24285601,347,237,110,650123985
21290641,285,191,94,561938361
22793689,322,220,102,606046679
22043569,265,189,76,583994493
22536889,320,236,84,598488257
20047129,252,193,59,525685863
22292929,286,179,107,591318229
24784729,394,274,120,664932659
20550289,293,198,95,540326591
20810281,392,259,133,547908059
24042649,254,178,76,642927381
21043681,345,248,97,554721395
23292889,259,175,84,620763055
21543001,322,224,98,569322463
21796321,329,230,99,576742869
21290761,443,323,120,561941753
22793761,297,200,97,606048965
20303329,341,235,106,533136837
23532121,326,228,98,627827995
23039881,370,260,110,613300061
22537201,344,222,122,598497455
23799889,244,151,93,635743627
20550721,252,163,89,540339479
20811121,393,252,141,547931951
24537769,340,235,105,657602493
24287209,354,240,114,650171649
20047561,284,187,97,525698055
22044409,246,167,79,584019259
24786409,389,255,134,664983527
21796609,400,261,139,576751203
23293201,271,190,81,620772121
22293769,308,211,97,591342031
21292441,344,235,109,561989849
22794241,321,224,97,606062733
23532889,338,227,111,627850039
21045481,356,245,111,554773907
23040889,264,175,89,613329287
24042841,255,166,89,642932259
21544009,285,204,81,569351949
20303809,301,200,101,533150967
22537369,421,286,135,598502369
20812801,268,193,75,547980423
20550769,311,224,87,540341255
23800081,477,343,134,635749243
21797449,325,238,87,576775749
24287929,273,182,91,650192775
21292681,345,235,110,561997151
23293489,296,210,86,620780635
24787561,431,292,139,665017601
20047609,222,153,69,525699219
24538249,352,243,109,657616485
22044481,293,207,86,584021053
23532961,359,240,119,627852037
20812849,336,225,111,547981407
22293889,313,211,102,591344899
22538569,229,152,77,598538081
23041201,349,225,124,613338605
21045649,265,171,94,554778665
22794361,297,197,100,606066939
24043009,322,240,82,642937083
20304481,297,190,107,533169785
21546001,273,189,84,569410485
21798001,224,152,72,576791853
23800849,312,231,81,635771599
23293561,217,145,72,620782837
20551129,266,162,104,540351503
21293329,316,213,103,562016681
24288889,281,181,100,650221779
20813041,408,299,109,547986777
23533441,269,189,80,627866293
20049241,272,209,63,525746289
24787849,294,222,72,665026799
22795081,258,176,82,606087697
22044961,240,172,68,584035623
24044281,277,205,72,642975795
21798841,315,205,110,576816717
24538609,403,291,112,657627627
21045721,306,216,90,554780819
22294729,402,310,92,591369595
22539169,293,203,90,598555919
21546289,372,251,121,569418303
23041729,314,196,118,613354091
23800921,204,138,66,635774563
20304769,225,161,64,533178395
23293729,317,218,99,620788483
20814529,349,243,106,548031899
21293521,335,230,105,562022429
23533561,298,206,92,627869677
20551441,260,180,80,540360953
22797721,273,202,71,606165607
24789409,353,245,108,665072573
20049649,346,233,113,525758253
21798961,387,272,115,576820485
24044689,231,159,72,642987291
24288961,351,236,115,650223339
22045801,317,239,78,584061117
21546961,359,246,113,569438181
23294041,216,148,68,620797321
23802241,264,176,88,635812687
20816161,298,205,93,548078147
21045889,394,273,121,554784941
20305321,274,196,78,533194127
21294001,245,166,79,562036847
22294801,218,138,80,591372031
22540009,286,196,90,598580435
24539209,386,281,105,657645735
23533969,325,222,103,627882529
23042161,294,188,106,613367165
21799849,250,167,83,576846561
24789769,384,268,116,665083031
24045169,265,195,70,643001535
20551561,374,264,110,540363821
22798969,414,283,131,606201865
20050081,382,268,114,525771329
22045921,298,195,103,584064165
20816569,256,179,77,548091209
21547129,462,337,125,569442777
23804089,260,181,79,635867059
23295001,332,249,83,620825767
24289129,400,287,113,650228499
21294121,260,182,78,562039883
21047209,272,181,91,554824017
20305609,237,163,74,533202119
21800521,275,211,64,576866655
23042329,349,255,94,613372319
22295281,283,183,100,591386341
22540081,264,186,78,598581983
23534449,301,207,94,627896677
20050321,314,213,101,525778661
24045289,308,225,83,643004469
20816881,287,198,89,548100035
24791089,383,260,123,665122763
24540121,228,156,72,657671781
20551801,315,205,110,540371009
21547369,325,232,93,569450139
23804449,284,208,76,635878033
23295241,320,231,89,620833435
21294289,266,168,98,562045043
22799281,344,236,108,606210877
22046329,336,225,111,584075901
21800641,386,262,124,576869655
20050969,241,163,78,525797027
20817241,361,240,121,548109755
20306161,302,213,89,533218739
23042401,356,242,114,613373993
21047401,262,177,85,554829897
24289609,284,194,90,650242989
24045841,315,202,113,643021185
21547681,224,154,70,569459103
23535241,248,167,81,627919477
23804761,304,210,94,635887171
22295401,354,248,106,591389761
23295721,335,242,93,620847297
22540561,272,199,73,598596497
24791281,255,166,89,665128715
20552449,284,197,87,540389417
21800689,207,145,62,576871263
24541441,355,250,105,657711711
20051329,250,157,93,525807203
21294841,312,207,105,562060695
22048009,241,161,80,584125311
20817889,246,155,91,548128481
20307121,314,208,106,533245867
22800121,455,301,154,606235873
21548209,283,209,74,569474543
24046129,348,232,116,643030119
23804881,245,166,79,635890669
21047569,317,213,104,554834055
23296249,385,263,122,620862021
23535481,286,188,98,627926443
23042881,254,177,77,613388363
21803209,289,200,89,576945393
24289729,356,243,113,650246817
22296121,284,192,92,591411235
20552809,260,161,99,540401651
20307289,381,262,119,533250949
20818009,315,204,111,548132321
22048321,349,237,112,584134245
22541401,199,134,65,598622171
24791449,304,222,82,665132885
20051641,271,193,78,525817493
21548881,266,183,83,569493767
21295201,291,204,87,562070901
24046801,276,196,80,643050339
24541969,315,207,108,657727431
23805121,342,260,82,635897329
22800241,315,202,113,606239239
23296921,387,271,116,620882145
21803569,437,321,116,576955581
23536129,463,325,138,627945847
21048889,187,135,52,554872833
20308009,328,230,98,533272105
24290281,324,217,107,650264265
20818921,336,225,111,548158583
22049281,226,148,78,584162979
23043169,357,249,108,613396955
21549049,261,174,87,569498513
20554321,334,234,100,540445553
22296289,324,220,104,591415747
22541689,333,233,100,598630169
20053009,343,241,102,525856353
21804241,338,238,100,576975327
23805601,181,123,58,635912071
24046849,351,239,112,643051491
21295369,330,224,106,562075401
24791761,294,196,98,665142587
23536489,359,259,100,627956467
23297761,350,240,110,620906855
20819521,314,222,92,548176943
22050001,272,181,91,584183317
24290641,280,206,74,650274911
22800289,327,220,107,606240733
24544081,267,175,92,657790061
20308129,367,252,115,533275849
21049681,312,213,99,554895813
21549529,288,206,82,569513075
21805009,350,256,94,576998379
23805889,414,272,142,635919703
20555641,299,200,99,540483599
20053321,303,198,105,525865479
23044729,345,240,105,613442729
21295801,381,269,112,562088475
24046969,373,259,114,643054863
22297921,399,251,148,591463083
20820769,413,276,137,548213867
22542409,328,227,101,598652249
22050289,381,257,124,584191153
23298361,296,202,94,620924807
23537089,267,188,79,627975025
24290809,319,224,95,650279969
24792049,394,290,104,665150933
21549889,247,167,80,569524055
21805561,341,234,107,577014069
20308681,331,202,129,533292475
22801249,235,153,82,606268997
21049729,276,194,82,554897355
20054521,375,245,130,525900867
24544129,244,177,67,657791549
23807281,290,202,88,635960929
20821081,282,192,90,548222705
24047209,333,229,104,643062723
22051009,462,311,151,584212047
20556769,371,261,110,540516035
23298529,240,157,83,620929169
21296809,300,197,103,562117995
23045929,325,207,118,613479599
24291121,290,201,89,650289005
22297969,279,191,88,591464787
23537161,383,259,124,627977335
21805681,325,223,102,577017429
22542601,292,215,77,598657409
24792121,264,169,95,665153093
20055001,261,181,80,525914985
21550201,361,256,105,569533217
20308969,366,255,111,533300803
24048049,202,147,55,643087707
20821249,248,169,79,548227811
22051369,367,260,107,584224041
21050401,244,158,86,554917379
21298369,273,174,99,562163565
22801489,310,221,89,606275969
23299369,345,250,95,620954579
23807401,307,219,88,635965045
20557489,323,218,105,540537331
24544249,325,217,108,657794711
21806089,361,246,115,577029123
23537329,280,174,106,627981919
24292249,328,249,79,650321177
24792601,239,173,66,665167937
20055289,288,197,91,525922947
23046769,257,182,75,613504295
22298329,305,199,106,591475419
22542769,370,270,100,598662149
22052809,199,132,67,584265717
21298489,298,217,81,562166727
24048649,311,215,96,643105167
20821609,332,227,105,548238251
20309209,399,269,130,533307787
21550561,387,259,128,569543249
23300041,372,276,96,620975111
21806929,182,132,50,577053575
21050569,238,153,85,554922215
23538481,343,241,102,628016107
22801969,322,238,84,606290405
20057041,168,124,44,525974043
24792721,378,249,129,665170877
20559361,307,204,103,540591307
24292969,272,190,82,650343287
23807569,332,224,108,635969977
22543441,374,265,109,598681907
22298929,324,229,95,591493221
20822089,429,318,111,548251655
22053649,296,196,100,584289999
24544921,365,245,120,657814577
24050401,326,225,101,643156543
23047201,288,204,84,613516631
21298561,311,214,97,562168905
21807241,255,185,70,577062865
20310049,325,223,102,533331751
23538601,402,305,97,628019299
20057809,317,223,94,525996573
21551401,236,145,91,569568011
21050929,236,166,70,554931743
24792769,312,209,103,665172659
20822281,315,215,100,548258285
23300089,362,251,111,620976167
22053721,404,283,121,584292123
20559529,212,136,76,540596647
22299001,362,254,108,591495357
22802089,380,282,98,606294299
24293089,374,286,88,650346233
22545769,257,182,75,598749825
24052009,311,210,101,643203967
24545089,408,280,128,657819077
21807769,290,193,97,577078315
23808409,316,219,97,635995541
23048089,246,160,86,613543055
20822881,226,158,68,548275265
21552841,286,204,82,569610923
21299041,188,116,72,562183665
20310481,216,142,74,533343649
23538769,258,167,91,628023895
24792961,341,243,98,665178053
20059321,295,190,105,526039761
22299601,256,169,87,591513003
22546441,259,174,85,598770351
21051241,293,189,104,554941577
22056409,383,275,108,584371257
24293641,363,248,115,650362461
20559841,243,164,79,540605251
24052681,296,192,104,643224457
21808081,317,223,94,577087741
23300209,230,150,80,620979659
22802161,387,256,131,606296381
23048281,186,118,68,613548479
20823721,255,170,85,548299139
24545329,295,205,90,657826025
21553009,250,163,87,569615327
22299649,259,185,74,591514407
23808481,334,243,91,635997965
20310889,335,225,110,533356369
21299329,298,217,81,562191831
22546729,346,253,93,598779153
20560129,426,300,126,540613519
20060329,436,294,142,526068533
22057561,302,189,113,584405403
21808441,264,198,66,577098751
23538841,312,202,110,628026139
24052729,401,271,130,643225669
21051529,298,200,98,554949809
20823889,362,243,119,548304233
23048449,339,231,108,613553531
24793729,272,181,91,665200319
22802809,301,201,100,606316043
24294481,359,234,125,650387577
23301769,285,201,84,621025325
24545809,307,229,78,657840209
22299769,351,244,107,591518097
20560369,315,211,104,540620395
22547401,351,241,110,598798239
21808921,227,151,76,577112511
22057921,292,194,98,584415915
21556369,379,267,112,569712959
20825569,374,267,107,548353645
20311321,307,211,96,533368729
22803481,274,186,88,606336383
20060569,329,222,107,526076429
21301081,297,205,92,562243215
23049049,297,195,102,613570901
23809249,303,218,85,636019637
24053761,318,228,90,643255777
21051769,270,181,89,554956019
23539489,253,167,86,628045771
24546001,375,250,125,657845579
20561521,282,181,101,540654313
22300321,331,231,100,591534699
24794569,340,233,107,665226371
22547449,355,227,128,598800117
21810121,250,180,70,577147185
20825641,392,252,140,548355565
22058089,291,205,86,584421145
24294769,352,238,114,650396271
23302441,324,226,98,621045035
22803841,215,153,62,606346367
24055609,494,341,153,643310239
21301849,297,205,92,562266027
21556441,233,180,53,569714945
20313001,278,188,90,533417833
20061049,335,252,83,526090235
20561689,272,177,95,540659785
24546481,333,240,93,657860639
22300489,390,274,116,591539685
23049121,343,254,89,613572827
23810161,340,238,102,636047129
21052081,287,200,87,554966315
22547809,290,201,89,598810377
20825809,253,178,75,548360425
22804489,277,197,80,606365267
23539609,335,233,102,628049293
21810889,317,207,110,577169733
22058521,319,213,106,584433445
21302569,331,252,79,562286907
23302561,368,235,133,621048245
24055921,282,195,87,643320775
20561809,289,218,71,540663523
24795241,353,249,104,665246061
24295321,311,220,91,650412873
22302169,337,241,96,591588501
20313841,341,243,98,533442421
20061409,281,188,93,526100453
21556921,317,223,94,569728505
24547849,326,225,101,657902009
22548121,354,245,109,598819761
20826121,268,170,98,548369395
21052609,340,242,98,554981591
22058689,308,193,115,584437657
23049721,267,190,77,613589909
21303241,340,235,105,562307211
22806001,277,189,88,606410657
20562049,313,216,97,540669637
23812441,314,230,84,636115157
23302729,316,218,98,621052739
23540161,296,211,85,628066111
21811609,329,219,110,577190751
21558721,332,233,99,569782913
24295441,250,171,79,650416125
20826409,321,225,96,548378113
22302529,355,250,105,591599079
22548241,266,176,90,598823949
24056041,332,228,104,643323577
24796801,311,215,96,665292069
20314081,320,227,93,533449005
20061841,359,250,109,526112915
22058761,355,262,93,584439391
20562481,252,179,73,540682561
21303409,245,158,87,562311951
24548281,298,193,105,657914363
21053041,294,199,95,554994023
23304481,428,288,140,621106577
20826961,299,197,102,548394331
23540521,311,194,117,628076005
23050441,290,196,94,613611833
22806169,271,175,96,606415343
22548481,335,219,116,598830279
21811729,233,158,75,577193919
24056449,288,191,97,643335421
23812489,283,186,97,636116621
22304809,369,246,123,591666543
24796969,406,302,104,665296035
21558961,279,201,78,569789945
24295681,265,192,73,650423049
20562721,351,238,113,540689095
22059241,306,210,96,584454769
20062729,331,244,87,526139103
20314849,264,178,86,533471193
20828761,367,263,104,548445641
23541841,298,205,93,628114957
21304081,398,275,123,562331337
23050561,351,253,98,613614905
22549081,304,195,109,598848111
22304881,296,199,97,591668493
24056881,391,279,112,643348153
21053281,417,302,115,555000155
24797761,347,225,122,665319687
24548449,400,284,116,657919175
23304649,354,243,111,621111137
21812449,336,233,103,577215477
22806361,340,245,95,606420929
20062849,304,223,81,526141689
22060081,273,189,84,584479501
21559801,364,246,118,569814137
20829001,361,268,93,548453351
24296521,364,237,127,650447679
23814121,395,270,125,636163843
20563369,301,195,106,540708427
20315401,375,254,121,533487243
22549249,316,217,99,598852647
24057961,345,235,110,643380445
22305529,271,178,93,591688137
23542009,346,239,107,628119389
21812641,351,235,116,577220433
21304441,256,180,76,562342371
23050609,397,274,123,613616549
24797809,254,179,75,665321367
20829169,203,134,69,548458361
22060369,289,187,102,584488045
21054049,280,174,106,555022871
21560401,355,238,117,569831831
20063089,428,303,125,526149303
24549169,408,302,106,657940913
22806529,307,204,103,606425273
23304961,277,189,88,621120869
24297001,254,179,75,650462661
20315521,354,237,117,533490741
22549921,293,199,94,598872789
20563729,308,205,103,540718417
22306321,297,204,93,591710967
23815201,296,203,93,636195621
24058129,332,233,99,643385197
20829841,347,229,118,548477387
23050801,212,130,82,613622615
22060921,275,182,93,584504599
24798601,276,186,90,665345439
21813289,323,211,112,577241043
21305209,416,296,120,562363875
23542681,386,263,123,628139543
21054289,273,185,88,555029987
20063401,265,185,80,526158291
24297121,275,193,82,650466033
22550089,349,245,104,598877229
23305081,347,246,101,621124529
21560809,306,196,110,569843771
20315569,299,211,88,533492091
22306369,342,249,93,591711981
24058609,261,180,81,643399045
20830489,249,153,96,548497219
23051401,360,244,116,613640207
20564041,286,201,85,540727597
22807009,235,151,84,606439085
22061041,393,268,125,584507575
24551041,259,183,76,657996107
21305761,230,150,80,562380417
23815849,354,263,91,636215067
20064241,359,258,101,526182549
22550641,307,203,104,598893483
21814249,369,268,101,577269567
24297289,250,170,80,650470665
24799441,386,276,110,665370249
22306489,319,227,92,591715533
21561481,335,223,112,569863103
21054601,277,187,90,555039365
20830609,326,232,94,548501101
20315761,308,214,94,533497725
23542969,363,258,105,628147805
24058729,413,287,126,643402213
23052409,320,228,92,613668605
22062289,395,298,97,584544331
23305489,255,169,86,621135071
21305929,326,217,109,562384581
20564209,335,245,90,540732547
20064769,235,148,87,526199025
24551209,361,238,123,658001207
22808041,279,177,102,606469691
22306561,363,274,89,591717585
20830681,302,209,93,548502835
21562249,318,228,90,569885933
24297841,322,210,112,650486793
23816041,432,292,140,636220545
20316409,238,175,63,533516715
22062721,345,232,113,584557555
21814321,282,200,82,577271331
22550809,385,258,127,598897971
21306289,338,247,91,562394529
23053081,366,261,105,613689335
24059401,294,201,93,643422667
21054889,310,226,84,555048137
24800521,289,206,83,665402497
20065249,246,174,72,526212609
23544529,321,220,101,628194419
23305801,273,194,79,621145409
20565001,301,224,77,540755047
22307161,282,203,79,591736011
20831281,236,147,89,548520331
21562969,322,235,87,569907215
20317249,378,284,94,533541801
24299521,281,201,80,650536569
24551521,273,188,85,658009949
22808641,283,186,97,606487545
22064569,411,294,117,584611411
21307441,239,155,84,562430207
23054089,341,237,104,613718435
21815329,381,270,111,577300167
23816521,358,244,114,636235551
22551649,339,232,107,598923081
21055561,419,289,130,555067445
24801001,279,206,73,665416717
24059809,366,251,115,643435501
20065609,294,209,85,526223091
23544721,344,248,96,628200035
20832001,311,220,91,548541019
21563161,274,201,73,569912927
20565169,228,157,71,540760639
22307209,320,235,85,591737145
22808809,299,213,86,606491793
20318041,275,190,85,533563993
22065481,252,177,75,584637653
23306089,240,145,95,621153059
24300049,445,322,123,650553011
21307609,285,219,66,562434465
23054761,330,223,107,613739693
24552721,338,248,90,658045517
22552441,327,231,96,598945991
20833201,281,188,93,548575939
21563329,355,243,112,569917973
24801121,268,183,85,665420155
23545321,362,245,117,628217319
21816841,344,226,118,577344843
20066041,384,271,113,526236015
21056281,317,196,121,555088259
22065961,344,217,127,584651915
22809889,326,228,98,606522801
23817049,327,213,114,636249759
24300889,422,270,152,650577377
24060121,360,254,106,643444345
20566681,312,195,117,540804487
20318449,341,217,124,533575633
21309289,302,199,103,562482861
23054929,393,280,113,613744343
22308001,249,160,89,591760677
23306641,314,222,92,621169913
20834641,260,181,79,548618983
22552609,379,272,107,598951589
21564001,345,243,102,569937341
23545369,252,173,79,628219767
24801961,257,167,90,665444839
22066321,253,184,69,584663189
24552889,290,202,88,658050473
22810561,313,222,91,606543137
24302209,371,269,102,650616449
20066089,311,224,87,526237899
21056401,330,226,104,555091685
21817441,261,168,93,577361973
20566729,340,232,108,540806665
23055601,386,273,113,613763987
20834689,332,229,103,548620477
20318761,222,142,80,533584987
23817649,342,226,116,636268275
21564649,367,250,117,569956325
21310321,409,294,115,562513017
22552681,331,237,94,598953779
24060241,319,226,93,643447867
22308841,253,180,73,591784863
23546161,258,166,92,628241979
22066801,257,166,91,584678579
23307169,329,218,111,621184889
24556561,235,161,74,658159765
24802849,329,222,107,665471737
22810729,380,253,127,606547931
20567089,232,148,84,540816367
20834881,299,198,101,548625805
20066881,360,240,120,526259805
23056441,284,203,81,613787675
21565849,348,251,97,569990327
21057241,333,227,106,555116147
21817849,247,168,79,577374297
22553449,284,193,91,598975949
24303001,340,242,98,650639639
20320441,290,196,94,533634127
22067161,227,177,50,584688323
23546209,270,187,83,628243407
21310801,315,220,95,562528299
24557089,259,185,74,658175341
22811209,275,188,87,606562031
23817721,268,184,84,636270807
22309009,375,273,102,591789807
20567401,385,257,128,540825889
20835049,245,170,75,548630701
24803041,340,246,94,665477503
24060961,201,133,68,643470167
23307481,370,257,113,621194483
23056489,289,207,82,613789931
21567361,250,180,70,570035217
20067049,410,317,93,526265493
22553689,324,226,98,598982675
22067641,309,211,98,584703203
21058129,289,185,104,555142655
22811401,344,234,110,606568463
21818449,289,197,92,577391979
20320609,260,191,69,533639311
20567689,321,219,102,540833791
23546881,237,167,70,628264497
20835721,270,177,93,548650147
24557761,392,268,124,658195243
24303889,266,182,84,650666483
21310921,322,217,105,562531233
24803521,316,221,95,665491093
21567961,367,261,106,570052299
23056849,277,201,76,613799867
22309681,309,207,102,591808995
23818321,342,246,96,636287973
24061969,346,233,113,643499271
22554361,281,187,94,599002277
23308321,265,184,81,621218279
22067809,324,241,83,584707343
20835889,439,290,149,548654959
20067121,283,203,80,526267413
22813009,514,365,149,606615497
23547001,275,192,83,628267881
20569369,262,189,73,540882415
24558361,330,227,103,658212631
21058249,280,198,82,555145859
20320969,279,198,81,533649325
21818521,311,218,93,577393725
24803641,318,211,107,665494495
21568201,378,256,122,570059235
23057161,299,200,99,613809581
21311161,271,195,76,562538253
20836201,212,140,72,548664217
24304681,373,257,116,650689839
22554841,235,156,79,599017055
22813849,313,214,99,606640619
22310569,343,247,96,591834981
20569441,294,211,83,540884695
23547049,275,189,86,628269195
22068649,404,280,124,584731193
23818369,228,154,74,636289533
20067601,258,176,82,526280757
24558409,307,207,100,658213957
23309161,292,207,85,621243851
24062329,253,179,74,643509831
24803809,414,288,126,665499061
21568849,234,159,75,570078495
21059089,336,235,101,555170663
20836561,277,196,81,548674099
23057449,329,228,101,613817777
20321401,259,177,82,533661607
21311809,291,200,91,562556931
21819001,341,229,112,577408125
22814401,309,213,96,606656519
22555009,304,192,112,599021507
20570041,362,246,116,540902987
23547409,391,275,116,628278915
24558529,317,216,101,658216981
24305521,338,254,84,650714437
22313449,316,219,97,591919805
20837161,283,191,92,548691643
22068769,407,293,114,584734565
21569641,346,239,107,570101165
20067721,298,210,88,526284957
21312001,262,173,89,562562421
23818489,445,308,137,636292671
23058169,280,191,89,613839251
21819121,340,227,113,577411137
20570089,242,169,73,540904331
23310121,374,271,103,621271753
22814521,326,232,94,606659321
24062809,301,220,81,643523601
21059161,404,272,132,555172199
20321641,261,172,89,533668213
22555129,279,187,92,599024693
24804049,389,261,128,665506627
20837329,347,233,114,548696193
22070161,237,155,82,584775737
21569689,358,261,97,570102665
24558601,332,255,77,658220047
21313609,320,240,80,562609953
20570449,182,122,60,540914765
21819169,245,165,80,577412391
23547889,247,151,96,628293153
22814569,369,241,128,606661361
20068729,330,215,115,526313379
22313761,341,224,117,591929369
24305689,351,232,119,650719285
23058361,463,323,140,613844735
23819041,223,140,83,636310277
20838049,299,210,89,548717271
20322241,226,150,76,533685343
22555201,255,172,83,599026889
21059761,293,209,84,555191201
23311129,311,209,102,621301715
21570049,231,173,58,570114035
22070449,290,204,86,584784767
21315001,441,301,140,562650777
24063001,355,240,115,643529205
20570761,316,214,102,540924899
24559921,258,172,86,658260073
21819841,259,169,90,577432935
24804529,331,218,113,665521657
22814761,293,198,95,606666677
23549761,257,170,87,628348605
20068969,430,291,139,526320387
21571489,333,227,106,570157061
22314121,341,252,89,591939395
21315289,287,193,94,562658415
22556881,345,251,94,599076405
22071121,353,245,108,584803277
20570929,328,224,104,540928843
20838721,284,207,77,548737419
20322481,151,98,53,533693161
21820681,226,154,72,577457121
24560449,215,143,72,658274917
24305761,369,253,116,650721895
21060001,303,203,100,555198659
23059969,260,174,86,613893329
22815361,294,205,89,606685145
23820169,378,265,113,636342527
23311801,320,213,107,621321269
23550529,328,232,96,628371585
24063601,241,153,88,643547721
21315961,301,209,92,562678965
20571601,273,186,87,540948601
24805321,294,199,95,665545753
22072969,266,177,89,584858565
20838841,232,167,65,548740509
21571729,287,198,89,570164033
20070961,199,132,67,526378307
20323489,407,274,133,533722309
21822721,359,257,102,577517661
22557361,333,240,93,599090805
22314769,318,201,117,591959249
24560929,275,185,90,658289041
22815601,286,208,78,606692393
21060649,303,214,89,555216517
23312521,312,211,101,621343409
23550601,204,136,68,628374183
20571721,257,176,81,540951937
24306409,326,219,107,650741299
21316201,249,177,72,562685347
23060689,394,261,133,613913999
23821561,219,138,81,636384011
20839009,292,199,93,548745393
20323801,291,210,81,533731675
22073809,305,198,107,584882553
21823201,216,156,60,577531767
20071921,225,158,67,526406441
24064009,324,230,94,643559925
22557649,241,146,95,599099475
22314889,230,155,75,591962189
21572041,322,208,114,570172979
24806161,359,239,120,665570521
20571769,265,188,77,540953323
22816201,335,221,114,606709325
21316369,317,199,118,562690159
23551081,262,163,99,628388301
20323921,305,220,85,533734363
20839249,380,281,99,548752281
21061009,329,221,108,555226573
24561049,453,320,133,658292551
20072161,364,259,105,526413461
21823561,279,174,105,577542081
23312881,353,230,123,621353447
22557889,355,227,128,599106549
23060809,326,225,101,613918439
24306769,257,164,93,650752159
22074049,470,315,155,584890101
22315729,294,204,90,591986837
23821921,255,185,70,636394655
21572209,398,277,121,570177743
20571961,283,189,94,540958411
21316849,330,235,95,562703521
22816249,286,194,92,606710903
24064321,338,242,96,643569057
20323969,381,273,108,533735839
20072761,300,211,89,526429985
20839729,258,191,67,548765943
21824161,293,211,82,577560669
24806401,199,142,57,665577079
23551201,299,215,84,628391535
21061441,291,206,85,555238783
22559209,301,216,85,599145593
22316449,320,231,89,592008471
20572609,258,177,81,540977389
21572401,380,268,112,570183611
24561601,238,164,74,658309141
20324089,383,263,120,533739961
23061481,316,213,103,613938089
23314321,481,343,138,621395987
22816441,347,233,114,606715757
21317041,366,244,122,562709749
20840569,287,203,84,548790881
20072809,273,193,80,526431665
22074361,264,165,99,584899533
24307201,315,200,115,650764309
21824329,358,247,111,577564809
23822761,330,225,105,636418709
22559401,285,192,93,599151071
24064441,337,222,115,643572327
20572729,260,177,83,540980923
22316641,346,240,106,592014639
20324641,280,186,94,533756437
21061609,326,228,98,555243907
23551249,425,308,117,628392969
20073169,303,217,86,526442165
23061529,304,192,112,613939769
24806569,349,245,104,665581567
22816609,368,227,141,606720977
20840761,340,240,100,548795903
21825721,267,188,79,577604973
21317209,246,156,90,562714573
21573049,376,257,119,570202919
23314561,248,169,79,621403733
24561721,303,217,86,658312903
22560001,283,212,71,599169233
22074529,247,190,57,584904597
22317409,242,164,78,592036887
20573401,267,177,90,541000855
24307369,256,177,79,650769043
23823361,225,152,73,636436445
23551369,390,274,116,628396389
20324929,197,137,60,533764399
22817089,257,177,80,606735809
23064241,308,211,97,614018177
20841241,292,196,96,548810171
21826081,337,216,121,577616145
24064609,350,234,116,643576953
20073601,229,158,71,526454057
21317521,276,187,89,562723561
21062521,370,236,134,555270223
22560169,283,178,105,599174129
22319329,362,251,111,592092837
24807049,291,205,86,665596405
21574009,348,254,94,570230411
20574241,247,163,84,541025017
20325769,244,162,82,533788741
23551441,256,172,84,628398561
22818049,306,212,94,606764027
22075201,309,214,95,584923587
23315161,273,185,88,621420941
23064721,273,179,94,614032325
21826561,275,183,92,577630023
20841361,325,230,95,548813999
24561961,296,209,87,658319921
21317689,412,293,119,562728703
24307609,303,219,84,650776267
23824201,254,168,86,636461855
22560409,202,123,79,599180693
20073769,264,182,82,526459577
21062689,371,247,124,555275911
22319761,292,208,84,592106007
21575401,274,188,86,570271715
24065161,405,297,108,643593879
20326489,335,250,85,533810371
20841409,281,190,91,548815325
22818889,343,237,106,606789647
20574409,319,229,90,541029787
23551921,295,193,102,628412655
24807169,285,174,111,665599633
21826681,378,265,113,577632741
23065249,252,168,84,614048759
21318481,310,205,105,562751575
22075369,404,268,136,584928321
23315569,311,201,110,621432869
20326681,279,192,87,533816791
22319809,300,204,96,592107123
24562129,380,274,106,658324007
20074321,285,187,98,526475801
21576409,336,231,105,570301277
20575249,305,195,110,541054807
20841529,287,196,91,548818925
22819561,400,277,123,606808631
21828529,347,251,96,577687705
23824249,283,204,79,636463331
22560721,347,225,122,599190005
21063121,323,219,104,555289339
24308209,389,277,112,650794693
23553289,346,237,109,628452699
24807841,299,196,103,665619739
24065329,372,269,103,643599363
20327161,291,198,93,533829653
23066089,404,267,137,614073301
23317249,409,277,132,621482501
20075449,232,158,74,526509047
21318889,289,202,87,562763905
20575969,419,300,119,541076319
20842201,380,270,110,548838311
22077241,230,170,60,584983473
21576601,323,228,95,570306377
22819609,361,254,107,606809921
21828601,281,196,85,577689721
22320601,354,249,105,592129959
23554441,260,187,73,628487359
24808009,363,243,120,665624545
24563401,276,189,87,658361801
21063169,296,195,101,555290473
22560841,303,223,80,599193173
23824609,284,180,104,636473435
20329009,335,218,117,533882975
24309889,301,205,96,650845447
20076361,330,228,102,526535411
20576161,242,172,70,541081761
23317729,296,196,100,621497021
20842441,216,156,60,548845667
24065449,365,258,107,643603101
22820449,272,179,93,606833843
21830041,283,192,91,577732465
21319489,267,171,96,562781203
21577921,252,156,96,570344891
23066761,387,252,135,614092939
22077409,271,174,97,584988429
24808681,287,189,98,665645827
20329129,398,271,127,533886299
22320841,406,279,127,592137045
20576641,291,193,98,541095519
20077009,367,253,114,526553963
24563641,340,245,95,658369217
21063529,214,152,62,555301495
23317849,241,158,83,621500285
23554969,273,195,78,628502347
21830761,291,202,89,577752025
20843881,403,288,115,548888093
22820569,403,297,106,606837959
21320209,245,175,70,562801621
22562521,251,160,91,599242467
23826721,417,280,137,636537077
24310441,266,193,73,650860513
20329201,298,222,76,533888243
20577481,242,165,77,541120299
24809401,266,190,76,665666979
24066529,436,302,134,643634007
21579049,372,265,107,570377501
20078521,212,141,71,526598213
23066929,330,228,102,614097367
22078009,340,239,101,585007197
24563809,355,239,116,658374155
21830929,330,226,104,577757707
22321009,367,238,129,592142337
22821241,274,168,106,606857453
21320401,304,201,103,562807933
20843929,283,205,78,548889131
21064009,373,259,114,555315463
23318521,370,250,120,621519017
20329681,315,219,96,533903159
23555281,324,229,95,628511755
22562929,236,163,73,599255403
20079721,279,190,89,526632815
20578009,207,127,80,541135137
24809569,297,194,103,665670987
23826889,303,198,105,636541379
21831769,297,207,90,577781419
24311449,397,273,124,650890729
21320881,297,195,102,562821077
22822801,180,136,44,606905545
24565921,279,184,95,658437419
21579601,308,224,84,570394495
20844289,326,229,97,548899643
23067361,372,248,124,614110387
24068689,343,231,112,643697843
22321489,245,172,73,592155897
23318761,314,213,101,621526079
22078681,217,149,68,585025923
20080729,260,171,89,526661645
20579281,355,246,109,541172121
21065041,297,207,90,555345097
20331481,331,211,120,533955179
21832441,216,156,60,577801657
23555449,336,226,110,628516589
21321169,242,168,74,562829699
22564921,330,231,99,599313699
22823329,271,172,99,606919837
24566089,292,177,115,658441679
23067409,391,275,116,614111725
20844721,329,226,103,548912603
22322689,379,248,131,592191243
24809689,294,188,106,665674779
23319601,347,252,95,621551087
23827129,335,226,109,636548381
21580129,317,214,103,570409825
20579329,188,131,57,541173603
24311569,303,212,91,650894011
22078729,346,224,122,585027105
21832561,304,213,91,577804681
24068809,405,294,111,643701869
20081041,274,187,87,526670975
21321841,296,219,77,562850519
21065641,324,230,94,555363229
20331721,314,212,102,533961677
20845129,351,251,100,548924963
22824001,352,243,109,606938827
23067601,322,218,104,614117257
24566761,393,289,104,658462649
22323001,389,275,114,592200315
20580289,278,186,92,541201719
23321041,314,212,102,621594017
23557081,341,232,109,628565057
22565041,391,270,121,599317119
21832609,325,231,94,577806817
21580441,273,190,83,570418939
22079089,367,259,108,585038667
24809929,296,175,121,665681949
21321889,362,232,130,562851539
20847241,289,197,92,548986061
23828281,350,231,119,636582599
24068881,233,167,66,643704037
20081161,196,120,76,526674701
24311809,297,204,93,650901421
22825489,241,160,81,606982753
24566809,347,257,90,658464113
20331889,414,288,126,533966075
21065809,338,224,114,555367963
23321449,430,295,135,621606263
22323361,285,189,96,592211787
21832801,301,203,98,577812037
23067769,342,228,114,614122471
21580609,336,234,102,570423577
20581201,242,176,66,541227639
22079521,282,191,91,585050325
20847289,295,191,104,548987651
24810241,264,163,101,665690703
21322681,270,183,87,562874231
23557921,325,206,119,628590339
22565209,405,306,99,599322039
24069481,401,253,148,643721863
22825609,251,174,77,606986365
24568441,308,216,92,658511327
20082241,253,167,86,526706279
23828449,362,243,119,636587681
23321761,290,202,88,621615947
21834121,279,182,97,577850907
20332369,307,220,87,533981333
21066049,303,221,82,555374377
21581569,195,127,68,570451729
24312481,314,208,106,650921407
20847481,386,270,116,548992805
21322729,323,216,107,562875869
22079929,303,214,89,585062127
22324129,285,192,93,592233951
20581681,259,154,105,541242165
23068921,322,221,101,614156515
23557969,377,258,119,628591689
24810529,436,339,97,665699187
22826449,360,264,96,607010881
20082409,332,208,124,526711397
24568849,335,234,101,658525487
22568449,356,240,116,599416631
24069649,338,245,93,643726573
21834481,327,226,101,577860873
23322049,263,195,68,621624473
21581641,331,226,105,570453685
24313129,270,166,104,650940143
21322849,264,191,73,562879169
20848081,350,234,116,549009815
20333041,202,135,67,534001475
21066361,340,236,104,555383677
23828569,311,215,96,636591377
23558761,304,205,99,628614813
23069929,330,226,104,614185969
22080769,361,252,109,585086859
24810601,254,174,80,665701149
20582641,375,265,110,541270165
22324369,368,254,114,592240833
21834961,278,197,81,577876329
24069889,366,252,114,643733701
21582481,364,246,118,570478291
23322121,234,146,88,621626543
20083081,340,240,100,526729943
20848489,291,197,94,549022321
22827121,363,253,110,607030785
24313489,339,224,115,650951363
22568569,241,164,77,599420873
24569449,378,259,119,658542149
21323089,428,285,143,562885745
20334049,292,203,89,534030443
23558929,332,240,92,628619637
21067201,208,141,67,555408607
21835321,308,202,106,577886823
23070889,322,222,100,614214181
21583129,361,251,110,570497131
23828809,382,266,116,636597593
20583049,296,215,81,541281475
20849161,244,163,81,549041335
23322289,264,179,85,621631349
24070369,289,194,95,643748545
24813049,291,215,76,665774145
22081921,197,135,62,585120957
22325881,303,209,94,592284355
24314089,360,252,108,650968067
20083729,366,240,126,526749509
21323521,277,184,93,562899245
22828681,351,246,105,607077933
21836161,249,168,81,577910577
22569241,359,241,118,599440253
23559169,416,276,140,628626513
21583249,284,196,88,570500245
20849641,344,239,105,549055405
20583361,322,222,100,541290613
20334241,310,209,101,534035405
24569521,279,188,91,658544561
23322961,244,166,78,621650609
24070561,304,209,95,643754227
21067729,247,160,87,555422725
23071129,210,146,64,614221237
24314161,306,218,88,650970755
23829409,312,223,89,636616865
22082209,347,243,104,585127869
21323689,488,345,143,562904465
20083849,317,223,94,526753655
20849761,283,184,99,549059365
21836809,334,253,81,577930257
22326649,355,237,118,592307475
20585329,378,276,102,541348193
24813121,277,186,91,665775903
21584089,355,249,106,570525739
23560321,229,152,77,628660215
23323441,360,252,108,621664403
22828801,280,197,83,607080753
23071729,350,243,107,614239723
24070729,206,141,65,643759177
20335849,282,186,96,534082889
22569289,341,215,126,599441663
24316489,417,305,112,651039803
21068041,307,208,99,555432601
20585881,374,253,121,541364963
20849809,409,286,123,549060685
24569689,337,224,113,658549991
21323761,316,229,87,562907195
21838009,316,216,100,577965021
21584161,236,155,81,570527653
22082761,257,178,79,585144903
24813961,360,246,114,665800863
23561281,441,295,146,628688937
20084401,298,203,95,526769303
23830249,358,240,118,636641735
23072809,245,165,80,614271607
22328041,324,227,97,592348785
20336089,225,147,78,534089201
20850001,324,219,105,549066103
20586169,367,258,109,541373501
22829881,386,276,110,607112389
23323561,380,255,125,621667913
22569961,470,327,143,599462513
24071209,376,255,121,643772977
21324361,356,228,128,562924049
22083601,269,186,83,585170163
21838441,338,240,98,577978023
21068209,284,192,92,555437175
24570001,250,176,74,658558997
21585649,333,223,110,570570831
20084761,285,202,83,526779089
24317521,344,251,93,651070721
24814561,325,231,94,665819295
23073121,319,217,102,614281159
23562001,235,159,76,628710905
22328209,249,176,73,592353855
20850169,271,190,81,549070603
20586409,331,233,98,541379375
20336401,260,180,80,534099449
23830969,308,215,93,636662783
21839329,279,196,83,578004627
21324529,387,269,118,562928975
20084929,370,267,103,526784717
22830361,317,215,102,607126165
24570289,389,272,117,658567437
23323969,361,255,106,621680813
22572169,277,192,85,599526563
21068569,281,193,88,555447495
22084969,449,298,151,585209555
23073409,352,264,88,614289313
23562169,306,199,107,628715111
20850649,298,195,103,549084823
21586321,380,268,112,570589809
24071329,294,207,87,643776901
20587009,247,166,81,541397771
22328329,271,184,87,592356837
24816409,305,209,96,665874783
24318001,362,237,125,651084311
21839689,281,204,77,578015139
21324769,340,236,104,562936265
20086201,242,160,82,526821817
20336689,274,187,87,534106787
24570841,405,279,126,658582989
23831641,308,207,101,636682253
22085281,278,196,82,585219341
20587249,282,199,83,541404437
23073481,401,274,127,614291449
20851321,286,205,81,549104419
23562361,248,159,89,628720693
22328569,327,216,111,592364319
22832209,268,175,93,607180137
21070009,314,207,107,555489957
21840361,320,208,112,578034693
22573009,277,187,90,599551097
23324401,301,219,82,621694277
21586849,412,272,140,570605385
21325441,280,190,90,562955681
20086921,268,194,74,526842019
24817921,374,254,120,665919357
24318169,387,263,124,651088979
24071569,369,247,122,643783561
20587681,262,167,95,541416707
22085641,293,217,76,585229847
20851681,356,243,113,549114289
20336929,393,273,120,534113699
22329001,268,195,73,592376979
24570961,404,285,119,658586685
20087281,269,177,92,526852429
21587329,254,172,82,570620025
23831809,274,193,81,636687089
21842521,329,228,101,578098913
23073649,286,178,108,614296837
21326089,297,206,91,562974981
23563129,350,251,99,628742959
21070081,275,197,78,555492111
22832401,251,173,78,607186389
24318529,266,169,97,651099657
24818641,207,149,58,665940975
20589409,287,201,86,541467839
23324641,339,228,111,621700647
20852281,280,190,90,549132739
22573321,255,189,66,599560007
22086241,236,163,73,585246773
22329049,250,164,86,592378053
24072049,285,195,90,643797823
20337529,191,133,58,534131843
21587521,333,235,98,570625881
20087449,357,247,110,526857427
21327289,253,185,68,563009931
20589769,293,200,93,541478393
20852521,334,227,107,549140365
23326249,294,196,98,621747615
22087129,263,168,95,585273863
23074081,272,192,80,614308715
24819169,306,207,99,665956185
21842881,251,183,68,578109007
24571201,327,235,92,658593357
22329409,324,230,94,592388631
21071521,244,149,95,555534123
23832001,354,248,106,636692525
24318961,441,328,113,651113787
22832569,359,249,110,607191027
23563681,351,219,132,628758973
20088049,301,222,79,526874443
22573609,342,249,93,599568827
21588001,350,246,104,570639781
20853121,298,204,94,549158127
20338081,205,139,66,534146855
21327961,357,225,132,563029965
24072409,326,214,112,643807573
23074489,241,158,83,614320409
23326969,343,231,112,621769137
22087969,328,230,98,585297881
24819481,301,201,100,665966079
20590201,275,181,94,541490075
24571369,351,256,95,658598109
20088769,282,204,78,526895297
23563849,201,135,66,628764805
21843361,215,144,71,578123131
21071761,263,167,96,555540909
21588289,378,258,120,570647941
20853361,255,171,84,549165285
22330081,311,206,105,592408599
23833009,443,310,133,636722383
22832881,340,223,117,607200441
24319681,244,172,72,651135195
20340601,321,218,103,534220657
21328561,231,160,71,563047311
22573849,216,155,61,599575883
22088329,362,262,100,585308471
23327089,356,253,103,621773019
23074801,287,204,83,614330261
20089561,367,251,116,526918739
24820009,312,215,97,665980809
24572209,292,191,101,658623879
24072721,246,172,74,643817899
20590369,508,374,134,541495259
23564521,367,246,121,628784803
20853529,282,196,86,549170337
21588361,328,231,97,570650659
20341561,324,220,104,534248377
21328609,206,134,72,563048649
21072361,400,275,125,555558395
21843649,293,195,98,578131513
22330249,314,208,106,592413519
20089609,253,183,70,526920167
22833049,296,209,87,607205595
23074921,274,184,90,614333135
24319849,321,221,100,651139731
23327641,335,230,105,621789069
24820321,255,177,78,665990589
23833321,273,182,91,636732355
24572689,297,209,88,658637295
22088641,251,182,69,585318383
22575001,284,193,91,599609753
23564641,244,163,81,628787557
21588529,263,187,76,570655609
20341801,299,211,88,534254539
20591761,269,181,88,541535423
21328729,349,239,110,563052405
20854201,344,237,107,549189645
20089969,240,154,86,526930643
24073561,299,203,96,643842097
23075641,267,188,79,614354063
21072769,334,221,113,555570533
24320041,331,227,104,651145389
23327761,293,205,88,621792153
21843889,254,179,75,578138371
24820681,247,186,61,666001445
23834521,354,222,132,636767051
22330729,282,193,89,592427505
21588841,394,273,121,570664729
22833241,396,272,124,607210629
20343481,269,198,71,534304611
23564689,313,225,88,628788919
22088929,284,203,81,585326279
21328969,408,297,111,563058807
22575841,303,224,79,599635439
20090401,306,207,99,526943435
20592289,292,190,102,541550673
24573481,310,203,107,658661331
20854369,341,231,110,549194337
23075761,381,260,121,614356985
23835121,324,215,109,636785195
21588961,338,229,109,570667699
20343649,325,232,93,534308757
21073201,274,188,86,555583735
24074521,291,191,100,643870587
23564881,288,193,95,628795027
21844489,313,216,97,578154937
20091289,282,180,102,526969133
24320521,316,212,104,651159717
23328841,376,238,138,621824645
21329401,241,171,70,563071431
22089169,350,236,114,585333083
24820849,216,139,77,666005783
22330921,410,269,141,592432815
20854681,254,166,88,549204429
22833841,230,156,74,607229343
20592601,330,213,117,541559763
23075809,272,182,90,614359235
22576201,402,285,117,599645099
20344249,270,178,92,534326907
23835529,262,189,73,636796835
24573529,365,271,94,658662897
21844729,241,165,76,578162515
21589129,226,149,77,570673537
20091649,393,281,112,526979315
23565049,381,276,105,628799467
22089649,280,191,89,585347315
21074089,287,191,96,555608773
24074689,318,227,91,643875663
20854849,322,232,90,549208719
24821689,303,200,103,666030491
20593129,439,300,139,541574841
21329569,310,230,80,563076279
23075929,306,217,89,614363249
23329441,288,205,83,621842167
24321481,339,243,96,651187191
20344969,336,230,106,534347439
22331401,301,195,106,592448067
22834681,275,166,109,607254219
23836009,405,275,130,636810857
21845401,301,213,88,578182465
22576369,285,186,99,599650031
22089841,330,232,98,585352907
20091961,430,285,145,526989509
20855041,265,178,87,549214005
23565481,225,150,75,628812523
20593801,288,200,88,541595005
24573649,214,142,72,658666281
23076169,280,176,104,614369987
21590521,349,253,96,570713941
21329641,276,185,91,563078493
24822121,284,176,108,666043655
21074929,410,295,115,555633499
20345161,357,242,115,534353187
24074761,375,254,121,643877979
23836201,278,204,74,636817403
21845881,407,286,121,578196475
22834729,337,221,116,607255239
23329609,314,216,98,621847033
22331929,240,162,78,592462971
20855689,357,242,115,549232611
20092081,275,179,96,526992827
23567041,228,162,66,628859329
24321529,278,193,85,651189159
22092529,342,239,103,585431717
20594281,336,230,106,541608499
23076601,288,192,96,614381885
22577521,311,211,100,599683835
20345761,299,205,94,534370353
24822841,265,188,77,666064577
21330481,376,255,121,563103231
23836369,352,247,105,636822695
21590689,322,205,117,570718321
21075049,293,208,85,555637147
21848089,362,254,108,578260395
20856721,306,210,96,549262803
24574489,362,253,109,658690557
20093929,297,209,88,527045257
22093009,281,195,86,585445961
20594401,224,157,67,541611925
23567329,372,285,87,628867489
24074929,345,238,107,643883613
23077849,388,266,122,614420039
20346769,246,154,92,534400803
22834921,381,269,112,607261095
22332361,307,215,92,592476081
23329681,269,205,64,621849229
24324049,331,239,92,651263079
23836801,330,247,83,636834593
20094601,317,228,89,527065291
20857321,335,215,120,549280197
21848401,264,163,101,578270151
22578481,254,183,71,599711405
21330649,393,283,110,563108961
20595121,231,161,70,541634233
24822961,309,227,82,666068269
21590809,354,243,111,570722299
22093369,239,165,74,585456365
21075601,245,168,77,555653101
23568049,324,235,89,628888309
23078281,243,164,79,614432267
20347321,306,206,100,534416265
24576001,351,232,119,658735557
20094649,252,171,81,527066881
23329849,369,257,112,621853597
21849361,288,198,90,578298441
23837809,363,255,108,636864953
24075361,347,253,94,643895307
22333921,274,178,96,592521945
22835089,305,206,99,607266081
20857729,239,151,88,549291801
20595241,319,215,104,541637167
22093801,275,179,96,585469169
24324241,388,284,104,651268167
22578529,328,230,98,599712719
23568241,332,224,108,628893193
23079361,353,248,105,614464021
20347681,282,185,97,534427491
21331081,314,212,102,563121819
21076129,343,227,116,555669013
21591481,350,239,111,570740809
20095441,276,181,95,527089573
21851041,289,197,92,578348589
24823369,339,222,117,666080741
23330161,278,185,93,621863275
23838049,353,233,120,636871577
20595961,235,162,73,541658049
20859721,295,197,98,549350535
22093849,352,240,112,585470891
24576241,391,277,114,658742853
22334881,240,150,90,592549731
22835521,271,198,73,607278727
20348161,281,187,94,534441135
24076081,269,192,77,643917867
24325009,307,225,82,651291999
23081209,401,276,125,614518723
20095489,311,226,85,527090839
21332089,278,188,90,563150535
22578649,354,249,105,599717051
20597089,343,233,110,541690737
20859841,285,196,89,549354543
23330449,298,198,100,621871693
23569009,298,189,109,628917559
23841001,322,238,84,636959075
21076609,372,259,113,555682255
21851281,269,184,85,578355723
21592489,429,296,133,570770179
22094209,337,238,99,585480773
20348281,319,227,92,534444351
24824809,284,187,97,666122471
20095849,331,249,82,527101387
23081521,252,183,69,614527663
24325729,281,182,99,651314103
20598001,322,232,90,541718121
20859889,345,240,105,549355845
24577561,340,236,104,658783797
22335121,274,198,76,592556519
22835569,271,190,81,607279921
23569561,239,166,73,628934185
21332329,255,177,78,563157825
21593161,340,222,118,570790729
23330521,373,264,109,621873997
24077281,354,246,108,643951635
22094521,221,166,55,585490391
21852121,368,235,133,578379777
22580401,329,223,106,599769885
23841241,289,207,82,636966299
21076801,370,249,121,555688315
20348329,294,211,83,534446151
20096161,251,173,78,527110591
20598841,293,196,97,541741695
20860561,319,237,82,549374463
21593401,303,204,99,570798097
24825481,384,253,131,666143339
23331001,326,232,94,621889303
21852601,161,110,51,578394681
23569921,286,182,104,628944325
23081689,316,221,95,614532373
24326521,407,279,128,651336099
20348689,309,223,86,534455871
23842249,383,263,120,636995897
22835689,357,248,109,607283455
22335889,311,208,103,592579619
21332761,330,226,104,563169927
22095049,323,221,102,585505913
20096689,379,285,94,527125321
24577921,259,164,95,658794069
20599441,295,203,92,541759293
24077761,279,184,95,643966215
22581001,306,206,100,599786409
21076969,283,191,92,555693673
20861089,382,264,118,549389673
21593569,367,249,118,570802741
21852889,355,247,108,578402247
24825721,350,237,113,666150035
20349961,264,166,98,534492595
23331169,331,229,102,621894019
20097169,340,224,116,527140309
23842561,312,212,100,637005269
22336729,372,254,118,592603535
23082649,312,213,99,614561989
20599609,289,190,99,541763661
23570401,312,210,102,628958335
24326689,250,167,83,651341451
21333649,349,242,107,563195777
22836241,325,218,107,607299595
22095649,207,135,72,585523283
21077401,262,179,83,555705613
20861521,364,247,117,549402183
21594049,273,177,96,570817177
21853129,206,137,69,578409147
24579361,240,173,67,658836375
22581841,309,207,102,599811787
20350129,335,233,102,534498319
24077881,239,168,71,643969491
20098009,384,273,111,527164059
24826201,291,200,91,666165107
20599849,346,227,119,541771227
22336801,259,172,87,592606271
23842681,439,301,138,637008953
21077449,312,223,89,555707173
23332129,356,245,111,621920767
21594169,261,178,83,570820357
21853561,452,304,148,578421585
21333769,449,318,131,563198789
20861761,352,258,94,549409401
20350969,381,260,121,534522175
23083321,438,316,122,614581585
24327361,316,223,93,651362445
23571409,247,160,87,628987383
22095721,322,232,90,585525419
22836361,351,260,91,607302745
20600449,195,133,62,541788651
23842849,378,262,116,637013837
24828049,252,161,91,666219335
22582921,238,166,72,599843041
20098129,276,205,71,527167605
22338649,372,260,112,592660171
24579409,378,262,116,658837707
21078121,286,185,101,555726493
24077929,292,203,89,643971375
21853609,392,276,116,578423283
23332201,326,215,111,621923353
21594409,255,172,83,570827437
20351521,278,188,90,534538327
20862409,257,166,91,549429279
21334849,381,250,131,563230343
20600521,339,240,99,541790463
23084161,233,170,63,614606125
24328201,463,339,124,651386937
22095889,324,224,100,585529685
22339081,336,229,107,592673083
21078289,316,220,96,555730471
22836409,356,255,101,607304293
23843569,449,314,135,637035119
23571601,242,173,69,628992837
20351689,282,203,79,534543373
21594889,323,226,97,570840865
20098681,243,172,71,527184147
21854641,270,180,90,578452767
20862529,274,188,86,549432777
22584409,313,205,108,599886601
21335449,244,171,73,563248103
24828169,356,259,97,666223031
20600689,330,238,92,541795881
24580609,247,158,89,658873215
23333689,299,202,97,621968287
24078049,357,243,114,643974309
21079081,173,126,47,555754483
20351809,227,153,74,534546439
21595081,297,203,94,570846763
22096201,328,212,116,585538853
23844529,342,244,98,637063127
20862601,362,254,108,549435189
21855121,358,255,103,578466999
22339249,357,256,101,592677733
21336001,291,199,92,563264591
22837249,320,214,106,607329205
23084401,322,226,96,614613391
24328609,389,263,126,651398691
20099689,329,231,98,527212923
20601961,318,203,115,541832649
23572609,302,207,95,629022945
22585249,285,188,97,599911519
24078121,267,171,96,643978005
21079129,349,242,107,555755683
20352049,293,207,86,534553267
20864089,266,179,87,549478077
21596401,267,187,80,570885909
23845201,288,196,92,637083071
24828841,311,214,97,666243665
24581281,335,235,100,658891923
21855409,314,221,93,578475513
23334049,372,267,105,621978853
21336529,259,172,87,563280041
22096369,317,215,102,585543875
22339321,323,221,102,592679677
22837609,414,301,113,607339573
20352529,303,195,108,534568043
20100481,310,196,114,527236023
21079801,219,154,65,555776029
23084569,381,261,120,614618449
20864281,349,244,105,549483549
24329089,289,207,82,651413145
20602009,299,201,98,541834311
21596689,236,158,78,570894135
24078721,343,233,110,643995177
23845369,279,196,83,637088567
22585369,350,243,107,599914759
23573041,389,283,106,629036199
22096489,304,209,95,585546989
21336961,348,254,94,563292827
21855649,315,213,102,578482893
22340161,247,172,75,592705801
24828889,432,307,125,666244721
20352649,320,229,91,534571133
21080089,326,215,111,555783679
23334361,359,262,97,621987709
24581761,220,151,69,658908159
22837921,308,230,78,607349551
20602801,352,244,108,541857819
20865601,296,202,94,549522517
21597241,320,213,107,570910209
20100529,281,181,100,527237607
24079609,324,227,97,644020863
22096561,334,228,106,585548999
23085241,262,180,82,614638423
23846281,389,261,128,637115741
24329281,323,226,97,651417951
22340761,258,176,82,592722181
21080161,237,175,62,555786463
22586089,308,210,98,599937001
20354041,423,291,132,534612643
20865769,305,211,94,549526897
20603041,337,228,109,541864341
23574049,371,261,110,629065725
24830089,342,239,103,666280721
22838281,344,219,125,607359229
21598201,231,154,77,570938415
21337369,299,210,89,563304447
21856129,286,194,92,578496225
23334721,304,226,78,621998971
22097041,289,210,79,585564791
24582049,286,186,100,658916081
20100721,231,152,79,527242893
21081169,349,245,104,555816343
23846761,305,212,93,637129197
22341769,273,187,86,592751857
20866561,265,180,85,549549995
24079801,386,265,121,644027043
23086009,235,177,58,614660695
21598249,335,215,120,570939537
24830521,269,167,102,666293537
22838449,376,295,81,607364431
20354161,260,166,94,534616093
23574289,379,278,101,629073297
24329881,226,168,58,651437343
22586881,307,209,98,599959951
20603521,255,182,73,541878987
21337801,205,131,74,563316903
22099081,308,211,97,585624277
21856801,279,194,85,578516541
21082849,440,320,120,555864925
23847049,344,241,103,637137819
20866801,296,208,88,549556605
20100889,347,247,100,527248503
23335561,284,192,92,622023259
21598441,359,237,122,570945063
24582889,391,275,116,658940093
24330049,271,188,83,651442479
22341841,228,148,80,592754191
23574961,346,232,114,629092473
24831361,246,164,82,666317981
20354881,290,201,89,534637015
21338521,246,173,73,563338641
20605201,321,234,87,541927421
22838929,234,154,80,607379005
22100521,391,276,115,585666445
22586929,304,209,95,599961421
23086849,262,174,88,614685441
24081121,222,147,75,644066523
20866969,319,213,106,549561657
23847289,301,206,95,637145127
21598921,274,203,71,570960087
21857089,318,229,89,578524629
21083449,254,171,83,555882595
20355241,249,165,84,534647083
20101201,257,181,76,527257515
23575129,320,213,107,629096721
24330289,261,171,90,651449067
21339529,324,221,103,563367603
22100761,333,219,114,585673237
22342009,360,243,117,592759039
23335729,325,217,108,622027849
20867281,314,222,92,549571317
24831409,263,177,86,666319799
20605561,362,256,106,541937369
22839049,301,213,88,607382185
24583441,234,157,77,658957043
23847601,250,184,66,637154667
22587049,192,130,62,599965243
21857161,330,230,100,578526633
23087569,397,269,128,614706099
20355889,282,190,92,534665593
21339649,358,251,107,563371317
24081289,318,236,82,644071179
23575441,375,262,113,629106081
22101529,317,214,103,585695989
21599041,375,270,105,570963051
21084289,394,283,111,555906487
20101369,349,239,110,527261709
20867809,399,275,124,549585807
22342849,280,186,94,592783573
24831529,366,230,136,666322715
24330601,363,257,106,651458391
22841281,249,171,78,607448485
23848801,291,201,90,637191531
20357089,284,196,88,534700741
21858649,356,252,104,578570235
20606881,226,159,67,541976843
23337001,248,172,76,622065439
21339889,307,212,95,563379153
23575609,344,235,109,629111949
20101561,309,215,94,527267469
24583609,377,259,118,658962083
20868121,226,162,64,549595623
22587121,333,227,106,599967103
23088361,302,216,86,614728377
24081481,402,292,110,644076831
22102369,313,226,87,585720829
21085201,347,242,105,555932767
20357401,272,189,83,534709819
21599089,365,245,120,570964683
20607049,305,215,90,541982099
23849401,268,179,89,637208313
21858769,331,228,103,578574555
24832081,289,209,80,666339131
22841809,282,194,88,607463353
22343161,290,209,81,592793119
20102569,282,168,114,527297079
24330769,258,172,86,651463449
23575801,451,318,133,629117277
21340489,298,207,91,563396583
20868961,196,129,67,549619569
23337049,387,278,109,622066693
20357521,361,226,135,534712885
20607721,311,196,115,542000921
21859009,323,234,89,578580885
23849569,350,245,105,637212843
22587289,309,219,90,599971735
24583729,252,167,85,658965227
20103241,292,196,96,527316471
22842481,211,146,65,607483351
23089081,292,209,83,614750235
24832369,282,188,94,666346589
24082321,313,206,107,644101397
21087049,303,209,94,555987045
22102441,412,286,126,585722839
21599449,355,258,97,570974745
21342001,256,195,61,563440737
23575969,292,193,99,629122665
22344169,320,206,114,592822237
20357761,344,247,97,534720409
20607841,220,150,70,542004215
20869129,397,267,130,549624741
21860329,354,250,104,578620285
24331129,296,198,98,651473997
20104729,413,285,128,527360139
23850289,354,252,102,637234347
23337169,281,199,82,622070335
22843321,380,268,112,607508347
24833089,303,199,104,666369803
24082801,246,170,76,644115521
21342169,337,234,103,563444961
22587769,355,249,106,599985559
24584449,350,237,113,658986837
23576401,237,158,79,629135607
21087529,305,194,111,556000515
23090209,318,208,110,614784369
20357929,288,194,94,534724961
21599881,262,169,93,570987705
22103089,370,247,123,585742123
21860689,252,185,67,578630983
20105089,297,196,101,527370129
22344841,292,201,91,592843597
20607889,229,158,71,542005619
20870089,311,213,98,549652059
22843921,294,196,98,607526737
23850481,291,204,87,637240149
21342241,397,263,134,563447241
24082969,276,182,94,644119901
24833761,228,163,65,666389267
23577649,331,234,97,629172279
24331441,277,181,96,651482409
24584569,236,151,85,658990575
23339689,344,249,95,622144917
20358241,318,223,95,534734515
21862801,229,148,81,578692801
20105521,322,244,78,527382741
22587889,313,202,111,599989003
21087889,265,174,91,556011705
21600121,208,144,64,570993973
23090281,382,261,121,614786265
22843969,252,160,92,607527715
22103209,396,287,109,585745723
20608249,263,167,96,542016255
22345009,308,213,95,592847929
20871001,335,245,90,549679323
24083161,295,196,99,644126453
20358409,289,195,94,534738979
21342721,318,223,95,563461221
24332449,299,213,86,651512869
24833929,414,278,136,666394517
23578969,355,257,98,629212071
23850961,331,230,101,637254279
21863521,309,209,100,578713645
24584809,389,260,129,658997463
23339761,255,175,80,622146597
20105929,355,232,123,527394597
20608681,355,242,113,542028321
22844089,292,186,106,607531507
21088201,303,212,91,556021587
22103449,383,259,124,585752095
22588561,289,210,79,600009109
21600889,304,200,104,571017985
24083809,260,189,71,644145773
23090761,205,134,71,614801283
22345201,350,246,104,592853587
24332641,417,277,140,651518545
21864049,256,185,71,578729065
20871769,313,215,98,549702093
23579089,393,239,154,629215185
20106409,281,200,81,527408393
20358529,291,197,94,534743071
23852329,366,265,101,637294989
21342889,307,210,97,563466141
20608729,331,231,100,542029953
23340409,234,146,88,622165749
22844161,383,265,118,607533409
24834721,319,221,98,666418247
24585289,234,165,69,659011419
22103881,360,248,112,585765013
24084649,280,198,82,644171465
20872681,273,188,85,549729087
20106601,239,168,71,527414045
21088321,273,198,75,556024665
21864361,270,201,69,578737801
23579161,285,198,87,629217987
24333121,280,186,94,651532999
22588729,270,196,74,600014173
21600961,441,296,145,571019785
23852929,253,177,76,637312527
20609089,324,227,97,542040123
22345969,379,268,111,592876249
23090929,309,203,106,614805579
20359441,280,188,92,534768991
22844641,279,182,97,607548559
21343009,281,210,71,563468949
22105441,295,200,95,585811261
20107441,284,188,96,527438615
21864529,325,230,95,578742727
23340769,271,191,80,622176303
24834769,279,213,66,666419729
20873329,250,171,79,549748035
23579641,361,254,107,629231199
24333289,355,239,116,651537463
20609569,339,240,99,542054007
24585409,304,195,109,659015301
23853649,265,179,86,637333729
21088369,301,200,101,556026033
24085609,330,227,103,644199149
22844929,375,275,100,607556167
22589569,418,313,105,600038815
21601561,300,200,100,571036471
20359609,309,194,115,534774175
20108761,242,168,74,527476793
22105561,257,177,80,585814801
21866041,260,186,74,578787963
22346521,306,217,89,592891981
23091769,422,299,123,614829693
21343249,293,201,92,563476617
23580169,316,228,88,629247045
24834961,366,250,116,666425363
23341249,370,269,101,622190313
24333649,359,231,128,651548485
23854321,323,215,108,637353649
22846321,280,183,97,607597447
20873689,279,181,98,549757569
21089161,249,173,76,556049109
20609929,306,201,105,542064513
20109601,274,200,74,527501291
21866209,319,209,110,578792061
22105609,255,171,84,585815983
24586249,262,186,76,659039607
22589641,360,252,108,600040837
24085681,319,210,109,644201855
21602401,307,203,104,571061611
20360089,252,177,75,534788233
23580841,279,194,85,629267071
23854489,331,213,118,637357879
22346689,324,220,104,592896739
24333961,353,258,95,651557587
21089209,314,239,75,556050417
23341441,309,218,91,622195317
21344929,257,177,80,563526191
22846441,338,223,115,607600753
23091961,346,240,106,614835249
20110561,280,198,82,527529337
20610241,287,201,86,542073255
20874001,287,195,92,549766449
21866329,314,209,105,578795565
22105969,336,221,115,585826387
24835969,332,240,92,666455831
21089569,322,223,99,556060611
23854609,329,237,92,637361689
20360449,337,219,118,534799471
21602569,318,232,86,571066261
20110801,401,262,139,527536975
22591321,258,174,84,600089569
24334081,302,208,94,651560739
24586321,299,196,103,659041929
22846489,272,179,93,607601971
24087001,313,199,114,644241515
23341609,296,219,77,622202085
20874169,279,196,83,549771831
21867169,323,220,103,578819865
20611369,308,194,114,542106747
22346881,361,246,115,592902079
22106281,325,221,104,585835669
21345241,302,211,91,563534819
23581009,262,183,79,629271811
23092441,309,218,91,614849877
21089881,373,252,121,556070205
23856841,344,254,90,637427719
24836569,384,256,128,666473057
20875009,247,174,73,549795999
21868081,371,263,108,578847321
20611441,354,250,104,542108919
22846609,314,213,101,607605691
24334129,369,254,115,651561927
20360881,308,209,99,534811171
20110969,404,291,113,527541841
22106401,334,218,116,585839005
23341921,291,200,91,622210485
21603649,251,184,67,571099081
21345409,302,220,82,563539625
22591489,416,288,128,600094519
24586489,242,159,83,659048187
24087169,368,263,105,644245649
22348201,288,199,89,592941361
23856961,384,260,124,637430785
20875681,311,210,101,549816189
23581681,308,213,95,629291809
21090409,372,252,120,556085079
23092561,294,201,93,614853873
21868849,292,193,99,578869047
20611609,384,272,112,542114111
22848121,293,197,96,607649497
22106569,289,211,78,585843661
24334249,348,226,122,651565545
24837121,234,140,94,666489635
20361889,289,192,97,534841207
23342881,330,235,95,622238931
20111569,280,198,82,527558821
21346081,259,167,92,563558951
21604081,282,178,104,571111173
20876521,395,245,150,549839751
22593169,276,180,96,600144333
22349209,261,186,75,592970707
20612089,276,194,82,542127101
23857129,276,189,87,637436239
24587809,267,193,74,659087253
22848961,300,209,91,607673823
21090721,357,254,103,556094691
22107121,325,214,111,585860245
24087289,355,246,109,644248487
24335329,364,272,92,651597789
21868921,401,270,131,578871519
23582161,242,144,98,629306005
23092609,257,170,87,614855463
21346201,374,259,115,563562791
23343049,261,175,86,622244013
24837649,336,236,100,666504531
20361961,277,176,101,534843427
20111809,263,168,95,527565649
20613601,305,207,98,542171039
22349881,236,170,66,592990675
23857201,235,160,75,637437921
21090841,374,256,118,556098099
21604249,323,237,86,571115991
22849009,360,249,111,607675431
20876689,302,204,98,549844515
22108081,370,263,107,585888547
22593841,287,193,94,600163125
21347041,222,148,74,563587319
24335809,221,155,66,651612153
21869401,251,188,63,578886765
24588481,252,170,82,659105781
24087841,383,276,107,644264591
20615809,277,191,86,542236059
24838249,353,242,111,666522057
22350001,270,191,79,592994185
23092801,267,170,97,614861889
23583361,303,200,103,629340349
21090889,294,191,103,556100307
20112409,245,166,79,527582965
20363449,314,215,99,534886585
23344441,355,249,106,622285491
23858689,328,225,103,637482753
21869521,348,231,117,578890077
22850041,366,254,112,607706505
21347929,316,224,92,563613407
20876809,359,263,96,549847965
24336601,295,216,79,651635237
21604321,312,215,97,571117959
20616961,275,190,85,542270421
22109641,320,218,102,585933231
24088849,270,190,80,644295133
22350169,406,281,125,592998751
22594489,350,247,103,600182373
24838969,319,214,105,666543141
23859049,359,225,134,637492905
21091009,251,169,82,556103289
24588601,299,216,83,659110221
23344561,254,180,74,622289457
21869569,368,256,112,578891607
21348049,364,237,127,563616977
20113081,256,170,86,527601667
20363641,206,135,71,534892303
20617249,350,252,98,542278683
23093281,213,151,62,614876431
23583961,329,225,104,629359945
24336769,434,327,107,651639671
20877481,307,230,77,549867777
22351921,275,185,90,593050321
22850209,325,219,106,607712157
24088969,290,209,81,644298739
21604801,260,171,89,571131951
24839761,318,217,101,666567579
22109929,240,149,91,585941823
21091249,271,174,97,556110669
23859481,350,242,108,637505439
22594681,330,238,92,600188577
21869689,314,202,112,578894673
23345809,306,218,88,622325925
21348289,389,261,128,563623727
20617321,324,230,94,542280837
24588769,345,249,96,659115705
20114161,232,143,89,527633881
20364649,444,317,127,534920995
22352689,350,245,105,593073199
23093641,268,185,83,614886625
20877889,304,202,102,549879465
23584009,387,291,96,629360941
21092089,439,306,133,556134261
24089041,245,169,76,644300929
24840001,234,169,65,666575247
24336841,233,154,79,651642119
21870241,244,163,81,578910987
20617801,357,259,98,542294997
23859889,283,200,83,637517745
21605329,267,182,85,571147629
22850881,248,167,81,607731879
22110001,229,162,67,585943821
23346409,357,260,97,622343487
24588841,307,215,92,659117577
22594849,346,209,137,600193599
21348601,323,230,93,563634161
22352929,315,215,100,593079841
20878201,284,200,84,549888129
20365249,264,190,74,534938397
20114329,251,185,66,527638801
21093601,235,154,81,556179345
21871441,251,178,73,578946099
20617921,232,145,87,542298039
23861209,259,179,80,637558175
24089209,301,209,92,644305363
24840169,310,213,97,666580089
22110769,272,179,93,585967065
23094961,381,268,113,614925229
23585041,307,219,88,629391039
24337321,292,195,97,651656741
21607321,345,232,113,571205217
21348721,239,161,78,563636999
22851481,245,174,71,607749033
20878729,231,143,88,549904089
24589441,476,350,126,659134827
21093769,298,201,97,556183385
20366089,348,247,101,534963159
20618761,337,238,99,542322285
23347249,297,185,112,622367877
22596001,356,235,121,600228105
21871609,345,239,106,578950221
22353361,345,236,109,593092837
20115481,273,197,76,527672443
23861329,423,298,125,637561427
22111321,283,191,92,585983313
24089881,370,246,124,644325493
24840601,330,230,100,666593111
21349729,275,184,91,563666429
20879161,326,221,105,549916773
24340009,243,173,70,651737807
21094081,329,231,98,556192667
20366161,304,208,96,534965385
23095081,302,201,101,614928631
24589681,314,218,96,659142723
21607441,272,182,90,571208625
22355089,281,200,81,593142723
22851529,318,208,110,607750101
20618929,306,208,98,542327115
23585641,312,210,102,629409165
20116441,247,169,78,527700517
23861401,300,204,96,637564007
23347801,299,207,92,622384539
21872209,310,224,86,578968377
21349969,271,188,83,563673287
22596361,364,250,114,600238113
20879401,268,192,76,549923835
22112281,261,170,91,586011033
21094609,365,232,133,556207847
24340201,283,202,81,651742985
24589849,355,248,107,659147193
22356049,282,194,88,593171931
20619169,347,244,103,542333997
24841321,397,282,115,666614915
22851649,354,249,105,607754493
24090049,278,192,86,644329933
20366641,225,161,64,534979113
21607849,276,188,88,571220205
23095321,289,210,79,614935135
20880001,302,221,81,549941961
21350401,309,217,92,563685533
23586529,305,217,88,629435013
21872281,364,242,122,578970621
21095281,306,211,95,556227287
20116849,260,183,77,527712535
23861569,300,222,78,637568333
24340369,275,191,84,651748163
22112521,330,226,104,586017501
22356121,380,253,127,593173977
23348329,271,190,81,622399483
22597129,296,216,80,600261501
22851721,259,172,87,607756173
24590689,342,220,122,659172099
24842161,278,193,85,666639797
20880169,309,216,93,549946869
20619601,331,236,95,542346375
21350809,297,208,89,563697599
20366809,280,197,83,534983529
24090481,301,195,106,644343739
21608281,401,280,121,571233225
21095881,277,187,90,556245501
23861881,339,215,124,637577591
21872449,326,213,113,578975253
22356601,254,195,59,593188461
23095921,284,206,78,614952559
24340801,310,212,98,651761063
20117161,234,159,75,527721565
23588881,292,186,106,629503863
22852201,283,192,91,607770567
22113121,455,325,130,586036185
21351241,333,228,105,563709833
20880721,241,166,75,549963285
24591169,260,180,80,659187585
20367001,290,193,97,534989415
23349649,279,200,79,622438687
24843961,268,178,90,666691913
22597801,327,238,89,600280815
20620849,438,310,128,542382675
21096121,257,178,79,556251885
21608449,360,232,128,571238049
23862001,369,265,104,637581275
24341209,332,255,77,651772931
21872881,308,201,107,578988101
22357561,396,275,121,593215659
20880889,311,206,105,549968001
24090529,283,175,108,644344771
20118841,298,205,93,527769259
20367481,303,208,95,535002867
23589409,508,349,159,629519301
22852321,350,253,97,607773855
23096329,204,131,73,614964487
23349769,288,181,107,622441867
24591361,384,272,112,659192451
24844201,372,259,113,666699983
21351289,274,193,81,563711267
22113529,379,271,108,586047855
22597849,314,198,116,600282189
23862889,368,259,109,637606685
20621281,323,224,99,542395683
21097129,348,229,119,556281441
20881561,277,191,86,549987141
24342481,323,239,84,651811463
22358569,340,215,125,593245341
21608689,450,307,143,571244871
20368321,254,189,65,535027761
23590681,221,153,68,629558031
22852729,302,206,96,607786131
21873121,279,176,103,578995007
20119129,258,197,61,527777905
24091201,296,204,92,644364625
24844681,329,225,104,666713717
24591961,308,214,94,659210049
21352249,313,213,100,563740613
23096641,307,213,94,614974135
23350009,289,205,84,622448647
20881849,276,186,90,549995661
20368441,336,241,95,535031097
20621329,254,179,75,542396943
22113961,255,176,79,586060227
23863249,226,156,70,637618409
22358641,385,254,131,593247699
24342649,291,197,94,651815975
23590729,333,230,103,629559969
22597969,296,190,106,600285459
22853209,327,226,101,607801295
21097441,255,178,77,556290831
21609169,333,217,116,571260199
24844801,291,191,100,666717209
24592201,344,239,105,659217249
20119201,376,266,110,527780239
21873721,213,134,79,579012683
20881921,310,201,109,549997161
21352801,347,225,122,563756423
20622001,258,175,83,542416659
20368849,282,183,99,535043091
22360249,353,245,108,593295181
24093241,291,202,89,644425561
23096929,285,192,93,614982021
23592601,248,181,67,629613897
22854721,306,219,87,607843913
21098401,247,170,77,556318569
23350321,304,203,101,622458205
22114681,337,234,103,586082841
23863729,373,272,101,637631927
24845209,312,219,93,666730211
20884921,223,169,54,550086455
24343489,258,193,65,651841145
20622169,253,178,75,542422131
22598041,309,215,94,600287421
24592801,298,202,96,659235309
21352921,395,266,129,563759495
21609529,344,236,108,571269919
20369521,408,296,112,535062255
20119369,294,210,84,527784961
22360489,345,237,108,593302597
21873889,391,283,108,579017147
22854841,323,219,104,607846817
23592769,286,190,96,629619813
21098449,290,207,83,556320069
20885929,317,231,86,550114541
20622289,322,230,92,542425503
24094009,340,235,105,644448379
24845641,331,246,85,666743051
21355681,328,229,99,563840381
23097001,295,198,97,614984151
20370121,307,198,109,535079595
22114801,322,239,83,586085865
23350609,392,257,135,622466095
24593209,342,240,102,659246823
22360801,229,160,69,593311921
23863849,274,189,85,637635587
22598689,303,208,95,600307083
21610681,315,210,105,571303903
22855009,266,179,87,607852559
20119681,313,212,101,527794261
24344209,492,348,144,651861821
21099121,233,162,71,556339781
23593249,268,189,79,629633463
20622361,344,235,109,542427567
21874609,219,151,68,579038591
20886049,302,215,87,550118369
21355849,297,216,81,563845091
20370169,331,226,105,535080849
24845809,357,247,110,666748499
22361329,255,170,85,593327587
24594049,340,243,97,659272173
24094561,345,231,114,644464927
22855249,312,205,107,607860725
23098681,247,171,76,615034033
21099289,339,240,99,556344431
22114969,386,273,113,586090599
20622529,282,183,99,542432151
23593441,248,169,79,629638953
23351161,322,209,113,622482589
20886289,328,230,98,550124933
20119969,188,139,49,527802751
21611041,247,156,91,571314271
22598881,381,267,114,600312405
23864089,372,268,104,637642307
21356689,324,209,115,563868701
20370289,234,163,71,535084275
24344329,341,234,107,651865259
22361641,284,195,89,593336077
21876241,360,254,106,579086213
24845881,304,216,88,666750239
24595321,278,182,96,659309775
22856929,333,220,113,607909007
20622841,298,212,86,542441673
20886601,357,235,122,550133909
21099649,364,243,121,556354621
23594089,370,262,108,629658395
21357529,284,197,87,563894141
20370841,304,189,115,535100451
22115209,342,238,104,586097733
24094849,196,121,75,644473711
23099161,308,211,97,615048889
20120641,310,218,92,527822581
23351521,423,291,132,622493257
22362169,286,206,80,593351353
21611809,323,233,90,571337665
22599361,264,189,75,600327387
24846529,269,190,79,666768479
20623129,361,243,118,542449071
20886769,297,198,99,550138739
23864689,246,168,78,637660217
21100129,320,216,104,556368403
24595561,337,222,115,659317245
21876649,402,279,123,579097835
24344401,286,200,86,651867471
23594281,361,257,104,629664503
22857529,344,239,105,607927583
21358201,366,240,126,563912837
20371969,272,180,92,535134129
22362481,295,209,86,593361121
20886961,393,282,111,550144199
20624041,201,150,51,542475875
20122369,274,198,76,527872879
21100489,291,198,93,556379539
22115689,368,255,113,586111791
24847321,369,259,110,666792551
23099449,379,268,111,615057073
21612529,266,183,83,571357885
24095089,441,310,131,644480221
23352289,217,147,70,622516353
24344569,384,258,126,651872307
21359209,302,197,105,563943269
22599481,268,179,89,600329907
24596329,344,234,110,659339859
23594449,363,277,86,629669807
23865241,275,191,84,637675799
20373049,347,252,95,535165443
21877321,408,285,123,579117701
22858201,265,196,69,607946941
20887609,346,225,121,550163129
21100969,430,287,143,556393027
20624209,337,232,105,542481095
20123401,276,185,91,527903451
21359641,309,222,87,563955863
22362841,329,217,112,593370859
24095521,382,261,121,644492587
24847369,255,186,69,666794387
22116049,390,275,115,586121895
24345169,281,178,103,651890331
20373649,304,195,109,535182639
23594761,278,194,84,629677967
21613321,264,184,80,571381777
23100001,293,211,82,615073177
23865769,263,176,87,637693379
20888281,370,257,113,550183451
23352841,298,209,89,622532959
22599649,292,196,96,600335133
24596881,306,213,93,659355825
20624809,294,222,72,542499451
21101809,314,217,97,556417387
21877489,338,229,109,579122999
22858369,299,208,91,607951879
21360481,320,205,115,563980717
20374201,241,160,81,535199499
24095569,254,184,70,644493709
24847729,383,254,129,666804755
23594881,306,214,92,629681795
24346081,286,186,100,651916833
20123881,377,251,126,527916383
20888449,251,177,74,550188431
22363009,338,216,122,593376313
23866201,333,223,110,637705913
22116481,303,189,114,586135101
21614209,305,209,96,571407313
20624881,240,166,74,542501347
23100289,230,155,75,615081589
21102481,228,154,74,556437937
21360529,312,205,107,563982217
20374369,297,199,98,535203561
23352961,299,206,93,622536643
22858441,272,203,69,607953733
22600489,467,313,154,600358965
24096529,359,263,96,644522641
21878089,295,197,98,579141041
23595889,275,197,78,629712647
24597721,348,231,117,659381913
24848401,351,254,97,666823769
24346849,341,235,106,651938935
20888641,309,217,92,550192919
20124409,413,273,140,527931711
20625049,217,147,70,542505757
20374489,324,210,114,535206687
23867089,269,192,77,637731989
21103321,330,222,108,556463443
22364161,262,178,84,593410285
22116889,359,240,119,586146387
21614569,270,171,99,571417741
23353009,282,196,86,622538233
21360649,372,255,117,563986369
24097201,360,251,109,644541991
22600729,320,221,99,600366559
23100361,305,198,107,615083317
23596129,408,278,130,629719355
22858921,323,229,94,607968703
20889409,266,190,76,550217255
24849001,301,216,85,666843047
24347929,305,197,108,651971509
21878761,332,229,103,579159485
20375041,302,215,87,535222953
20125249,356,250,106,527955663
24598009,357,241,116,659389881
21103441,332,215,117,556466539
21361489,332,227,105,564010423
20625361,228,153,75,542515099
23353201,234,172,62,622543975
24097609,340,238,102,644554903
20890489,271,182,89,550248059
22601329,241,172,69,600384229
23596801,327,225,102,629738783
22364281,241,162,79,593413741
23867281,282,200,82,637738013
22117369,349,238,111,586161591
24849841,385,267,118,666867365
21614881,271,200,71,571426945
24348241,246,164,82,651980707
23101129,363,262,101,615105907
22859281,254,172,82,607978747
21104329,273,190,83,556491403
20375209,442,310,132,535227339
21361729,300,212,88,564017251
24599521,359,242,117,659434991
21878929,496,369,127,579164645
20625529,287,216,71,542519935
20891161,287,177,110,550267523
23353849,427,298,129,622562257
20126569,308,206,102,527994699
22601401,259,191,68,600386341
24850249,314,230,84,666879473
24348409,448,310,138,651985015
24097921,280,186,94,644564143
23867449,338,238,100,637742267
22364521,184,117,67,593420725
22118401,312,221,91,586191901
21615001,342,244,98,571430251
21105121,266,184,82,556515617
23597401,309,196,113,629755475
21362041,379,268,111,564026983
20625721,257,188,69,542525257
20891809,221,149,72,550287169
23354041,304,192,112,622568113
22859449,268,190,78,607983499
23102641,241,150,91,615151153
20375569,285,184,101,535237983
22601569,291,191,100,600391003
20126761,242,169,73,528001131
21879841,242,170,72,579191753
24599929,371,259,112,659446691
24348601,347,249,98,651991873
24851089,307,208,99,666904379
23868121,299,218,81,637763117
21362161,316,218,98,564029851
21105169,279,194,85,556517561
20626201,291,206,85,542539903
20892169,317,209,108,550297099
23597641,268,175,93,629763053
24098209,393,269,124,644572369
22364689,222,149,73,593425359
21615409,308,224,84,571442743
22119001,347,247,100,586208389
23354689,274,190,84,622586623
22602241,268,189,79,600410743
20375881,313,226,87,535247607
21362329,351,237,114,564034915
20127361,340,247,93,528018137
22859761,278,197,81,607993057
21105361,344,244,100,556522775
23102809,280,190,90,615155827
20893489,277,185,92,550335139
24350281,352,253,99,652042135
23869129,391,263,128,637792079
20627209,268,175,93,542569291
21880009,385,272,113,579196991
24600361,344,227,117,659460053
23597809,289,193,96,629768207
24851689,274,203,71,666922127
22602409,287,208,79,600415837
22365529,277,188,89,593450307
23354809,272,170,102,622590043
21362569,340,240,100,564041581
24098881,281,186,95,644592325
20376001,440,307,133,535251069
21616729,301,199,102,571481443
22119841,363,236,127,586232845
20893849,266,177,89,550345321
20627329,360,255,105,542572213
21106201,261,174,87,556546631
23869441,240,164,76,637801139
24350449,331,222,109,652047307
22860769,332,236,96,608021857
20128369,324,212,112,528046853
23103721,228,168,60,615182869
21880321,232,162,70,579206195
22366681,256,157,99,593484825
23598121,320,225,95,629777429
22602889,249,179,70,600430495
23355049,295,211,84,622597387
21362881,223,153,70,564051217
20627569,329,219,110,542580265
24600529,408,294,114,659464691
24099769,263,178,85,644618761
21106369,257,179,78,556552013
23869609,245,170,75,637805711
24852241,333,238,95,666938315
20376049,244,160,84,535252557
21616921,324,224,100,571486843
20894161,294,209,85,550354753
22120249,356,236,120,586245151
24350929,318,204,114,652060603
20129929,308,198,110,528092789
23105161,282,198,84,615225107
22367041,351,242,109,593494863
23598481,245,175,70,629787793
22861561,325,221,104,608045797
21363409,344,238,106,564065717
23355889,519,350,169,622622029
21106849,278,199,79,556565633
21880849,264,171,93,579221039
20628409,486,349,137,542604925
24100561,210,144,66,644642047
22603249,374,276,98,600440233
23870281,312,223,89,637825821
20376841,238,152,86,535275221
22367641,239,168,71,593511891
24601249,311,214,97,659485517
23106049,379,259,120,615250973
20894329,283,201,82,550359781
21617689,308,202,106,571509151
23598649,361,248,113,629792257
22120729,317,227,90,586259497
24352609,298,218,80,652110277
21364009,341,244,97,564083429
24853249,315,207,108,666968141
20130289,336,241,95,528103517
21107209,423,301,122,556576307
20630089,322,235,87,542652723
23357161,333,225,108,622660517
22862401,306,211,95,608070625
20377561,235,170,65,535296905
24100729,297,199,98,644646487
21882841,360,241,119,579279811
22367809,289,187,102,593517093
23106409,302,197,105,615261487
22603561,333,238,95,600450289
21618241,287,195,92,571527037
21365089,365,244,121,564115041
23599129,292,204,88,629806747
21107641,243,170,73,556588787
20630569,321,246,75,542666655
23870449,284,206,78,637830795
24353449,406,284,122,652135333
20895289,330,216,114,550387213
24601441,400,268,132,659491259
22121089,215,124,91,586269109
20130769,409,270,139,528116855
20377681,265,186,79,535300301
24853369,309,216,93,666972191
21620881,382,266,116,571602193
22368721,268,187,81,593544879
22604089,306,188,118,600464875
23106841,335,239,96,615273949
21365521,261,185,76,564127641
22862449,253,171,82,608072215
23357401,293,188,105,622666883
21108361,326,211,115,556610165
21883129,366,253,113,579287833
24101449,214,135,79,644667883
23599321,371,267,104,629811967
24354241,271,192,79,652158769
20377729,156,100,56,535301763
20895529,321,225,96,550395613
20630761,337,233,104,542672613
24601609,283,203,80,659497681
20130961,293,213,80,528122201
23871649,290,196,94,637866561
21365569,279,197,82,564129057
22121521,362,248,114,586282669
22369489,341,233,108,593566485
22605241,309,221,88,600500229
21621121,340,233,107,571609543
23107729,334,230,104,615300229
20378569,337,227,110,535325649
20895841,275,189,86,550404973
21108649,247,171,76,556618031
24853921,296,195,101,666988373
24354481,411,304,107,652165495
22862809,304,211,93,608082979
21884041,325,223,102,579314537
23599489,303,196,107,629816947
23358241,304,220,84,622692275
24602089,363,253,110,659510659
24101641,430,299,131,644673151
20631409,378,270,108,542690511
21621289,337,216,121,571614781
21367201,362,250,112,564177351
22370401,222,160,62,593593365
22605361,183,115,68,600503301
23107921,284,192,92,615306301
20131129,307,210,97,528126953
20379241,304,205,99,535345383
20896801,272,191,81,550431727
22121689,359,255,104,586287697
23872081,288,194,94,637878483
21108889,334,229,105,556624889
24355081,278,181,97,652183387
22863241,325,217,108,608095711
21368209,242,159,83,564206769
23599801,365,244,121,629826451
21621961,323,222,101,571635237
21884209,281,201,80,579320021
24854041,281,180,101,666991535
22605769,359,256,103,600515337
23359729,293,200,93,622736315
20379361,330,220,110,535348413
23110201,314,215,99,615374005
24602209,226,165,61,659513869
20631601,239,173,66,542696589
20898481,314,214,100,550481041
22371169,445,318,127,593615877
20131561,237,161,76,528139529
24102961,255,175,80,644714317
21109201,306,218,88,556635203
23872129,316,219,97,637880229
24355129,428,296,132,652184701
22121761,237,164,73,586289725
22863649,300,198,102,608106757
21368761,327,218,109,564223047
21622801,227,160,67,571659117
20381761,192,130,62,535420497
22606081,215,150,65,600524529
20898529,278,186,92,550482241
24602449,273,175,98,659521591
23600089,390,284,106,629835259
21884521,288,196,92,579328835
21109321,230,157,73,556638359
20632921,218,156,62,542735889
23110249,355,259,96,615375325
23872489,285,189,96,637891275
23359849,403,270,133,622740179
24855049,359,264,95,667021835
20131609,306,206,100,528140495
22371889,301,206,95,593637249
24355489,381,267,114,652195513
21370561,285,206,79,564275949
22863961,234,170,64,608116369
21623809,254,184,70,571688235
24103081,338,239,99,644718067
22606609,214,148,66,600540087
20898649,270,191,79,550486555
22122241,301,213,88,586304869
20382121,307,226,81,535429839
24603121,341,220,121,659540335
21109369,418,309,109,556639211
23873761,296,209,87,637927901
23110369,333,229,104,615379273
21370729,266,179,87,564280731
21884641,269,178,91,579332819
20633089,259,173,86,542739945
22864129,349,236,113,608120947
24355921,389,271,118,652208191
23601001,375,259,116,629861955
20131801,370,240,130,528147239
22607041,286,189,97,600551913
21624409,236,161,75,571706145
20899201,384,252,132,550502653
23360569,338,240,98,622761485
22372249,396,272,124,593647335
24855289,505,331,174,667029407
24604609,387,256,131,659585191
21110041,399,270,129,556658369
24103129,298,196,102,644719285
20382721,366,249,117,535447017
23873809,282,195,87,637929161
22122409,334,231,103,586309471
23111929,240,165,75,615424513
21371281,292,219,73,564296301
22864489,339,241,98,608131867
22607209,318,225,93,600556929
24356161,269,194,75,652215361
20633881,355,243,112,542762595
21884689,299,212,87,579333827
20132401,280,169,111,528164435
21625489,386,266,120,571737969
22372681,299,224,75,593661117
23601169,255,171,84,629866791
21111049,303,219,84,556687355
20382889,347,257,90,535452795
20899321,278,200,78,550505587
21371401,315,222,93,564300207
24604969,235,150,85,659596201
23360929,303,223,80,622772285
23112121,376,266,110,615430063
22864969,403,283,120,608145673
24856441,389,271,118,667062389
22608721,288,189,99,600603051
23873929,389,270,119,637933607
22122601,312,224,88,586314781
24356641,225,155,70,652229377
24103249,232,167,65,644723665
20634769,256,167,89,542788781
20382961,294,199,95,535454679
21111169,311,199,112,556692221
21626641,249,176,73,571771995
21371569,400,273,127,564304833
20132569,370,275,95,528169277
21884809,273,186,87,579337631
23112289,394,266,128,615436627
24606289,326,227,99,659635627
22372729,266,182,84,593662863
20900401,363,271,92,550536763
22608769,295,199,96,600604281
23601649,306,202,104,629881023
24356929,255,172,83,652237921
20635441,389,264,125,542809073
24103489,302,208,94,644729587
23361409,260,184,76,622786121
20383801,310,217,93,535479399
22865761,220,160,60,608169907
23874601,268,178,90,637953201
21111241,355,246,109,556694015
21627169,230,167,63,571788411
22123609,303,215,88,586345261
24856609,278,192,86,667068275
23113561,271,194,77,615473697
20133649,325,236,89,528201377
22609129,334,228,106,600613575
24607969,216,151,65,659685895
21371809,394,268,126,564311493
21885361,296,217,79,579353723
20384809,232,150,82,535507767
20635561,289,198,91,542812667
24357001,307,215,92,652240393
22373401,288,217,71,593681887
20901241,255,176,79,550562005
24103921,293,203,90,644741821
23874649,336,227,109,637955061
21112009,289,206,83,556716569
23601769,388,274,114,629884893
21627481,284,182,102,571796391
23361601,311,211,100,622792121
22866001,277,177,100,608177227
23114401,355,242,113,615497811
22609729,358,241,117,600631491
22123921,316,204,112,586353691
20385121,233,154,79,535517259
20635969,326,210,116,542823515
20133961,286,196,90,528209693
24608329,216,148,68,659696155
24856729,401,295,106,667071761
24357169,358,255,103,652245073
21372289,235,160,75,564325401
24103969,409,279,130,644743867
23875009,412,277,135,637964673
21885649,321,224,97,579361691
21112081,253,172,81,556718333
23602441,313,216,97,629904075
22373521,281,188,93,593685313
20901889,347,227,120,550580899
23114569,196,134,62,615503103
21627601,340,229,111,571800261
20636401,294,201,93,542835593
20385481,266,186,80,535527657
22609969,440,305,135,600639279
22866601,296,217,79,608194399
23362249,263,172,91,622811675
22124209,343,232,111,586361455
21112561,351,252,99,556732991
24608929,257,173,84,659714629
23875441,422,290,132,637978359
24104809,242,164,78,644768215
20134489,286,201,85,528225467
23602489,215,150,65,629905935
24358489,295,205,90,652283953
21372649,316,217,99,564336015
22373929,268,181,87,593696797
24856969,306,215,91,667078313
20636449,322,216,106,542836817
21627769,272,190,82,571805289
21886321,380,273,107,579381999
20902081,344,239,105,550586137
20385649,373,252,121,535532157
22610569,330,225,105,600656583
23115241,385,253,132,615522423
21113089,335,228,107,556748363
23875681,332,230,102,637985445
24105649,325,230,95,644792677
23602609,261,172,89,629909601
24359329,279,199,80,652311097
22867441,284,191,93,608219089
20636569,381,266,115,542840321
20134801,266,168,98,528235025
22124281,261,181,80,586363237
23362921,325,236,89,622831259
20386081,236,154,82,535544709
21628681,356,250,106,571831947
24609841,313,221,92,659741221
21373129,404,287,117,564350665
22610641,307,220,87,600658737
20902729,336,229,107,550604929
22374361,309,204,105,593709271
21886729,356,263,93,579393663
24857809,317,215,102,667104431
21113689,340,214,126,556765235
23875849,489,334,155,637990095
24106609,358,236,122,644821039
20637121,252,189,63,542857229
20386969,323,219,104,535570617
23115409,308,204,104,615526989
24360001,333,233,100,652330087
23605009,378,249,129,629981889
21629161,345,238,107,571845369
22124449,397,281,116,586368841
20903089,282,180,102,550616161
20134921,268,181,87,528238187
22867489,376,271,105,608220847
22611409,383,256,127,600682287
23363209,325,229,96,622839263
21373249,311,201,110,564353977
21114241,286,190,96,556781411
23876161,307,197,110,638000457
24610489,407,281,126,659759821
20387089,370,260,110,535573857
22376041,307,200,107,593758603
20637481,296,204,92,542867225
23116801,362,244,118,615568221
21887401,380,266,114,579412743
21629281,320,217,103,571848423
24360169,307,206,101,652335133
20903689,234,167,67,550633633
22124881,250,176,74,586382627
24858241,289,195,94,667117259
22868161,416,284,132,608239611
24106681,247,164,83,644823817
20135641,315,216,99,528258719
23605801,272,191,81,630005463
20387761,273,199,74,535594119
20638081,278,179,99,542884571
21114361,250,161,89,556785059
21629329,354,253,101,571850163
22611481,287,204,83,600684063
23117329,262,188,74,615584323
21373489,284,194,90,564361063
23363281,344,224,120,622841549
20905609,282,193,89,550688969
24360529,340,243,97,652344987
23876689,321,211,110,638014515
22125601,224,153,71,586402283
22868449,294,203,91,608248125
22376209,365,251,114,593763817
21888721,384,261,123,579452217
24611281,341,226,115,659783119
20388481,254,173,81,535614699
20638249,366,251,115,542889923
21115249,172,107,65,556811261
20135761,310,225,85,528261875
21629689,234,159,75,571860915
20905921,222,149,73,550698209
24107329,314,213,101,644841787
24859129,252,173,79,667143305
23117761,235,178,57,615597259
21373801,295,210,85,564369913
23606641,339,251,88,630029583
22126441,261,182,79,586427399
24360961,334,225,109,652357677
22612129,210,146,64,600702531
23363449,383,256,127,622846799
24611329,349,244,105,659784337
20640001,381,249,132,542941031
23877001,271,173,98,638024577
22869361,224,151,73,608275659
21116209,227,164,63,556838999
22376929,285,191,94,593785699
20906449,300,212,88,550713815
21890689,371,253,118,579510069
20390329,296,211,85,535668201
21630289,308,201,107,571879023
23117929,362,237,125,615601951
21374761,333,224,109,564397603
24107449,314,218,96,644844955
22126969,310,225,85,586443059
20136481,270,178,92,528282639
20641609,245,165,80,542987795
24859249,400,280,120,667146605
23606689,342,245,97,630030615
22612321,244,174,70,600708015
21116281,279,204,75,556841015
24611689,340,236,104,659795353
20906929,345,240,105,550727627
24362521,351,238,113,652404417
21630841,233,159,74,571894605
22870201,296,203,93,608300007
21891361,428,299,129,579529137
23363881,352,234,118,622859765
22377721,314,212,102,593809093
22127401,357,242,115,586455305
20391121,272,177,95,535691599
21374929,310,221,89,564402613
23118001,217,158,59,615604135
23877361,287,207,80,638035443
20136601,294,189,105,528286245
24107689,344,234,110,644852815
20908609,372,272,100,550777001
21116761,238,157,81,556855391
21631849,275,202,73,571925091
23607049,372,257,115,630041841
20642161,278,188,90,543004355
24612361,353,251,102,659815355
24362809,308,218,90,652412235
22612801,242,174,68,600722973
22127569,364,250,114,586460417
23366401,307,203,104,622933761
24859969,287,187,100,667168229
21375481,326,219,107,564418075
21892201,274,180,94,579554091
20391169,334,236,98,535692775
20909281,283,195,88,550796767
22870849,199,144,55,608318937
21117049,396,272,124,556863101
22377769,423,294,129,593810329
21632641,292,191,101,571947415
23119849,259,164,95,615659695
20136841,313,212,101,528293001
24108001,325,243,82,644861809
23877961,349,236,113,638053167
23609041,200,128,72,630101251
24613129,318,199,119,659837969
22612921,347,252,95,600726135
22127641,287,206,81,586462973
20642449,238,156,82,543012563
23368921,249,173,76,623007475
21376009,272,187,85,564435313
20910121,229,169,60,550821199
24364201,170,119,51,652454941
21118129,339,224,115,556895159
21633529,339,229,110,571973143
20391289,385,277,108,535696147
23609329,287,213,74,630109507
21892249,352,238,114,579555201
24860089,351,243,108,667172213
24108289,349,253,96,644870835
22377961,388,270,118,593816455
22872049,394,270,124,608354433
20137441,270,198,72,528311223
22613161,299,206,93,600733275
22128121,302,212,90,586477991
24613681,276,186,90,659854733
23120329,325,245,80,615672727
21376321,306,200,106,564444139
23878681,309,189,120,638074059
20910481,308,212,96,550831195
23369329,292,198,94,623019913
21118441,310,208,102,556904477
20642521,234,163,71,543014711
21633649,348,255,93,571976449
24364489,376,264,112,652462927
23610049,401,277,124,630129865
20391361,329,238,91,535698949
22614481,266,190,76,600771261
22128241,279,181,98,586480991
22378441,303,224,79,593830449
21377329,255,181,74,564473197
21892441,385,282,103,579561897
20910961,267,182,85,550845805
20137681,249,163,86,528318699
24108361,306,206,100,644872521
21118729,293,219,74,556913219
24860161,352,243,109,667174289
21633889,410,276,134,571983037
22873561,359,247,112,608399721
23879041,323,212,111,638084199
23369809,346,232,114,623033023
24614809,301,196,105,659887571
23121361,276,177,99,615703033
20642689,330,238,92,543020141
24365041,280,200,80,652478731
23610241,263,185,78,630135373
22614601,304,213,91,600774789
21378289,306,211,95,564500689
20911129,328,232,96,550851427
22128289,374,231,143,586482293
20391841,264,197,67,535713475
21634729,309,203,106,572008177
21118969,204,145,59,556920539
23371441,277,195,82,623081833
22378801,208,141,67,593841141
20137849,347,236,111,528322857
21893089,213,144,69,579580485
23879809,334,246,88,638107419
24365329,374,257,117,652488805
24109849,312,211,101,644916773
20911321,379,250,129,550856551
22874161,344,242,102,608416305
21378361,302,190,112,564502471
24861841,238,155,83,667223591
22615849,253,165,88,600812487
20643529,235,155,80,543045191
23610889,276,187,89,630154795
23122369,287,185,102,615733015
24615529,264,174,90,659908733
22128409,305,186,119,586485317
21119641,325,234,91,556939679
21635329,272,174,98,572025333
20392201,302,204,98,535723573
23371849,292,195,97,623093731
24366169,312,203,109,652513405
23879881,224,160,64,638109573
20138329,271,170,101,528337077
20911801,229,164,65,550870657
24110209,397,270,127,644927027
22379449,306,212,94,593859219
21893281,290,192,98,579586917
22616281,230,160,70,600825039
23611009,305,214,91,630158503
21378529,295,197,98,564508261
21121081,332,233,99,556981109
21635881,258,173,85,572042517
22128649,247,157,90,586492529
20644369,308,208,100,543068579
22874209,394,278,116,608417361
23372281,238,161,77,623107813
23123521,278,189,89,615767425
24862009,403,280,123,667228289
20912641,227,144,83,550894651
24617041,332,227,105,659954789
24366241,305,196,109,652515217
20393041,292,209,83,535746781
24110521,389,271,118,644937167
22616449,386,263,123,600829713
23880889,383,266,117,638139197
20138449,305,218,87,528340683
21636049,319,223,96,572046939
21121129,260,167,93,556983227
22130089,314,223,91,586534455
22380289,333,211,122,593884857
20646049,387,274,113,543117473
21893761,287,211,76,579600909
23611561,313,217,96,630174913
21379129,368,255,113,564525901
22874569,305,211,94,608428953
20912809,267,201,66,550898887
23372449,265,178,87,623112109
24367561,235,154,81,652554493
20393209,243,170,73,535752163
23124529,314,223,91,615796321
23881369,316,214,102,638152865
21636409,302,220,82,572057607
22616689,309,208,101,600837171
24862681,346,236,110,667248137
22131001,375,264,111,586561383
24617569,284,186,98,659970253
20646361,399,266,133,543126293
20139121,289,191,98,528359761
20913481,235,154,81,550919059
24110689,354,252,102,644942693
22875001,412,296,116,608441355
21121249,379,264,115,556986539
23373001,274,189,85,623128129
23612521,259,168,91,630203183
21379201,334,219,115,564528571
21894889,294,200,94,579633693
22380409,277,205,72,593888181
20393521,227,154,73,535761583
23882041,289,189,100,638173391
22131649,262,192,70,586580763
22617169,238,166,72,600852069
24367921,280,199,81,652564525
20914321,336,246,90,550943551
22875169,320,219,101,608446299
21637009,233,161,72,572075367
20646529,298,217,81,543131345
23126161,299,206,93,615844645
24618241,318,229,89,659990303
20139529,363,243,120,528371179
21379681,299,202,97,564542101
23613361,493,340,153,630227681
20393689,283,203,80,535766581
24863281,313,209,104,667266095
21122161,307,227,80,557012693
24111481,231,149,82,644965541
23373121,264,173,91,623131069
23883721,292,203,89,638223155
20914609,189,119,70,550951849
21895969,410,285,125,579664557
22132681,389,260,129,586612047
22381081,409,288,121,593908041
22618681,406,273,133,600896169
22876081,401,268,133,608472077
20647201,289,187,102,543151485
21380521,391,277,114,564565633
21637849,290,210,80,572100265
23613769,373,246,127,630240041
24368689,319,215,104,652587163
20140201,282,185,97,528390343
24619849,287,203,84,660037889
20914681,393,268,125,550953535
23126329,322,215,107,615849151
20394481,345,232,113,535789001
23883889,401,275,126,638227277
22133329,227,146,81,586630005
21122641,256,187,69,557027129
22877401,319,213,106,608511863
22619209,479,334,145,600911205
24863689,268,181,87,667277855
20647321,352,235,117,543154629
21380809,361,248,113,564574903
24111721,264,184,80,644972129
23373289,294,201,93,623135833
21896401,306,219,87,579677127
21637921,375,259,116,572101885
22381321,313,222,91,593914659
20915281,343,243,100,550970977
23615209,372,257,115,630282545
23884009,377,264,113,638230847
20394529,288,185,103,535790735
22134001,271,190,81,586650507
20140849,226,150,76,528409939
24620569,367,256,111,660058631
20647489,325,230,95,543159741
21380881,243,174,69,564576775
22619881,334,226,108,600930865
24368761,301,213,88,652589713
23127001,320,219,101,615870193
21638401,280,188,92,572116777
21122929,258,169,89,557034893
22877521,313,224,89,608515685
20915689,363,256,107,550982479
20396401,291,198,93,535845863
21896449,313,223,90,579678573
24864001,365,236,129,667286843
23615881,287,200,87,630302597
23373841,435,292,143,623152453
24112201,180,126,54,644986859
23884561,324,237,87,638247935
22134529,245,158,87,586665837
22383769,315,222,93,593985609
21381361,215,130,85,564591799
20648209,359,237,122,543179953
22620361,276,183,93,600944485
20141809,330,226,104,528437017
21638689,308,230,78,572124619
20916121,300,208,92,550995817
24621529,282,198,84,660087481
21123841,335,242,93,557061625
20397409,466,324,142,535874999
24369361,292,210,82,652606861
23127721,287,200,87,615891067
23884921,315,202,113,638257379
23616289,300,203,97,630314573
21382369,328,210,118,564620269
22877761,259,178,81,608522381
20648401,318,224,94,543186283
22135849,393,262,131,586703373
21897289,350,246,104,579703125
24112489,292,213,79,644995211
22383841,402,256,146,593987577
22620649,306,222,84,600953059
20917129,287,197,90,551025703
23374129,235,160,75,623161231
21639361,376,250,126,572143771
24864121,416,271,145,667290203
20142049,279,194,85,528445273
21124321,249,170,79,557075653
20398009,286,189,97,535892189
23885401,321,213,108,638273459
23128009,250,171,79,615898579
21382561,294,213,81,564626797
20649721,263,192,71,543225061
22877929,311,221,90,608527211
24621769,347,257,90,660094177
20917849,350,250,100,551046439
23616721,397,270,127,630326795
24369409,285,203,82,652608409
21639769,398,280,118,572155699
20142481,321,239,82,528458507
22136209,367,247,120,586714215
20398561,293,213,80,535908395
21124681,345,237,108,557086057
21898249,406,297,109,579731667
22385281,263,175,88,594031947
22622209,283,184,99,600998125
24113041,274,186,88,645012035
23885689,247,178,69,638281217
23375641,247,174,73,623205007
23128081,344,234,110,615900655
22878529,302,198,104,608544623
20649841,292,197,95,543228415
21383209,270,186,84,564646021
24864289,391,270,121,667294961
20917969,298,217,81,551049925
21640081,302,213,89,572164909
20398921,257,179,78,535919135
21125161,298,194,104,557101325
20142721,230,146,84,528464255
24622201,252,168,84,660107059
24369529,375,263,112,652611463
23617609,265,180,85,630353237
23887441,405,273,132,638332577
23128561,214,146,68,615915013
22136641,341,247,94,586726773
23376049,367,255,112,623217127
20650009,322,208,114,543233611
22878601,276,188,88,608546543
21898801,258,176,82,579748071
21383881,364,257,107,564664687
22385521,221,165,56,594039021
22622329,266,181,85,601001515
21640249,386,276,110,572169829
20399569,286,211,75,535937561
24113161,260,174,86,645015185
20919049,359,248,111,551080993
21125329,334,226,108,557105891
24864361,287,183,104,667297181
20650081,216,151,65,543236053
23128849,241,169,72,615924037
20143489,352,254,98,528486941
23376361,330,226,104,623227021
24369769,355,247,108,652618867
22878769,213,138,75,608552489
23888041,216,152,64,638350765
21384241,337,230,107,564675193
20401609,356,239,117,535997015
21640441,283,176,107,572175265
24622441,399,265,134,660114601
22137361,275,200,75,586747605
23617801,365,249,116,630358631
21899161,341,241,100,579758305
21125521,307,209,98,557112767
22386361,323,211,112,594063153
22622401,315,209,106,601003813
20919649,388,254,134,551098723
20651569,222,156,66,543278695
24113329,286,192,94,645020609
23129521,285,194,91,615942529
21384841,301,198,103,564692551
23376889,360,232,128,623241835
22879609,289,208,81,608577185
20402209,250,168,82,536014155
24370201,359,244,115,652631563
23888089,261,177,84,638352427
20143729,284,199,85,528493751
24864841,288,197,91,667313775
21641281,254,176,78,572200253
21126169,337,241,96,557130113
20651929,321,218,103,543288655
22137529,365,257,108,586752315
21899641,253,183,70,579773035
21385681,348,234,114,564717865
20402761,266,182,84,536030319
23618281,442,312,130,630373259
23129569,290,194,96,615943777
22879921,259,181,78,608585771
24622921,328,238,90,660129241
23377369,342,238,104,623255329
22388689,318,230,88,594131619
20919721,324,236,88,551101099
24370609,358,253,105,652644529
22622569,351,248,103,601008367
23888929,227,160,67,638376775
24114241,378,254,124,645047495
20144209,334,238,96,528507935
20653081,267,183,84,543323215
21126289,354,262,92,557133713
21642289,374,257,117,572229803
21386689,241,157,84,564746753
20403121,420,296,124,536040393
23130409,258,177,81,615970849
24865201,236,146,90,667323867
22880281,341,233,108,608596547
23377489,304,220,84,623260759
23618641,475,335,140,630382853
22389361,277,202,75,594151479
22137649,436,301,135,586756701
21899929,291,194,97,579780997
23889049,424,292,132,638379787
24370921,255,153,102,652654285
20920201,270,174,96,551115629
24116401,314,201,113,645111703
24623281,393,271,122,660139873
22623001,287,212,75,601021885
21126361,294,217,77,557135615
20404441,360,231,129,536079493
21387361,296,200,96,564766579
20145241,260,173,87,528537041
20653921,259,189,70,543347425
22880761,269,195,74,608610221
23378041,305,215,90,623276671
23130769,362,232,130,615980221
21642601,371,244,127,572239457
23618809,406,278,128,630388415
24371089,315,211,104,652658467
23889121,260,178,82,638383087
24865801,226,165,61,667342061
21126961,375,249,126,557152829
24116689,251,169,82,645119281
22623049,399,282,117,601022989
21900649,229,160,69,579801651
22389529,379,260,119,594156711
22137889,302,206,96,586763599
20404729,234,165,69,536087905
21387409,249,176,73,564767815
20920321,360,242,118,551118107
20655049,349,229,120,543379795
20145721,344,235,109,528551771
23378161,281,191,90,623280373
22881049,337,238,99,608618543
24623761,438,298,140,660153877
23619121,274,182,92,630398681
21642769,287,199,88,572244323
23889601,274,185,89,638396941
21127009,343,239,104,557154155
22623241,184,129,55,601028599
24117601,272,186,86,645146263
23131081,367,257,110,615989875
21387601,252,176,76,564773197
20656561,306,220,86,543424117
24371209,267,194,73,652662457
21901489,249,162,87,579826215
22139569,281,189,92,586812457
20404801,227,151,76,536089795
22389721,307,206,101,594162105
23379241,303,216,87,623311757
24865969,400,268,132,667346093
20920369,271,188,83,551120267
22881601,288,201,87,608636081
23620081,240,151,89,630426443
21643129,252,167,85,572254823
20145889,297,197,100,528556355
21127201,277,187,90,557160383
21388201,429,299,130,564790483
23890561,264,182,82,638424805
22623721,335,233,102,601043155
24623881,331,207,124,660157753
24118441,359,238,121,645170743
23131249,359,245,114,615994441
20657281,326,225,101,543445039
23379721,338,229,109,623326169
22881721,305,222,83,608639351
24371449,384,281,103,652668865
20405569,282,216,66,536111941
21127969,292,203,89,557182913
21643729,423,287,136,572271497
21901849,337,230,107,579836409
20921041,310,212,98,551139569
21388249,256,183,73,564792019
22139881,233,161,72,586821595
23620321,346,243,103,630433571
22389889,324,226,98,594166827
22624561,263,185,78,601068601
20146681,297,195,102,528580487
23893321,285,196,89,638506629
24866521,262,169,93,667363259
24118609,314,223,91,645175489
20657401,434,300,134,543448249
22881769,289,184,105,608640839
23380081,276,190,86,623336623
21128641,302,202,100,557202989
24624601,263,167,96,660179593
21644641,438,319,119,572298155
23131369,274,184,90,615999163
21388441,441,311,130,564797365
22624681,320,226,94,601072123
20921161,357,249,108,551142641
20405641,299,220,79,536113423
23893489,280,196,84,638511585
24372289,348,246,102,652694377
20147089,263,185,78,528591455
21902521,308,209,99,579857097
22140049,355,245,110,586826569
20657449,274,186,88,543450019
24119281,234,153,81,645195061
22390369,255,166,89,594180765
23620489,330,225,105,630438551
22881961,456,346,110,608646725
21644809,352,246,106,572302859
24868201,322,247,75,667412327
23131609,311,226,85,616005493
21390289,362,257,105,564852487
20921401,299,218,81,551149901
21129049,347,233,114,557215067
22625089,303,213,90,601083637
23380561,229,165,64,623350777
20147689,301,218,83,528609695
23893801,385,273,112,638520537
24625441,228,156,72,660203995
20406289,335,244,91,536132917
24119761,285,199,86,645210343
22390561,329,218,111,594187089
20657569,229,155,74,543453019
21646081,314,226,88,572340377
21902689,306,206,100,579861651
22140241,280,186,94,586831561
22882129,302,206,96,608651801
24372961,429,308,121,652714039
21390601,283,211,72,564861895
23132041,243,157,86,616018801
20922169,281,176,105,551172003
23621089,420,301,119,630456665
22625569,376,272,104,601097803
21129481,380,266,114,557227649
20407129,483,349,134,536156887
23893921,321,217,104,638524641
24868369,329,225,104,667416563
24120601,307,226,81,645235393
23380921,334,226,108,623361361
20147761,381,259,122,528611321
21646129,342,242,100,572342219
22392049,245,172,73,594230351
24625561,310,200,110,660206971
20922721,319,235,84,551188017
23132209,287,201,86,616024195
20658241,323,228,95,543472777
23621329,280,195,85,630463205
22626361,312,223,89,601121323
22882609,328,235,93,608665709
21391129,286,206,80,564877039
21903121,282,199,83,579873915
22141081,265,178,87,586857241
24374281,246,165,81,652752843
21646249,234,155,79,572345891
21130321,232,152,80,557252267
20148241,379,253,126,528625349
23381401,326,223,103,623375803
24121129,426,293,133,645251101
20407921,260,189,71,536181391
20923561,244,168,76,551214057
23132281,245,173,72,616026367
23894329,367,244,123,638536653
24869569,363,257,106,667452911
22627369,328,226,102,601150621
22882729,238,148,90,608669489
23621761,277,203,74,630476795
22392169,305,206,99,594233969
20658289,298,199,99,543474385
21391801,382,255,127,564896041
24625969,241,150,91,660219367
21646921,315,216,99,572365589
21903169,349,232,117,579875103
23381689,295,187,108,623383825
20148409,353,245,108,528630053
24121561,335,227,108,645263599
22141921,257,174,83,586882117
20924401,229,155,74,551238627
21131041,280,200,80,557272985
20409001,527,378,149,536212237
24374809,308,220,88,652768701
23132449,385,277,108,616030987
22883281,285,196,89,608686421
23621809,309,229,80,630477869
22627921,298,218,80,601166635
20658481,326,217,109,543479947
20150761,224,159,65,528698733
22392841,281,194,87,594252761
23895481,258,177,81,638570685
21647809,304,211,93,572391389
21392281,233,150,83,564911155
23381929,386,247,139,623391709
24870721,319,233,86,667487261
20924521,297,208,89,551241801
24121969,227,169,58,645275845
24626809,363,246,117,660244339
21903289,294,204,90,579878217
23134729,271,195,76,616097669
22883401,326,226,100,608689667
21131161,283,194,89,557276375
22142089,467,331,136,586886941
23621929,351,257,94,630481145
20659321,288,202,86,543506005
20409481,208,135,73,536226709
24375121,316,224,92,652777671
20150881,213,132,81,528701877
21648001,348,227,121,572396687
20925361,324,231,93,551265999
22628929,285,190,95,601196437
23383609,382,279,103,623440957
22392889,302,199,103,594254111
21392641,303,227,76,564920833
22883449,295,193,102,608691311
23134801,342,237,105,616099337
23896489,305,215,90,638600739
20660161,324,234,90,543529139
23622649,409,272,137,630502157
24871849,330,236,94,667521461
24122641,265,174,91,645295939
20151601,270,190,80,528723093
24375289,252,163,89,652782639
21904369,394,268,126,579909979
21131881,319,206,113,557297621
22142521,327,209,118,586900057
21648481,335,231,104,572411127
24627241,268,179,89,660257443
20409601,279,192,87,536229799
23384089,302,205,97,623454961
20926369,325,237,88,551294601
22393081,325,234,91,594259649
22884289,341,238,103,608715443
20660329,329,242,87,543534275
23135449,281,194,87,616118453
22629121,287,185,102,601201975
20151961,257,178,79,528733419
23623681,308,203,105,630533267
21393481,227,156,71,564945697
23897689,456,297,159,638636445
24376921,339,215,124,652830885
21648841,421,277,144,572421129
21132721,243,164,79,557322575
24627289,266,202,64,660258295
20926921,276,191,85,551310927
21905209,347,231,116,579935941
24125089,313,185,128,645367817
23384281,413,275,138,623460349
20409769,327,237,90,536234683
24871921,335,204,131,667523597
22143361,298,221,77,586924213
20662009,280,187,93,543583277
23136121,257,177,80,616138167
22884409,309,204,105,608718905
23624281,300,206,94,630551477
22393849,338,241,97,594283751
20152441,359,242,117,528747255
23898169,281,187,94,638650611
22629289,271,190,81,601207129
20927041,314,222,92,551314317
21393961,342,236,106,564959203
24377641,298,207,91,652852791
23384761,291,215,76,623474761
24125929,320,221,99,645392813
24627961,357,246,111,660279241
20664289,330,217,113,543649781
21649609,335,222,113,572444421
23136409,370,268,102,616147125
21132841,347,236,111,557325437
20410609,256,173,83,536259097
21905641,270,181,89,579948757
22887841,321,218,103,608819667
23624521,522,392,130,630558173
22143769,326,243,83,586936321
24874441,285,208,77,667597613
23898289,343,230,113,638654145
20152609,282,189,93,528751701
20928289,404,281,123,551350713
23385289,265,198,67,623491413
20664361,295,218,77,543651707
22394401,251,169,82,594300383
24628081,337,236,101,660282097
24126001,256,175,81,645394877
22630129,327,231,96,601231747
24377809,260,181,79,652857657
23136481,245,166,79,616149069
21394081,337,241,96,564962449
22888441,304,217,87,608837145
20410849,342,230,112,536265901
21650281,238,159,79,572463201
21906481,259,175,84,579973171
21133009,325,227,98,557329949
20152969,265,197,68,528762459
23625001,311,213,98,630572105
23898361,375,257,118,638656017
20664529,319,225,94,543656477
22144249,321,210,111,586950643
24628129,278,191,87,660283771
24126481,282,197,85,645409361
23136649,312,220,92,616153641
20928769,284,185,99,551365377
24875041,284,196,88,667615637
24378169,266,183,83,652868253
20411329,268,187,81,536280079
23385601,305,209,96,623499981
22394761,313,215,98,594310427
21133561,441,315,126,557346593
20153401,258,161,97,528774921
21394921,335,241,94,564988033
22631449,264,179,85,601271137
22889689,283,189,94,608874223
23899009,328,220,108,638675487
20664961,249,174,75,543669041
21650449,433,314,119,572468469
21906889,276,191,85,579984745
23625841,334,227,107,630597275
24628321,299,200,99,660289213
20411689,307,209,98,536290183
20928961,212,153,59,551370747
23136961,281,190,91,616163271
22144921,304,220,84,586970851
21134089,302,220,82,557362067
24378841,335,226,109,652887357
20153569,335,260,75,528779889
24126601,295,196,99,645412991
23900641,347,240,107,638723383
22890169,311,217,94,608888737
21650689,263,184,79,572475327
22394929,366,270,96,594315449
24875089,423,277,146,667617245
21395089,292,214,78,564993049
23386801,296,203,93,623535003
20665009,231,152,79,543670787
22631809,328,219,109,601281151
20412169,399,279,120,536303845
20929729,304,226,78,551392647
24628969,309,200,109,660307921
21134521,235,154,81,557374391
21907729,383,275,108,580010371
20154961,314,219,95,528821577
23625961,392,280,112,630600633
23901721,355,239,116,638755335
22145209,308,213,95,586979209
24126769,391,265,126,645417815
22890529,279,208,71,608899105
23137921,258,178,80,616191411
20665849,358,245,113,543695465
21651121,361,246,115,572488371
24380449,369,248,121,652935387
20413801,286,206,80,536352547
20929969,380,259,121,551399361
21134569,271,178,93,557375531
24629089,232,151,81,660311377
21395161,293,204,89,564995125
22396081,367,262,105,594348343
20155129,416,299,117,528825411
23387281,284,192,92,623549557
24875281,355,250,105,667623071
22632481,304,211,93,601300585
21908209,424,295,129,580023247
23903329,343,247,96,638802609
21651529,312,206,106,572500125
24128521,292,192,100,645469701
20665969,338,215,123,543698837
20415529,382,269,113,536401339
23626201,240,183,57,630607401
20930401,246,180,66,551412135
22891009,357,247,110,608912851
22145449,298,202,96,586985443
21134761,288,192,96,557381315
23138761,366,241,125,616215561
20155249,235,147,88,528829023
21908401,300,210,90,580029601
24629809,334,233,101,660332815
24381169,300,225,75,652958565
21395329,309,208,101,565000435
22396441,316,229,87,594359551
20666209,314,221,93,543706155
20931241,285,210,75,551437009
24129529,335,245,90,645499857
21651841,258,180,78,572509761
23387401,299,214,85,623553691
22633321,406,274,132,601324777
23904241,326,220,106,638830377
21134929,373,277,96,557385965
23626849,358,236,122,630626865
24875761,293,200,93,667637831
20417161,340,239,101,536449621
20155321,250,175,75,528831129
21908569,406,285,121,580034059
22146961,296,192,104,587029455
22891681,213,147,66,608933179
20666521,353,247,106,543715029
20931289,300,205,95,551438467
23138809,219,148,71,616217229
21652201,320,217,103,572520093
24629929,315,210,105,660336205
24129841,345,250,95,645509337
21136249,308,219,89,557424221
21395761,305,222,83,565012627
23627209,367,258,109,630637347
23904409,265,175,90,638834895
24381289,256,173,83,652961649
22396609,264,182,82,594364729
20156329,330,237,93,528860519
21909169,297,210,87,580052017
22633801,291,200,91,601340707
20417329,344,245,99,536453905
23387449,325,228,97,623555047
20666689,294,216,78,543720339
20932489,348,238,110,551474053
24876121,285,197,88,667647977
21136369,300,197,103,557427797
21652681,381,261,120,572534331
22147129,288,197,91,587034453
22891849,301,199,102,608938297
24129961,398,288,110,645512643
23904841,214,141,73,638847849
23627689,349,239,110,630651519
24630169,325,239,86,660343675
21910081,358,249,109,580078633
23139481,262,174,88,616236789
20157169,524,375,149,528884375
20417569,246,170,76,536461549
21395929,306,218,88,565017073
24381529,419,275,144,652968369
20667481,266,197,69,543742665
22396921,238,163,75,594373381
20932801,309,215,94,551483389
21136441,274,188,86,557429753
21652801,211,143,68,572537721
22634329,276,180,96,601355809
23387569,386,261,125,623557867
23905729,245,178,67,638874731
24130201,325,231,94,645519675
23628481,404,289,115,630674163
20418169,302,202,100,536478913
22147441,316,226,90,587043303
24877129,257,173,84,667677695
21910561,344,228,116,580092751
20668201,249,160,89,543763899
20158681,189,132,57,528928523
22892041,294,204,90,608943517
21396481,251,172,79,565032979
24382201,406,264,142,652987941
20933641,272,182,90,551508265
24630481,323,211,112,660352549
21653641,287,193,94,572562255
23139769,301,177,124,616245861
22397761,252,164,88,594398461
24130681,254,165,89,645533631
21137041,306,206,100,557448185
20418721,291,199,92,536494465
23628529,273,188,85,630675777
22636681,219,141,78,601425889
20668489,305,205,100,543772587
21396649,367,247,120,565037833
23906401,291,198,93,638893967
23387641,297,211,86,623559991
21911689,337,232,105,580124749
20933761,269,193,76,551511187
21654649,257,190,67,572592399
22148641,302,204,98,587079195
20159281,271,174,97,528946061
24630601,263,184,79,660355501
24877561,310,218,92,667690319
22893049,302,207,95,608973271
20418841,295,196,99,536497781
24383641,405,280,125,653030241
23628721,320,211,109,630680859
24130849,307,217,90,645537993
22637281,388,240,148,601441387
20669041,328,216,112,543788157
23140609,308,218,90,616271265
21396769,297,198,99,565041115
21137929,381,267,114,557473637
22398049,373,263,110,594406933
20933929,296,202,94,551515861
21655201,406,257,149,572608297
21913201,320,229,91,580170279
20418889,277,185,92,536498909
24631681,375,265,110,660388411
23906521,268,180,88,638897339
23388121,330,202,128,623574745
20159329,239,157,82,528947615
20669401,287,186,101,543799197
22148809,293,201,92,587084955
22637521,172,110,62,601449301
24384361,262,168,94,653053097
24131521,309,216,93,645558543
21397009,430,299,131,565047745
24877609,264,165,99,667691591
22893889,319,221,98,608997805
20934481,378,248,130,551531761
23629561,290,213,77,630707781
20419849,337,222,115,536527115
23141689,393,262,131,616302507
21138121,290,185,105,557479681
22398289,306,216,90,594414709
23906929,341,247,94,638909021
21655321,346,236,110,572611747
20670241,317,230,87,543823119
24632449,335,248,87,660411715
22638289,276,200,76,601471705
21914041,320,220,100,580193985
21397489,290,205,85,565061653
24132049,389,249,140,645573141
24384649,250,169,81,653061251
20159449,300,210,90,528950595
24877729,404,266,138,667695737
20935009,322,213,109,551547421
23388241,341,240,101,623578303
22149121,243,174,69,587093901
20420761,219,159,60,536554361
22897009,253,159,94,609091081
20670889,365,252,113,543842199
23629729,327,220,107,630712599
24632521,276,201,75,660413851
23907241,249,153,96,638919491
22638361,304,222,82,601473907
21138721,313,214,99,557497315
23142169,303,207,96,616317009
24132481,347,258,89,645586509
24384721,240,173,67,653062979
21655729,337,230,107,572623495
21397609,314,207,107,565065907
22399129,308,211,97,594438589
20935441,253,173,80,551559973
24878401,302,208,94,667714871
20421241,254,168,86,536568429
21915769,319,217,102,580246173
20159521,487,333,154,528952371
20671081,421,283,138,543847419
23388289,279,193,86,623579893
22149241,282,184,98,587096751
23907361,278,190,88,638922455
23630881,295,213,82,630745191
22640641,237,160,77,601540821
24634009,384,269,115,660459247
22897081,242,167,75,609093355
20935489,284,187,97,551560999
21140569,342,230,112,557551087
24133201,184,123,61,645609111
20422081,185,124,61,536592219
24385369,274,191,83,653082383
21398281,230,158,72,565085251
20671249,301,200,101,543852765
21656161,305,226,79,572636275
24878449,290,202,88,667717127
23142289,242,163,79,616320495
22399441,327,233,94,594447619
20160001,241,157,84,528966105
21915961,365,254,111,580251579
22641049,285,199,86,601553325
20935609,388,260,128,551565313
23907769,442,305,137,638934401
22149289,324,218,106,587098437
23631721,275,171,104,630770733
24636649,418,315,103,660537233
23388649,340,250,90,623590219
24385729,314,212,102,653092507
24133561,256,166,90,645618969
20673361,339,237,102,543913327
21141481,261,157,104,557576497
22898569,320,222,98,609135501
20422249,315,228,87,536597277
21916561,487,337,150,580268913
23142529,336,232,104,616327059
21657049,354,246,108,572662369
24879289,453,313,140,667741373
21398521,305,197,108,565092799
20936329,329,239,90,551585785
20160169,228,153,75,528971843
22642201,361,244,117,601587003
22399561,386,254,132,594451147
20673409,284,181,103,543914701
23632729,288,193,95,630800361
24386209,317,232,85,653106097
21917281,289,206,83,580290051
21657721,329,237,92,572681899
22150129,235,158,77,587122425
23143369,386,274,112,616351869
23908249,277,198,79,638949185
21400201,189,121,68,565142217
24636889,359,238,121,660543485
23388961,347,240,107,623599249
20937289,329,226,103,551613901
24134329,358,253,105,645642765
21142969,255,179,76,557620981
20422609,247,165,82,536608371
24879409,368,246,122,667745273
22642561,362,251,111,601596705
22898761,333,213,120,609141219
20673769,331,226,105,543924559
20160289,372,266,106,528974573
23632849,295,204,91,630804087
22399969,269,191,78,594463867
24386569,328,231,97,653116495
21400681,373,268,105,565156029
21658009,307,215,92,572690245
23143801,333,225,108,616365321
24637489,412,282,130,660561167
21917569,309,215,94,580297473
24134401,324,210,114,645644517
24881161,463,315,148,667796931
20937361,265,177,88,551615785
20674201,267,181,86,543938359
22150801,337,228,109,587142461
20422921,225,155,70,536617485
21144769,259,187,72,557673709
23908369,327,232,95,638952575
22642729,336,232,104,601603083
23390641,208,144,64,623649553
22898929,329,228,101,609146487
20160529,249,176,73,528982193
21400801,297,212,85,565160517
24386881,197,138,59,653127115
23633089,359,255,104,630810879
23143849,224,152,72,616366569
20937529,336,241,95,551620921
22401481,296,220,76,594507715
21658729,293,202,91,572710747
24135049,289,183,106,645662853
24638209,340,247,93,660582533
20674369,298,218,80,543943639
21917809,253,164,89,580304883
24883489,355,239,116,667866371
20423041,283,194,89,536620551
21145489,337,221,116,557694943
22150969,298,213,85,587147327
21400849,287,199,88,565161855
24387409,331,230,101,653142253
22643161,429,307,122,601615647
20938201,340,227,113,551641111
23909449,250,161,89,638984969
20160961,343,230,113,528994241
23391001,321,214,107,623659531
23144041,468,329,139,616372191
20674441,342,240,102,543945361
21918289,307,207,100,580319229
22899529,233,146,87,609165027
22403089,286,198,88,594554737
20423209,273,183,90,536625567
24883849,362,232,130,667877531
24135889,361,263,98,645687945
24638881,228,144,84,660602753
23633569,233,166,67,630824991
21658921,375,256,119,572716093
20939641,337,222,115,551682613
22643209,311,205,106,601617111
21145681,355,245,110,557699797
23144881,379,245,134,616396803
21401641,307,211,96,565184429
22151161,316,208,108,587153909
21918649,325,220,105,580329789
22403761,283,206,77,594574855
20423449,267,191,76,536632383
20162041,255,176,79,529025897
24387721,356,243,113,653151793
20674609,303,206,97,543951199
24884161,231,159,72,667887029
24136561,316,232,84,645708093
23391481,273,178,95,623673631
23912401,400,275,125,639071373
24639841,368,245,123,660631277
22899601,346,231,115,609166719
20941321,352,226,126,551731971
23634241,258,188,70,630844977
21659089,244,172,72,572721619
22644049,301,212,89,601641645
23146369,403,274,129,616440849
20423929,457,317,140,536645901
21919081,450,331,119,580343085
22403809,273,176,97,594576127
21146161,313,212,101,557714989
22151761,263,168,95,587170815
21401881,388,262,126,565191305
20674921,387,251,136,543960073
24136681,372,257,115,645711681
24884329,316,229,87,667891907
20162641,374,271,103,529043081
23912569,317,221,96,639076329
24640249,295,212,83,660643675
24387841,241,163,78,653155531
22644841,372,250,122,601664529
20941489,373,261,112,551736501
23391649,358,265,93,623678197
23146729,215,149,66,616450665
20424049,426,298,128,536649777
22901041,284,191,93,609210315
21659569,286,196,90,572735725
22152601,243,165,78,587194821
22405321,223,160,63,594620859
23634769,302,211,91,630859857
21919129,211,153,58,580345467
20675041,295,185,110,543963301
24136921,270,188,82,645718389
24885361,270,200,70,667922915
23912809,399,263,136,639083355
21146329,295,203,92,557719999
24642529,330,223,107,660710579
21402049,335,227,108,565195925
20163529,240,153,87,529069517
20424721,369,281,88,536669243
23147041,305,201,104,616459335
22645009,306,220,86,601669461
20942041,346,231,115,551752725
23391769,373,259,114,623682889
21919321,397,280,117,580350759
24388249,335,220,115,653167381
22153321,257,173,84,587216703
22901089,287,201,86,609211521
20675761,361,250,111,543984967
23913481,300,198,102,639102861
24137401,268,193,75,645733557
24886369,313,207,106,667953455
21660241,266,193,73,572755737
22405441,292,199,93,594624177
24642769,399,291,108,660717815
23635369,404,271,133,630878955
20425729,360,231,129,536697749
21147169,235,157,78,557743681
20942209,298,204,94,551757651
20163889,284,198,86,529079945
23148049,259,175,84,616489311
21402481,256,165,91,565209833
21920929,376,266,110,580395915
20675929,338,224,114,543989449
22645561,343,239,104,601685661
24137521,256,171,85,645736803
21660409,350,243,107,572760657
23913649,324,234,90,639108147
24887209,234,153,81,667978121
20426281,277,194,83,536714951
24643249,253,176,77,660731483
23392489,406,259,147,623703931
22903129,275,181,94,609270537
22153609,243,165,78,587225133
20943049,304,197,107,551782143
24388561,242,171,71,653176477
23148241,242,164,78,616494831
22405681,266,177,89,594631875
21147289,302,225,77,557747089
20164321,247,177,70,529093161
23637961,322,207,115,630955689
20676049,318,228,90,543992689
21404569,279,179,100,565270973
21661609,334,227,107,572795017
23913961,389,278,111,639117081
20427241,388,251,137,536742845
24137689,276,192,84,645741627
24887521,293,213,80,667987061
21921169,306,204,102,580403563
20943721,335,243,92,551801833
22903729,337,226,111,609287043
22645729,296,206,90,601690695
24643441,243,179,64,660737273
22153849,290,190,100,587231583
23393449,416,309,107,623732269
23148889,286,182,104,616514703
20427409,285,197,88,536747273
20164561,309,212,97,529100415
24388849,265,207,58,653185633
21662041,485,354,131,572807617
22406161,362,262,100,594645729
23914081,314,215,99,639121293
21149041,394,279,115,557797345
20943841,359,251,108,551804749
20676121,318,216,102,543994651
24887641,267,180,87,667990283
22904641,289,197,92,609314991
24138409,265,183,82,645762357
21405169,350,265,85,565288679
22646401,428,275,153,601710369
23638441,333,240,93,630969147
24643921,312,212,100,660751577
21921481,307,210,97,580413337
22154329,400,287,113,587246025
20428489,348,247,101,536779577
20943889,287,186,101,551807059
21662209,322,225,97,572812573
20676889,340,239,101,544016461
23915761,232,158,74,639170917
20165161,225,145,80,529116939
23393521,358,251,107,623734111
24139369,273,181,92,645790299
22646761,389,246,143,601720831
22907161,261,195,66,609388587
23149081,305,222,83,616520685
21151489,376,262,114,557869995
22406281,297,213,84,594649299
24388921,415,296,119,653187277
21405409,284,201,83,565296053
24644449,282,190,92,660767243
24887689,322,221,101,667991555
22154449,313,216,97,587249703
20428801,271,183,88,536787935
23638801,345,224,121,630979491
20944681,392,260,132,551829745
20676961,467,323,144,544018615
21662281,321,208,113,572814535
21921769,311,209,102,580421227
23916601,280,192,88,639196075
22646929,472,337,135,601725073
24141289,366,257,109,645847779
20165401,223,154,69,529123749
24645289,299,199,100,660792503
20944921,414,299,115,551836951
22155169,276,191,85,587269827
21151561,299,206,93,557872647
23394121,241,159,82,623752287
22907761,346,252,94,609405849
20430649,293,200,93,536841489
20677801,218,142,76,544043545
23149681,251,171,80,616539531
22407001,297,197,100,594670473
21662929,303,213,90,572833987
21922009,309,211,98,580429465
21405889,339,233,106,565309349
24390241,330,223,107,653225805
24888481,329,241,88,668015255
23916769,433,288,145,639200599
23638969,321,213,108,630984459
24142561,259,175,84,645886653
20945521,287,176,111,551853913
20430769,405,308,97,536844675
22155361,306,219,87,587275689
22647241,276,191,85,601736311
20165881,302,197,105,529137159
24645601,315,205,110,660801713
21663721,300,203,97,572857417
23149921,252,176,76,616546071
20678401,282,192,90,544060747
21922321,248,155,93,580438333
21152569,314,226,88,557901435
23917609,338,238,100,639226111
22907809,280,188,92,609407295
23394361,264,181,83,623759887
22407841,173,125,48,594695829
21406081,281,180,101,565315025
20945761,325,227,98,551860903
24142609,385,260,125,645888081
20430841,367,261,106,536846211
22155841,298,199,99,587290401
24390601,274,165,109,653236929
21664609,328,224,104,572883967
24888649,266,186,80,668020157
23150689,336,217,119,616568457
24646801,285,194,91,660838493
23639281,305,206,99,630993955
20678569,295,216,79,544065991
21923521,287,203,84,580473559
20166001,352,237,115,529140513
22647769,288,198,90,601750651
20946361,352,247,105,551877889
23919169,366,259,107,639271987
20431009,194,130,64,536852757
21153409,421,281,140,557925765
24142969,281,196,85,645898575
21664729,339,224,115,572887261
22156009,314,208,106,587295447
21406249,385,267,118,565319687
22408681,287,200,87,594719409
22908649,299,214,85,609432387
23395681,271,194,77,623798197
20678809,393,267,126,544072729
23150761,310,223,87,616570383
24647281,272,182,90,660852587
24888889,313,217,96,668026907
21923689,446,318,128,580478107
20946529,331,228,103,551882953
24392209,311,215,96,653285199
20432161,346,238,108,536886393
20166169,235,152,83,529145283
22648201,182,136,46,601763809
23639569,398,278,120,631002259
22156201,232,160,72,587301495
24143641,333,243,90,645918039
20679121,264,192,72,544082455
21153841,312,222,90,557938431
22409041,195,139,56,594729603
23919361,264,181,83,639277393
23151241,241,181,60,616584489
21664801,291,210,81,572889463
21924289,295,193,102,580496047
21406729,315,225,90,565333817
24647401,263,175,88,660855749
20947249,332,218,114,551904139
22909009,287,196,91,609443763
23395969,251,172,79,623806411
20432329,247,178,69,536890977
22649281,319,229,90,601795273
24889321,279,196,83,668039453
22156369,313,213,100,587306193
20166241,326,237,89,529146969
20679289,312,222,90,544086733
24144409,229,152,77,645941823
24392281,230,154,76,653287389
23640121,300,197,103,631019035
23151361,336,232,104,616588023
21924961,218,157,61,580515427
20947609,337,222,115,551914417
21154849,253,161,92,557968527
24648241,365,240,125,660880253
22410721,400,272,128,594779193
20432449,272,190,82,536894721
21665401,282,194,88,572906071
22650889,273,183,90,601842461
21406921,317,240,77,565339421
23920201,400,272,128,639301963
24889369,410,283,127,668040725
22156681,403,273,130,587315511
22909321,376,252,124,609453531
20679409,363,262,101,544090429
24144961,236,173,63,645957651
23396689,351,241,110,623827891
21925009,329,212,117,580516933
20166721,284,203,81,529162359
23152201,302,209,93,616612705
20948881,448,303,145,551952025
20433289,421,295,126,536919333
24648409,343,218,125,660885785
22651441,246,187,59,601858853
24393049,379,269,110,653309361
23640241,222,147,75,631022383
22157689,239,156,83,587344275
21154921,361,241,120,557970225
24889729,383,259,124,668051243
20680249,301,221,80,544116289
23922649,291,206,85,639375283
21665569,289,203,86,572911009
22411201,274,177,97,594792945
21407521,319,220,99,565356929
21925129,327,227,100,580520389
20949601,241,154,87,551972743
23152369,260,178,82,616617517
20434369,374,257,117,536950425
22909441,295,183,112,609456855
20166841,232,164,68,529166145
23397481,345,226,119,623850163
24145129,356,265,91,645962523
22651609,344,237,107,601863419
22158481,231,162,69,587367711
24648649,331,238,93,660893429
20680489,333,225,108,544122499
23923321,345,253,92,639395515
24890161,244,166,78,668065481
20950801,210,145,65,552007633
21156241,294,205,89,558009471
21665641,348,235,113,572912785
21925369,403,272,131,580526923
23640649,338,223,115,631035265
24393121,270,174,96,653312145
23153089,352,256,96,616638067
20435209,283,199,84,536976009
21407569,361,234,127,565358753
22411561,235,159,76,594802743
22651729,275,185,90,601867217
22159201,231,158,73,587388687
20167009,313,215,98,529171179
20681161,372,252,120,544141399
22909849,315,219,96,609468765
24649489,388,260,128,660917805
23398369,324,235,89,623876707
20952289,345,247,98,552050911
21666121,313,208,105,572927167
23923729,340,242,98,639407101
20435689,367,238,129,536989497
24891001,300,198,102,668089217
24145801,223,156,67,645981477
23154121,240,160,80,616669669
21156529,255,171,84,558017169
21926041,234,160,74,580546401
22159561,339,231,108,587399067
22653649,279,195,84,601924955
23640961,300,200,100,631043845
21407929,257,173,84,565368671
24393601,275,189,86,653326125
22412161,332,230,102,594821121
20953081,367,261,106,552074899
20681641,262,190,72,544155895
20168521,306,209,97,529215381
21666481,321,209,112,572938045
23924881,272,194,78,639441541
20435809,282,202,80,536992887
24649969,346,244,102,660931437
22910281,252,182,70,609480471
23154601,326,225,101,616683649
23398489,331,250,81,623880679
22160041,268,179,89,587413911
24891169,351,245,106,668094671
24146329,294,218,76,645997155
22654321,367,238,129,601944305
21156769,385,249,136,558024507
20953321,236,142,94,552082009
20168689,371,245,126,529219263
24394129,289,204,85,653341011
21926809,282,205,77,580570221
20435881,325,219,106,536994873
23641081,325,238,87,631047421
21408529,318,206,112,565385867
23925049,313,203,110,639446173
24650761,271,174,97,660955659
20682601,257,182,75,544183435
22412329,242,172,70,594825675
22910689,314,211,103,609494979
21666649,266,175,91,572942929
23154889,309,202,107,616691605
22160209,300,208,92,587418171
20953969,222,152,70,552100957
20169601,231,151,80,529245711
22655089,345,241,104,601965843
20436049,336,225,111,536999745
24394441,304,205,99,653350029
23398561,255,176,79,623882713
21157249,246,169,77,558038097
23925169,369,256,113,639449605
24146761,349,238,111,646009677
20682769,369,258,111,544188367
24892849,296,200,96,668144345
21927049,288,200,88,580577385
24651481,306,214,92,660976047
22911001,241,156,85,609503847
21409249,265,182,83,565406753
23641129,329,240,89,631048747
20955601,324,225,99,552148723
22161241,319,207,112,587448657
21667489,343,234,109,572967409
23154961,356,250,106,616693411
22414849,369,238,131,594899973
22656001,291,208,83,601992939
20436721,366,248,118,537018851
20170081,334,226,108,529259733
24394561,242,175,67,653353989
20683009,318,218,100,544195609
23925721,268,196,72,639465661
22911961,319,234,85,609531939
20956321,220,138,82,552170083
21157369,343,230,113,558042489
24147601,368,220,148,646034687
22161721,296,187,109,587462505
23398729,330,227,103,623887891
21927481,252,176,76,580589061
22656769,335,241,94,602016003
20438161,346,232,114,537060509
21667969,327,240,87,572983279
21410281,240,162,78,565437011
23156449,253,166,87,616738959
24892921,254,163,91,668147003
22415689,348,232,116,594924807
24651841,329,215,114,660986115
23641249,323,234,89,631052239
20683681,420,266,154,544214491
24394801,291,202,89,653360667
23926009,303,211,92,639474373
20171089,254,161,93,529289545
20956681,250,159,91,552179649
22912009,310,199,111,609533307
22161889,294,180,114,587467383
21668161,329,238,91,572988499
22656841,304,204,100,602018325
21157921,308,211,97,558058863
23156641,304,203,101,616744107
22415761,260,167,93,594926757
20684281,305,226,79,544232143
23399041,379,262,117,623897179
20439169,242,170,72,537090101
24148489,299,204,95,646061603
21927889,293,188,105,580601235
20957161,289,186,103,552193641
21412441,324,228,96,565500781
23926561,389,259,130,639491107
20171449,289,192,97,529299769
22912129,278,184,94,609536457
24395281,270,190,80,653375631
24895249,245,170,75,668217155
23641489,292,200,92,631059703
24652009,359,241,118,660992525
20684449,321,236,85,544237035
22657009,317,218,99,602023083
22162009,311,189,122,587470539
21668929,341,240,101,573009805
23157241,427,290,137,616762011
22416529,321,228,93,594950511
20957329,253,160,93,552198309
20171929,309,219,90,529314253
21158041,405,283,122,558061635
20439721,228,154,74,537106859
24148681,486,357,129,646067699
22912369,391,268,123,609543345
24395809,288,189,99,653391147
21929041,339,225,114,580635921
23926729,401,270,131,639496561
23399161,433,288,145,623900203
21412561,287,196,91,565503919
20685001,305,212,93,544253529
22657321,322,221,101,602032419
20957689,249,172,77,552208773
24895921,328,234,94,668237147
23157649,393,262,131,616774029
21669601,385,279,106,573028879
20172121,372,268,104,529319815
23641801,356,251,105,631068535
24652681,275,189,86,661012931
22162249,391,293,98,587479635
22416769,247,172,75,594957243
22913809,319,212,107,609585687
24150001,318,210,108,646106087
21159121,282,198,84,558093153
24396121,270,195,75,653400609
20439841,393,277,116,537109871
20958001,268,171,97,552218061
22657441,272,200,72,602035611
21412801,203,144,59,565510267
21929209,258,164,94,580640367
23158129,292,189,103,616787847
20173561,277,171,106,529363093
20685169,387,281,106,544258041
21669649,224,162,62,573030871
23399209,314,215,99,623901631
23927569,346,230,116,639521185
24896089,306,210,96,668241179
22913881,236,155,81,609587367
24653329,357,241,116,661031337
23642161,283,188,95,631079209
24396409,332,221,111,653409237
20958361,307,215,92,552228949
22162561,263,165,98,587488689
22657849,345,235,110,602048017
24150961,351,235,116,646133087
22417081,347,234,113,594966039
21413449,370,264,106,565529449
20173609,201,132,69,529364341
20686009,352,242,110,544282619
21159889,380,271,109,558114765
20440249,256,176,80,537121799
21670009,290,182,108,573040993
21930721,284,201,83,580685193
23158489,363,254,109,616797585
22914649,309,210,99,609610449
23399401,303,212,91,623907901
23928361,357,256,101,639543373
24897601,199,137,62,668287085
20173969,226,151,75,529374107
21413569,312,216,96,565532911
20686201,349,235,114,544288121
24396481,247,159,88,653411481
22659361,293,221,72,602092333
20958529,348,251,97,552233809
24151969,343,236,107,646163675
21670321,301,210,91,573051199
22418089,313,225,88,594995073
22162681,350,228,122,587492249
23642329,318,235,83,631084393
24653449,347,241,106,661034655
21160969,233,151,82,558147381
22914721,298,201,97,609612309
20440921,304,206,98,537141245
21931081,305,217,88,580694611
21413641,422,280,142,565534795
20686681,324,223,101,544301993
20174449,315,223,92,529387313
22659529,380,240,140,602096551
24396961,296,211,85,653424867
23158969,267,175,92,616811961
21670489,267,182,85,573055681
23399569,301,191,110,623912929
20958961,153,103,50,552246451
24152521,302,203,99,646181585
23928601,338,219,119,639551029
22915561,391,293,98,609636285
24897721,258,183,75,668290109
20174569,370,257,113,529391009
20686969,270,178,92,544310297
21931561,288,209,79,580708759
22418281,382,267,115,595000975
22163521,272,189,83,587516027
20441401,383,269,114,537155105
21161281,267,186,81,558157137
24654529,245,151,94,661067099
23643001,320,220,100,631104481
22660801,338,250,88,602134549
24397249,416,294,122,653433075
23159161,353,252,101,616817595
20959369,366,248,118,552257573
21414241,242,174,68,565553311
23929249,270,180,90,639570373
22916041,380,276,104,609650505
21670609,316,223,93,573058927
20174641,331,228,103,529393349
23399881,359,269,90,623923333
20688529,220,149,71,544356395
21932401,324,217,107,580733713
24152641,431,301,130,646184789
22419721,264,165,99,595043215
22661521,341,221,120,602156707
22163761,229,144,85,587523071
23160769,334,219,115,616865295
20441761,280,187,93,537165747
24898441,344,236,108,668311373
21161641,299,198,101,558166915
20959849,278,185,93,552272093
24397489,344,244,100,653440797
21414409,297,212,85,565558267
23643649,264,183,81,631123723
20174809,282,193,89,529398089
22916329,332,243,89,609659319
24654841,274,180,94,661075895
20688649,341,250,91,544359743
21932569,312,225,87,580739389
22419769,274,180,94,595044619
21671161,315,217,98,573075397
22163929,323,235,88,587527853
23929369,263,191,72,639573731
22661641,369,263,106,602159569
23161009,256,181,75,616872883
23401681,377,262,115,623975059
20960689,324,230,94,552295967
21414649,256,154,102,565565065
20175121,301,193,108,529406753
24152881,252,168,84,646191791
20442769,324,231,93,537194907
24898561,280,191,89,668314619
22917049,234,162,72,609679921
21162289,278,182,96,558185257
21932689,313,215,98,580742359
22420129,344,217,127,595055497
24397921,268,194,74,653453469
20688721,289,187,102,544361801
23643769,343,229,114,631126813
22661809,242,170,72,602164183
22164409,358,224,134,587542253
24655201,288,195,93,661086185
23161441,279,176,103,616885213
20175409,301,226,75,529414457
20961529,314,207,107,552320861
21671521,213,146,67,573086509
21414961,316,202,114,565574809
21933529,395,265,130,580766713
23930209,461,359,102,639598715
22917721,325,214,111,609699559
24898801,317,215,102,668321423
23401921,312,202,110,623981779
20443081,310,211,99,537203817
22420441,248,182,66,595065409
21164929,355,243,112,558262773
24153529,413,267,146,646210703
22662529,356,230,126,602185579
22164601,323,225,98,587548345
20176249,368,287,81,529439147
23161609,322,219,103,616889887
20961649,316,212,104,552324509
20690161,359,241,118,544403831
21415081,295,199,96,565578253
24398089,288,197,91,653458389
21933601,464,316,148,580768999
23644009,238,162,76,631134253
22917841,377,257,120,609702907
22420609,298,209,89,595069579
24898969,338,229,109,668326379
24655849,235,152,83,661106387
21673969,348,244,104,573157873
23930449,305,197,108,639605609
20176921,388,273,115,529458665
22165201,326,220,106,587565871
20443201,290,185,105,537206877
23402689,326,224,102,624005371
20962321,320,212,108,552343919
21165169,266,172,94,558271011
23161849,294,220,74,616896823
21934201,337,222,115,580786159
24153721,311,212,99,646215941
22663321,253,170,83,602209543
20690209,367,255,112,544405085
22421281,301,215,86,595089637
21674209,334,227,107,573164173
22918561,310,209,101,609724735
21415129,351,245,106,565579483
24899401,490,339,151,668339129
24398761,217,142,75,653479431
23930761,540,364,176,639614909
22165249,364,261,103,587567581
23644609,322,222,100,631151353
20963401,428,278,150,552375875
20176969,389,263,126,529460195
24656209,256,181,75,661117955
21934609,303,207,96,580798213
20443249,324,209,115,537208023
23162281,306,209,97,616909591
20691001,253,174,79,544428667
21165481,264,179,85,558280077
21675529,249,168,81,573203621
23403241,249,166,83,624021679
22421449,312,220,92,595094269
23931289,310,210,100,639630473
24899449,288,184,104,668340641
22664041,239,167,72,602230057
24400609,244,164,80,653534097
24154201,419,278,141,646231763
22165369,280,198,82,587571189
21415249,247,163,84,565582837
20963881,265,174,91,552391073
22918849,389,267,122,609732667
21935761,291,184,107,580832389
20692081,227,155,72,544460155
23162521,332,222,110,616916491
21675649,402,286,116,573206531
20177089,224,144,80,529463141
23644681,290,198,92,631153171
20443609,343,241,102,537219393
22421569,259,193,66,595098595
24656881,436,322,114,661137467
23931889,268,188,80,639648009
21166009,317,235,82,558294945
20964001,288,202,86,552394097
22165921,344,264,80,587586975
24400681,374,251,123,653535429
23404441,324,216,108,624056803
21936961,249,178,71,580866505
20692681,270,191,79,544477711
21415321,349,253,96,565585201
22664401,287,195,92,602241235
21675721,368,263,105,573208991
23163529,249,168,81,616946419
24899569,359,252,107,668343797
24154321,357,231,126,646234823
22919089,321,234,87,609739999
20177161,404,263,141,529465457
20443921,172,122,50,537228831
20964169,330,234,96,552399377
23405281,279,181,98,624081313
22167121,353,238,115,587621523
23644849,389,284,105,631158535
21937441,268,190,78,580881085
24402121,279,185,94,653578477
23933281,301,190,111,639688587
20692849,307,221,86,544482061
22422409,218,160,58,595122061
21415969,254,178,76,565603303
21166441,282,190,92,558306975
21675889,253,169,84,573213875
24660001,327,222,105,661229915
23164129,288,193,95,616963933
22664881,293,207,86,602254993
21937969,309,192,117,580896481
20693929,295,195,100,544513549
23406049,417,307,110,624104311
22919521,205,139,66,609753283
20177329,289,193,96,529470767
24900289,339,238,101,668366221
23933401,326,243,83,639693861
24154369,388,260,128,646235993
20964409,280,179,101,552406415
21416089,299,214,85,565607677
20444929,354,245,109,537258585
24402841,235,165,70,653599945
22167961,368,244,124,587646153
21677041,168,106,62,573248757
23164681,297,205,92,616980487
22423801,217,150,67,595164001
21166489,380,280,100,558308115
23645161,331,231,100,631168165
20694409,304,209,95,544527877
21938401,224,148,76,580909375
21416641,321,208,113,565623145
23406961,293,192,101,624130921
24660169,335,246,89,661234535
23933809,224,136,88,639705615
20965249,298,195,103,552430967
24403009,270,198,72,653604769
21677881,282,208,74,573272649
22665241,233,158,75,602265319
20177761,303,209,94,529483403
20445289,267,206,61,537268209
23165521,394,259,135,617005027
22919929,405,268,137,609765073
24901321,233,164,69,668396863
22169449,217,141,76,587689839
24154489,243,167,76,646239713
22424641,401,295,106,595188451
20694529,243,168,75,544530865
21938569,269,184,85,580913923
21166609,274,188,86,558312363
21417169,301,212,89,565638187
23407561,238,148,90,624149305
23646169,320,204,116,631198645
20965849,308,225,83,552447989
23934241,282,185,97,639717783
22920409,326,236,90,609779671
24662569,330,225,105,661306345
20178841,268,173,95,529515597
23165641,247,157,90,617008897
21678001,364,258,106,573275979
24902089,244,154,90,668418673
22424761,292,214,78,595191925
20694601,329,223,106,544532533
22666249,259,189,70,602293993
20445889,386,265,121,537286263
24403129,323,224,99,653608159
21938641,301,201,100,580916071
21417481,409,270,139,565647445
22169569,328,220,108,587693091
20965921,386,256,130,552450491
23407729,240,166,74,624153931
24154729,259,178,81,646246733
23934289,364,246,118,639718749
21167161,280,185,95,558328725
22920529,307,219,88,609782887
23646289,423,297,126,631201447
20694769,361,241,120,544537177
22425001,327,220,107,595199923
23166721,390,277,113,617040679
21418009,331,221,110,565662727
24662761,303,198,105,661311973
20179849,292,187,105,529544211
20966689,456,329,127,552472367
21678049,397,271,126,573277665
24403849,331,228,103,653630099
20445961,377,253,124,537288189
21939121,287,190,97,580930093
24902929,304,213,91,668444335
22666849,337,237,100,602313295
23934481,346,247,99,639724899
22170121,307,202,105,587710647
22921081,271,186,85,609799153
23408809,337,221,116,624185809
21167689,294,199,95,558343545
22425649,274,188,86,595217665
21419329,296,210,86,565702311
24155161,374,257,117,646259069
20969209,331,213,118,552545213
21679081,274,188,86,573307961
20696281,329,236,93,544582435
24663409,260,172,88,661330255
23167489,327,239,88,617063465
24404041,336,234,102,653634941
23646361,353,232,121,631203733
20180161,268,176,92,529553865
24903169,352,243,109,668450833
20446441,273,190,83,537302283
21939241,327,231,96,580933789
22921609,339,228,111,609815287
22171321,397,259,138,587746605
22426321,306,216,90,595236861
22667401,215,150,65,602329873
23410081,290,204,86,624222835
20969281,297,186,111,552547301
21419449,368,259,109,565705947
21679249,281,202,79,573312881
23935921,260,160,100,639767217
21168529,460,317,143,558366817
24664201,265,171,94,661354105
20696761,292,210,82,544596397
24404641,374,248,126,653653097
24905161,316,214,102,668511277
24155881,377,250,127,646280927
22922281,374,261,113,609834061
20180449,160,123,37,529562283
23167561,357,242,115,617065667
22427161,290,186,104,595262139
20969881,340,241,99,552564879
20446561,272,175,97,537306051
23646529,337,217,120,631208731
22667761,254,178,76,602339671
21679561,225,165,60,573321227
21939481,358,235,123,580940803
21420001,239,148,91,565722093
23410129,307,209,98,624224365
22171801,316,221,95,587759355
21169009,206,134,72,558381841
24664369,410,267,143,661358713
23935969,355,247,108,639768759
24406561,212,134,78,653710091
22923049,345,245,100,609856783
24905449,331,237,94,668519629
20970049,281,191,90,552569835
20696881,301,214,87,544599385
21679681,228,148,80,573324863
21420121,354,213,141,565724733
20181121,193,134,59,529581075
22427281,416,299,117,595265583
24156001,250,158,92,646284611
23410969,381,256,125,624249895
20446729,297,206,91,537310881
23168329,394,267,127,617087633
21169969,412,301,111,558409321
22667929,362,260,102,602344453
21939649,293,198,95,580945177
23646841,226,163,63,631218727
22172329,241,168,73,587775099
24664609,397,274,123,661366669
24406729,295,195,100,653715017
22923289,240,154,86,609864493
24905521,289,207,82,668521213
21680689,337,247,90,573354365
21420169,222,147,75,565726425
20182681,302,204,98,529626279
23936161,343,233,110,639773997
20697049,368,229,139,544604287
20970121,248,162,86,552571539
22427329,280,190,90,595267269
23411161,268,179,89,624256327
21170209,388,266,122,558416869
20446969,349,241,108,537317511
22924129,434,307,127,609888763
24156169,345,246,99,646288799
24664921,382,267,115,661375207
24407041,334,234,100,653724173
23168881,343,243,100,617103611
21681529,198,135,63,573378527
21421201,384,264,120,565756569
21940969,304,214,90,580983155
22669609,294,196,98,602394589
20182849,275,194,81,529630929
23647681,254,165,89,631243723
22174441,259,188,71,587837541
24905689,276,194,82,668525977
20697121,261,175,86,544606093
21170521,222,165,57,558426317
22428001,337,216,121,595287189
23411761,347,245,102,624273541
20970289,324,230,94,552577635
22924969,300,202,98,609913093
23936329,335,208,127,639779613
21681769,449,313,136,573386453
21421681,302,212,90,565771455
24665209,368,256,112,661384075
20447281,311,215,96,537326067
24407329,260,176,84,653732735
22174489,332,227,105,587839113
21170641,445,316,129,558429785
20697601,230,153,77,544620643
20183209,343,248,95,529641297
23169001,384,279,105,617107265
24156241,282,200,82,646291193
21941329,306,217,89,580994447
24906001,365,241,124,668535121
22669921,343,239,104,602403475
22428961,362,234,128,595315995
23647801,274,199,75,631246573
22926121,375,259,116,609947221
21421849,274,187,87,565776717
21682201,273,187,86,573398279
20447809,345,232,113,537342309
20970769,271,187,84,552591255
23412481,189,140,49,624294595
21170881,221,161,60,558436697
24665881,334,232,102,661403407
23936641,212,148,64,639789267
22174849,283,177,106,587849031
20698729,314,215,99,544653519
24906841,363,257,106,668560711
22926961,335,229,106,609972547
20184481,292,197,95,529678647
24407569,354,230,124,653739731
22429201,319,216,103,595322559
21422641,342,227,115,565799109
20448409,300,211,89,537359121
21942601,343,240,103,581031725
21683929,311,219,92,573449759
23169169,229,157,72,617111849
24156721,300,211,89,646305377
22670209,214,137,77,602412103
21171049,289,205,84,558441473
22175161,319,221,98,587858079
23648641,233,146,87,631270453
20698801,335,242,93,544655727
20971969,244,162,82,552627033
24666289,375,267,108,661417123
23413441,320,205,115,624322219
21422689,367,253,114,565800471
24907681,310,202,108,668585793
23937601,380,255,125,639816435
20449129,365,248,117,537379887
22429369,340,249,91,595327395
21684961,261,178,83,573480671
21171361,378,262,116,558451217
20184529,328,226,102,529679931
22928089,334,211,123,610005379
20699401,290,196,94,544673337
21942649,265,195,70,581033615
24408841,311,204,107,653777891
20972449,244,161,83,552640743
23169841,283,213,70,617133467
23415841,295,206,89,624393141
22670449,438,305,133,602418775
22175281,345,242,103,587861817
24156889,236,160,76,646309583
24666601,364,250,114,661426117
20449489,281,187,94,537390219
21424489,250,175,75,565852875
24907801,257,169,88,668588943
21685129,288,208,80,573484865
23648689,376,234,142,631271683
22430041,264,182,82,595346971
21171649,304,193,111,558459287
20700961,303,201,102,544719343
20184649,330,235,95,529683225
23937769,301,216,85,639822123
20972641,381,278,103,552646023
23416681,212,146,66,624418365
22928161,267,177,90,610007509
24667441,355,246,109,661450099
20449969,349,245,104,537404499
21942769,234,150,84,581037437
21685801,321,222,99,573504371
22430209,319,213,106,595351699
21425161,292,208,84,565872961
21172369,249,169,80,558479999
24909649,298,211,87,668643657
24409009,261,166,95,653783285
22175689,314,230,84,587873427
23169889,441,314,127,617134667
22671289,333,226,107,602443075
20701129,271,191,80,544724191
24157249,239,164,75,646321127
23648881,258,179,79,631277485
20973241,315,214,101,552663399
20450329,255,163,92,537415497
23417209,275,180,95,624433659
20186041,322,214,108,529723263
21686281,241,169,72,573518021
21425401,387,262,125,565880035
21172561,248,167,81,558485759
22431889,317,233,84,595401437
24667801,258,178,80,661461433
23939521,341,234,107,639874635
22671601,313,213,100,602452429
22928929,324,210,114,610030141
20701321,279,170,109,544729471
21943321,338,247,91,581053397
22176289,342,239,103,587891007
20974249,389,259,130,552692997
20451001,318,223,95,537435207
23170009,282,205,77,617137937
24410761,349,253,96,653834771
24909721,303,210,93,668645745
23417809,370,267,103,624451473
21686449,236,149,87,573522479
21425881,241,161,80,565894189
21174001,322,236,86,558528785
24157849,239,159,80,646338245
24668401,300,220,80,661478849
23649481,330,232,98,631294945
20186161,327,227,100,529726365
22671889,302,208,94,602461327
20701921,280,182,98,544747213
22432321,278,197,81,595414073
20451601,243,176,67,537452835
20974489,304,180,124,552699339
22176529,356,253,103,587898303
23941369,456,313,143,639928953
21943609,289,187,102,581062295
22929001,393,262,131,610032055
23418529,365,233,132,624472419
21426049,405,278,127,565898305
21688921,238,161,77,573594765
23170561,428,278,150,617154749
21174889,357,251,106,558554213
23649721,291,196,95,631302715
24412081,282,171,111,653874665
20702161,439,311,128,544754035
20451649,288,189,99,537454017
24909889,336,223,113,668650161
20186329,302,193,109,529731411
24157921,402,281,121,646340027
20974969,343,240,103,552713151
22177801,262,176,86,587935041
22672561,261,174,87,602480179
24668569,339,250,89,661484123
21688969,321,215,106,573596301
22433041,293,189,104,595435505
23418721,351,255,96,624478161
23172361,323,226,97,617207723
21175849,319,223,96,558582041
23650201,304,226,78,631316287
21426841,311,203,108,565922515
21944521,321,218,103,581088953
22930009,306,220,86,610063097
23941681,267,182,85,639938175
20702329,320,221,99,544758523
20451841,292,201,91,537460203
20975089,347,224,123,552716277
20188009,260,171,89,529780209
22179361,259,178,81,587982373
22672729,318,227,91,602485249
21689761,296,210,86,573619605
24412249,302,214,88,653879117
23172529,357,244,113,617212613
23419321,244,167,77,624496113
22433161,307,213,94,595438811
24911041,273,198,75,668685147
21176401,304,210,94,558599021
24159529,270,187,83,646387469
20702641,371,253,118,544767175
20454001,339,234,105,537522345
24668641,406,286,120,661485827
23650369,393,273,120,631320913
20976649,243,167,76,552762449
20188081,289,195,94,529782129
21428089,441,318,123,565957633
21945169,264,184,80,581107535
22179649,423,307,116,587990035
22930489,312,224,88,610076447
21690169,369,254,115,573631815
23942521,264,174,90,639962985
21176761,319,209,110,558609365
23419729,261,177,84,624508215
20702809,314,209,105,544772749
22673401,202,141,61,602505897
23172601,305,199,106,617214425
22434001,429,310,119,595463099
20454169,273,187,86,537527139
24413209,363,247,116,653906831
20977009,303,207,96,552773219
20188249,336,237,99,529786335
24911329,254,173,81,668693859
23651209,361,246,115,631347217
24160249,304,214,90,646409303
22179721,299,208,91,587992051
21690481,309,218,91,573640563
24669241,325,223,102,661502861
21428401,341,239,102,565966879
20703481,365,248,117,544791883
21945961,282,202,80,581131799
21178081,324,217,107,558647145
23420569,287,175,112,624532259
22434241,264,182,82,595469825
22930681,345,249,96,610081787
24414121,349,241,108,653934569
20977321,349,230,119,552782885
23942689,243,174,69,639967635
20454361,311,224,87,537532215
22673449,326,227,99,602506785
23173081,372,243,129,617228837
24911401,270,185,85,668695665
22180321,265,195,70,588009241
23651401,301,202,99,631353055
20190241,287,198,89,529845717
21691441,287,196,91,573669009
20703601,217,138,79,544796311
21178441,351,244,107,558657643
22434409,364,250,114,595475789
24160369,339,244,95,646412477
21428689,255,172,83,565976047
24414769,271,194,77,653953091
20454529,387,261,126,537537361
21946009,360,253,107,581132963
24669481,300,206,94,661510697
20977441,252,181,71,552786203
23944321,324,217,107,640015571
23421001,284,207,77,624546155
22932121,300,201,99,610124795
20705281,314,217,97,544844017
24912241,331,216,115,668720625
21691489,277,198,79,573670143
22673569,342,246,96,602510049
22180729,346,239,107,588021187
20190529,336,235,101,529854915
21178609,290,198,92,558662419
22434889,346,252,94,595489421
23173441,360,234,126,617239505
23651569,402,280,122,631357525
20455129,255,168,87,537555253
20977849,286,207,79,552797795
24414961,321,222,99,653958575
23944489,417,270,147,640020659
20706121,292,192,100,544868959
21428929,313,208,105,565982503
21692161,246,177,69,573690021
22181161,313,220,93,588033945
24161041,303,203,100,646432673
21946369,275,202,73,581143763
23421049,314,225,89,624547289
22435081,364,240,124,595495205
21179089,343,230,113,558676057
24670969,330,223,107,661555307
22933681,223,150,73,610170971
20455681,255,168,87,537570577
24912721,248,176,72,668735043
22673809,310,204,106,602518263
20190601,325,256,69,529856829
20978161,268,178,90,552807473
23652001,312,219,93,631371061
20707369,191,131,60,544905289
23944561,293,190,103,640023575
24415609,344,245,99,653978111
21692329,354,247,107,573695151
23173609,368,245,123,617243753
21179449,278,191,87,558686473
22182001,358,239,119,588058929
21430369,288,188,100,566024755
20191441,398,281,117,529881009
20979001,345,235,110,552832181
21946681,226,154,72,581152073
23652841,300,208,92,631394363
24162289,422,270,152,646470047
20456041,316,215,101,537581113
20707681,336,232,104,544914607
22435729,338,217,121,595513661
23421169,339,226,113,624550289
24671161,229,163,66,661560719
21693361,386,282,104,573725007
23945041,324,224,100,640037027
22933849,273,174,99,610175213
22674121,341,235,106,602527311
24416281,352,251,101,653998929
24912889,222,148,74,668740773
21180889,362,252,110,558728695
20194129,320,225,95,529959885
22182049,378,266,112,588060309
20979961,334,242,92,552859457
23174209,290,194,96,617261927
20456209,404,281,123,537586315
20707801,333,227,106,544917763
21431209,255,192,63,566050285
23653561,241,161,80,631417287
21694009,389,264,125,573744177
23945569,337,234,103,640053155
21947521,289,205,84,581177357
24416401,299,198,101,654001869
20194729,266,184,82,529977003
22436521,387,260,127,595537067
24163441,172,118,54,646504015
20980681,329,235,94,552880745
22182169,285,187,98,588064257
23422681,330,208,122,624595037
21181729,337,243,94,558753787
22675249,282,193,89,602560339
22934641,265,182,83,610198931
24672481,369,253,116,661599725
20456809,369,242,127,537603961
20707849,350,242,108,544919629
24913081,424,283,141,668745903
21694201,229,162,67,573750801
23653849,430,324,106,631425381
23174761,252,173,79,617278575
23945881,344,247,97,640062269
21432601,291,202,89,566091391
20194969,264,186,78,529984077
20981041,254,182,72,552891479
24417121,271,185,86,654024171
21181801,302,204,98,558755797
22183729,270,172,98,588110469
21948529,314,211,103,581206877
20457049,435,306,129,537611047
20708209,316,217,99,544930219
22437409,273,182,91,595562879
24163561,366,249,117,646507381
21696361,321,220,101,573813225
23423689,297,203,94,624625067
24913249,298,198,100,668750403
22675489,330,227,103,602567149
22934689,371,256,115,610200317
23654569,230,157,73,631446165
24672601,359,249,110,661603427
23946889,362,265,97,640092557
20981641,313,221,92,552908873
21182449,304,208,96,558774709
20459209,215,140,75,537674311
22184401,339,238,101,588130657
20708881,345,240,105,544949125
20195401,286,204,82,529996365
23175049,345,254,91,617286615
21433129,279,208,71,566105689
24417409,327,216,111,654032085
21696529,372,262,110,573818709
21948721,238,163,75,581212571
22438081,311,215,96,595583291
20982889,338,216,122,552945237
22675801,307,205,102,602576491
24914569,259,175,84,668789439
24673009,287,191,96,661615973
21183121,283,188,95,558795769
23655409,371,263,108,631470567
20460241,325,221,104,537704029
20709721,267,186,81,544974211
24163729,403,291,112,646512529
23947009,337,234,103,640095545
23424361,291,182,109,624645149
22935481,389,263,126,610222967
22184521,272,201,71,588133693
20196409,292,197,95,530024887
21696721,326,231,95,573824013
21433441,395,273,122,566114665
23175121,363,268,95,617288715
20983561,281,195,86,552964353
22438441,270,180,90,595594139
21183961,302,228,74,558819037
24417649,317,220,97,654039153
24915409,288,205,83,668815317
21949489,259,189,70,581234505
24673321,380,258,122,661625201
20711329,335,245,90,545020807
23948689,324,226,98,640145939
22185529,338,231,107,588161695
20460721,293,198,95,537718375
23655769,332,239,93,631480767
22676089,506,380,126,602584639
21697201,239,166,73,573838343
20984209,242,156,86,552984165
22935721,284,215,69,610230965
23424529,368,256,112,624649793
24164281,311,211,100,646530067
22438609,278,193,85,595598339
20197249,333,242,91,530049535
20711401,350,246,104,545023057
21433561,362,247,115,566118145
24915769,396,266,130,668826369
24419761,282,181,101,654101259
24674161,264,180,84,661650065
23175289,282,197,85,617293563
21185641,345,229,116,558868489
22186201,374,269,105,588182071
23656081,335,235,100,631491339
23948761,287,188,99,640148567
21697369,337,245,92,573842819
21950041,239,156,83,581250447
20462521,346,234,112,537770839
20984881,345,240,105,553002537
22676809,255,161,94,602606543
22438921,410,289,121,595607501
20712841,351,239,112,545064565
20197321,270,177,93,530051677
24917089,365,245,120,668864679
22936321,327,206,121,610248719
23426089,221,163,58,624695741
22187881,290,202,88,588231951
24419809,429,297,132,654103011
24164401,308,216,92,646532653
21433609,299,202,97,566119663
20463409,296,204,92,537797263
20985001,382,273,109,553006137
23656609,384,257,127,631506273
21697561,345,232,113,573848333
23949241,337,213,124,640162325
21186169,317,216,101,558883279
23176129,296,199,97,617317191
20712889,375,240,135,545066137
24675121,246,168,78,661678577
22439281,405,273,132,595617911
21950161,271,189,82,581253779
20198809,266,180,86,530094637
22677601,273,193,80,602629619
24917209,328,232,96,668868225
23426209,278,177,101,624699287
20985049,363,242,121,553007769
24419929,351,234,117,654106485
20465041,288,193,95,537845115
22188289,331,209,122,588243993
23657089,273,185,88,631520589
22936369,255,183,72,610250237
20713681,368,250,118,545088751
21186769,385,259,126,558900967
21434401,314,201,113,566142883
23949769,333,227,106,640177859
22439761,308,197,111,595632233
24164809,385,270,115,646544917
23176609,326,209,117,617332179
21698401,279,192,87,573872639
20199481,211,140,71,530115237
20985169,376,256,120,553011615
21950209,341,251,90,581254877
23427049,306,216,90,624724001
24917281,258,168,90,668870157
24675289,443,314,129,661683143
24420601,273,194,79,654126485
20714521,287,192,95,545113639
22677769,297,213,84,602634143
20465209,355,243,112,537849693
21188329,369,260,109,558946993
22439929,330,236,94,595636583
23178121,293,193,100,617376657
22188769,330,219,111,588257721
23657449,339,231,108,631531683
20199769,396,281,115,530123541
20985409,240,164,76,553018707
22936729,290,201,89,610260233
21434449,307,203,104,566143885
21699409,361,250,111,573902513
23950249,390,295,95,640192379
24165121,293,199,94,646554631
23428609,307,200,107,624770129
24421321,241,182,59,654148055
21951409,307,212,95,581290487
22678321,354,231,123,602650445
24917881,265,187,78,668888259
21188449,392,286,106,558950395
20714569,372,259,113,545114935
22440049,238,161,77,595640459
20465281,184,129,55,537852015
20200441,290,209,81,530142921
22189129,309,215,94,588268419
24675841,285,188,97,661700543
20985889,241,166,75,553033185
23428969,372,254,118,624780599
23951041,318,218,100,640215449
23178409,349,252,97,617384907
24421489,255,185,70,654152789
21435409,284,185,99,566172013
23658601,284,189,95,631565533
22937041,284,189,95,610270643
20714689,335,231,104,545117911
21189529,329,232,97,558981607
22678441,281,186,95,602653439
21700561,274,188,86,573936767
20200681,339,220,119,530149991
21952921,323,214,109,581334477
22189729,256,181,75,588285729
24917929,224,160,64,668889429
22441729,375,265,110,595690409
24165241,270,169,101,646558161
20465449,206,136,70,537856143
24675961,402,261,141,661703705
23430409,563,402,161,624822671
23951089,531,359,172,640216787
21190801,291,199,92,559018367
24421681,347,245,102,654158651
20986249,400,282,118,553042605
23658769,322,216,106,631569787
20714761,315,208,107,545120179
20201329,238,162,76,530168915
21435481,348,251,97,566174461
21701089,249,178,71,573951609
22190401,238,166,72,588305631
23178481,306,208,98,617387787
22678489,269,184,85,602654993
22937329,294,193,101,610278443
21954241,238,165,73,581374599
22442281,216,151,65,595706243
23431801,397,265,132,624865343
20465761,308,222,86,537865063
23951281,309,196,113,640222869
21191041,246,171,75,559025699
24165481,347,229,118,646565271
24918961,245,168,77,668920217
20715241,346,240,106,545135389
24676681,253,168,85,661725555
23659609,367,243,124,631594081
24422689,251,177,74,654188495
21701689,253,166,87,573970185
22190449,303,219,84,588306591
20201449,302,195,107,530172809
20986561,269,192,77,553052367
21435961,278,180,98,566189821
23432329,342,250,92,624880349
23951881,340,243,97,640240257
23179081,308,218,90,617405997
20716369,308,205,103,545168707
22678681,295,198,97,602660435
22937401,275,181,94,610280519
20466601,344,237,107,537890057
24919441,408,280,128,668934143
21192481,331,224,107,559067753
23659729,301,210,91,631598209
21702361,309,218,91,573989583
21954601,396,262,134,581384637
22190569,350,244,106,588310071
24423001,273,183,90,654198251
22443121,311,203,108,595731683
24676849,376,265,111,661730151
24166249,417,273,144,646587897
20201689,382,268,114,530179517
20986681,271,194,77,553056159
20716609,249,172,77,545175883
23952769,227,164,63,640266267
23433169,296,201,95,624904721
21436969,266,186,80,566217849
21702529,373,272,101,573994107
22191649,376,251,125,588342059
23660281,333,226,107,631615321
21192529,366,254,112,559069043
20466889,250,164,86,537898361
24423121,347,236,111,654201713
23179129,335,224,111,617407407
22679281,221,162,59,602679299
22937569,297,204,93,610285193
24919969,355,249,106,668949953
20202361,258,185,73,530198747
21955441,283,208,75,581409177
22443241,452,315,137,595734635
24677041,334,224,110,661735401
20716921,292,204,88,545184475
21703081,302,199,103,574010565
23952961,366,262,104,640271139
23433649,335,219,116,624919505
20986729,267,167,100,553057209
22192081,311,212,99,588355091
24166489,310,208,102,646594551
21192889,284,198,86,559079879
24423961,319,226,93,654226177
21437161,314,202,112,566224017
20466961,297,210,87,537900185
20202841,287,197,90,530213009
20717041,331,224,107,545187493
23660401,365,250,115,631618387
22679689,385,264,121,602689997
24920809,289,194,95,668975971
21956041,368,246,122,581427273
24678361,325,232,93,661773873
23179489,404,271,133,617418387
22938001,256,168,88,610298009
21703609,218,148,70,574025661
21193201,316,207,109,559089281
20986921,345,215,130,553062783
22443409,333,228,105,595740299
23434009,311,204,107,624929533
23953441,305,227,78,640286103
24424201,313,213,100,654232927
22192321,302,217,85,588361409
20717209,322,236,86,545192149
20202961,300,212,88,530215997
24166801,269,160,109,646603647
21956089,355,268,87,581428671
20467129,362,250,112,537904625
21437329,304,219,85,566228763
24921409,461,320,141,668992681
21705289,347,242,105,574074861
21193321,388,292,96,559092833
20987089,353,239,114,553068441
23434681,272,184,88,624949057
23953609,271,185,86,640291035
22680121,250,181,69,602703647
23660809,333,245,88,631630729
22938841,351,251,100,610323227
23180329,373,253,120,617442585
20203129,343,247,96,530221121
20717449,229,164,65,545200525
24678481,296,210,86,661777689
24424369,441,319,122,654238213
22443649,342,250,92,595746773
22193161,213,152,61,588387257
21957049,276,181,95,581456307
20467561,241,160,81,537917265
21706441,254,168,86,574108911
24921961,286,184,102,669009213
20988769,261,179,82,553117563
21437761,224,161,63,566241461
23435329,286,198,88,624968503
24166921,309,215,94,646607853
23953729,377,259,118,640294821
20203849,303,204,99,530241665
20719441,320,228,92,545257167
21193369,364,244,120,559094033
24424681,369,266,103,654247111
22680289,366,269,97,602707859
22193329,292,198,94,588391841
23662489,442,292,150,631679329
21957289,373,234,139,581462865
20467729,320,229,91,537922209
21706561,366,261,105,574111761
23180761,384,267,117,617454615
22939249,338,249,89,610334225
22444921,366,245,121,595784477
24922801,239,174,65,669035049
24678649,346,241,105,661782291
20203969,374,264,110,530245079
23435521,271,191,80,624974179
20989609,263,199,64,553141191
20719729,245,162,83,545264751
23953801,212,144,68,640297521
21438481,254,169,85,566262751
22193641,301,212,89,588401009
21195049,351,246,105,559142925
20467969,297,209,88,537928269
21957721,341,237,104,581476191
24167329,337,230,107,646620037
21706609,337,234,103,574113177
23662801,369,262,107,631688953
24424849,327,217,110,654251671
22680529,325,234,91,602714729
20204209,355,231,124,530252069
23181001,345,242,103,617462727
20720449,330,221,109,545286453
24922921,246,163,83,669038601
23954449,328,222,106,640315593
22941361,278,189,89,610396837
20990209,251,167,84,553159695
22445089,395,273,122,595789421
20468281,251,178,73,537938013
22193761,322,222,100,588404711
23436169,256,180,76,624992305
24679201,336,239,97,661799835
21957961,269,187,82,581483703
21707281,339,252,87,574133523
21438601,385,276,109,566265895
20204641,389,263,126,530264543
21195169,363,275,88,559145931
20722129,288,194,94,545336655
23182009,514,368,146,617492619
20990929,301,203,98,553179159
24167929,342,210,132,646637311
24424969,249,160,89,654255583
24923161,330,242,88,669045153
20468449,221,152,69,537943047
23662921,282,200,82,631692283
22680841,290,185,105,602724821
23954641,365,261,104,640321203
22445161,351,258,93,595791509
21707401,256,173,83,574137915
22941409,258,194,64,610398199
20205481,354,235,119,530288591
21958609,277,188,89,581502919
22193929,310,200,110,588409091
20991049,322,202,120,553183143
21195409,212,139,73,559152999
23436841,328,232,96,625012987
21439441,394,267,127,566290411
23183449,295,203,92,617534445
20722921,381,264,117,545359233
24679321,434,324,110,661802595
24425041,306,220,86,654257437
24923641,288,210,78,669059085
23954809,426,304,122,640327269
20469481,384,273,111,537971913
20205529,229,159,70,530290277
22445641,400,281,119,595805243
21708121,326,242,84,574158399
24168601,356,246,110,646657037
22681849,319,224,95,602754437
21958969,295,209,86,581512987
23663089,320,214,106,631698793
20722969,349,231,118,545360397
21195841,291,200,91,559165275
22941601,279,177,102,610403929
23184169,314,216,98,617555403
20991121,522,359,163,553185039
22194001,322,233,89,588411491
24923761,267,182,85,669062925
20206369,288,208,80,530314961
21439489,311,200,111,566291605
22445809,288,197,91,595809995
23955961,385,263,122,640361469
21708289,286,202,84,574162851
23437369,374,271,103,625029475
24425689,314,221,93,654275989
24679561,247,161,86,661810581
21959449,334,245,89,581526931
20724001,184,123,61,545390033
20469961,267,182,85,537986481
23184361,277,191,86,617561511
24168649,338,217,121,646658273
22681969,332,230,102,602758061
21196009,381,236,145,559170267
20207329,269,185,84,530343263
24924001,314,225,89,669069669
23663329,363,233,130,631705825
22446649,169,107,62,595834565
21709921,219,158,61,574210719
23956249,276,186,90,640370439
20991601,247,173,74,553200291
22941769,441,303,138,610408381
20724169,296,199,97,545395259
22195321,329,233,96,588449573
21960649,398,255,143,581562163
21440449,319,209,110,566319439
23438209,383,287,96,625053631
20208049,320,210,110,530363837
21196081,270,170,100,559172217
24426361,265,168,97,654297295
23184961,366,262,104,617579277
20470249,352,248,104,537995259
24680329,302,208,94,661832499
21710329,245,157,88,574221585
22447681,312,211,101,595864547
24925441,329,242,87,669113757
20724601,322,235,87,545408273
23663641,279,174,105,631715365
21961129,237,159,78,581576101
22682041,412,272,140,602759813
20991721,321,216,105,553203249
24168769,266,192,74,646662797
20208241,295,210,85,530369513
22942081,327,225,102,610417447
23956489,309,225,84,640377183
21441001,356,234,122,566335273
23185849,285,204,81,617604855
22196521,368,269,99,588485705
21710809,305,210,95,574236837
24681409,311,202,109,661864819
24427489,228,151,77,654330967
22449841,304,205,99,595928779
20724841,303,206,97,545414657
20470321,246,163,83,537997521
21196561,282,185,97,559187847
23438521,250,172,78,625063177
21961249,351,239,112,581579623
20209081,286,179,107,530394059
23664001,292,184,108,631725661
24168841,290,202,88,646664909
20991769,352,238,114,553204791
24925489,304,188,116,669114699
22682689,348,237,111,602778755
23186209,340,241,99,617616087
24681889,337,225,112,661878781
23957929,318,230,88,640418405
24427729,345,222,123,654337573
20725009,414,286,128,545419385
21441169,305,210,95,566340217
22942369,350,252,98,610425541
22449961,227,145,82,595932139
21961801,265,169,96,581596033
22197169,336,229,107,588503987
21710929,379,280,99,574241421
20470969,308,227,81,538016589
20209561,285,206,79,530408507
20991961,291,192,99,553211187
23438689,316,207,109,625067713
21197089,216,147,69,559202311
23664649,387,277,110,631744273
23186641,253,177,76,617628813
20725489,334,240,94,545434103
24169009,386,289,97,646669547
24682081,315,218,97,661884655
21962329,310,224,86,581610517
22450849,341,239,102,595958029
22683361,314,220,94,602798633
21711769,274,188,86,574265409
20209681,375,261,114,530411747
21441289,323,213,110,566343157
24925609,282,201,81,669118731
23958481,359,244,115,640435875
24428161,342,246,96,654350737
20992129,283,198,85,553215015
23439049,339,222,117,625078357
22943449,323,227,96,610458085
22197289,258,171,87,588507779
20471089,345,256,89,538019451
23187361,317,211,106,617649929
21197569,353,244,109,559216675
20726521,229,149,80,545463239
24169681,343,238,105,646688981
20210401,196,141,55,530432675
24682561,333,236,97,661899065
21962761,388,280,108,581623495
22450969,263,177,86,595961497
23666449,260,170,90,631796843
21711841,326,225,101,574267365
23439529,367,245,122,625092421
20992969,406,267,139,553239153
22683649,324,209,115,602807057
23959009,321,207,114,640450835
24926329,335,242,93,669139425
21442009,347,231,116,566366239
24428329,272,186,86,654356869
23188201,374,254,120,617675251
20210689,300,207,93,530442017
20471161,260,182,78,538022379
22943881,282,190,92,610472705
22197361,336,230,106,588509837
24170161,359,254,105,646703189
21198241,241,168,73,559235731
22451041,278,183,95,595963609
24682921,369,221,148,661909475
20727361,327,230,97,545489105
21963001,271,193,78,581630359
20993281,194,138,56,553248855
21712681,302,198,104,574290885
22683889,401,276,125,602813693
23666689,432,322,110,631803827
20210929,377,262,115,530447969
24429001,306,201,105,654375505
23188729,309,211,98,617690929
23959849,282,189,93,640475723
21443809,360,242,118,566418715
23439649,246,180,66,625096069
21198409,403,281,122,559240531
24171361,308,205,103,646739345
21963481,285,193,92,581644939
24927121,333,217,116,669163257
20471809,321,224,97,538040799
20727529,320,227,93,545494043
24683401,293,194,99,661923779
20994241,295,200,95,553276239
22198009,285,191,94,588529697
22944121,277,204,73,610479121
20211241,307,199,108,530457137
22452049,217,137,80,595994719
22684201,302,192,110,602823041
23189041,277,185,92,617701105
24429721,314,207,107,654396841
21198769,271,191,80,559250413
21712849,439,299,140,574295823
24172801,262,165,97,646782833
20728009,309,212,97,545508503
23667361,247,169,78,631823419
21443881,309,216,93,566421025
20995129,243,164,79,553301987
21963649,416,291,125,581649397
24683521,294,207,87,661927319
23960161,218,144,74,640484567
20472169,236,159,77,538051653
23440321,330,228,102,625116541
20213761,313,218,95,530529881
22452361,264,182,82,596003509
22684369,442,299,143,602827553
24927169,359,244,115,669164535
22198129,391,269,122,588533405
21199081,292,202,90,559261177
24431401,333,240,93,654446817
22944721,359,262,97,610496005
20728969,240,162,78,545535857
23189161,278,189,89,617703547
24173209,325,232,93,646793513
21713161,303,204,99,574305501
20214289,357,248,109,530545041
23960281,339,228,111,640487465
24683569,297,205,92,661928663
20995489,344,235,109,553311883
21444481,273,166,107,566438551
22452481,360,260,100,596006971
22684561,208,136,72,602833687
21963769,353,269,84,581653075
20472769,331,222,109,538069191
23668681,254,164,90,631863127
21199201,274,194,80,559264627
20729041,369,264,105,545537831
22945129,313,188,125,610508443
23440369,370,255,115,625117957
24431521,329,209,120,654450015
22198801,297,208,89,588553025
20214721,314,216,98,530558487
24173689,374,261,113,646808387
24927289,272,189,83,669168765
23189401,264,177,87,617711347
23961121,347,242,105,640513013
22454329,376,264,112,596061031
24683689,334,219,115,661931891
20997649,332,231,101,553375249
21713281,300,218,82,574309017
20730481,280,197,83,545580305
22685041,246,179,67,602848129
21444649,297,213,84,566443501
22946449,288,200,88,610546861
20472841,246,161,85,538071909
21964321,246,170,76,581669803
24431761,322,222,100,654457743
21199249,356,244,112,559265515
20215561,294,213,81,530582949
23668969,262,192,70,631871071
24174529,293,196,97,646833569
23440489,320,214,106,625121833
20997841,387,274,113,553380727
22201561,279,209,70,588633471
22455001,378,254,124,596080303
20730529,278,194,84,545581529
24684241,374,245,129,661948355
23961841,310,225,85,640534925
21444721,267,177,90,566446033
22946641,329,219,110,610552543
24927841,350,238,112,669184389
20216569,325,229,96,530612577
23190841,262,193,69,617752375
21713521,242,162,80,574316025
22685881,357,249,108,602872039
24432361,397,268,129,654475197
21965521,299,208,91,581704151
20473009,392,273,119,538075935
24174649,274,183,91,646837751
21199369,226,158,68,559268875
20998489,363,253,110,553400179
20732161,309,206,103,545628989
24684409,313,204,109,661953413
23669689,429,292,137,631892935
21445201,306,216,90,566460097
22946809,429,300,129,610556761
20216641,240,162,78,530614905
23962009,305,188,117,640539821
23441401,273,182,91,625148977
22202209,292,198,94,588651855
22455409,332,242,90,596093203
22686049,258,179,79,602877013
24928201,259,162,97,669194445
23191249,258,174,84,617763979
24432769,301,199,102,654486687
20732329,368,279,89,545634299
24174721,311,199,112,646839803
21714529,353,256,97,574345747
20474161,314,209,105,538109667
21966289,359,256,103,581727095
21446329,268,189,79,566492431
21199441,382,256,126,559270651
22947241,248,156,92,610569847
20217289,254,168,86,530632617
23963041,336,239,97,640570397
24684529,237,156,81,661956479
22686841,219,145,74,602901055
20733841,386,278,108,545677769
23191681,408,288,120,617776815
23669809,316,229,87,631896583
24433609,317,214,103,654512829
24929689,241,166,75,669240069
22202569,215,141,74,588662925
22455721,289,202,87,596102551
24174889,360,241,119,646844339
23442241,292,207,85,625172713
21446881,218,147,71,566508583
20217409,289,201,88,530636085
20474449,414,309,105,538118211
21714961,295,202,93,574358473
22947481,465,327,138,610576999
23963881,410,291,119,640594331
21966961,291,206,85,581746313
22687681,202,141,61,602925437
21199921,247,170,77,559285591
24684601,378,255,123,661958279
23192089,445,307,138,617789421
20734081,385,267,118,545684717
24434041,310,211,99,654525159
24175321,278,179,99,646856921
24931369,348,241,107,669289059
21447241,269,177,92,566518279
20218129,310,226,84,530657487
20475001,373,258,115,538134207
23669881,261,177,84,631898647
22456009,350,254,96,596109841
22948129,258,178,80,610595497
22204009,229,164,65,588706007
23442721,246,163,83,625187551
23964361,275,194,81,640610297
22688521,359,238,121,602950265
21716809,283,184,99,574412613
24685081,367,252,115,661974569
21200041,337,220,117,559288525
21967129,354,246,108,581751263
21448561,323,228,95,566557645
20218969,206,132,74,530682465
24434281,304,210,94,654533079
24176041,342,243,99,646878737
20734921,265,175,90,545709161
24932209,207,136,71,669314733
20475121,486,354,132,538136973
23193529,426,304,122,617832345
22456249,544,376,168,596116735
22948489,240,141,99,610606741
23964481,284,210,74,640613753
22204081,226,152,74,588707669
23670721,384,264,120,631923049
21200209,321,213,108,559293487
20219809,225,153,72,530706801
21449761,385,258,127,566593597
20735521,230,155,75,545726309
23442841,395,269,126,625190773
24685201,346,248,98,661977785
24176161,278,190,88,646882355
24434881,273,184,89,654550269
22689361,273,192,81,602974499
21716881,281,193,88,574415163
21967801,390,261,129,581771953
22456849,336,251,85,596134405
24932329,369,259,110,669317787
20475289,401,267,134,538141611
22948921,341,239,102,610620133
23964649,275,203,72,640618541
23193601,322,228,94,617834601
20220601,244,164,80,530729451
20735569,317,230,87,545727875
21450241,314,218,96,566606473
23442889,379,264,115,625191925
24435769,429,332,97,654576351
22204249,274,198,76,588712151
21200281,304,212,92,559295371
24685249,327,229,98,661979177
24177409,210,123,87,646919105
23672329,336,216,120,631970713
22457521,340,242,98,596154615
22949089,358,250,108,610624801
21717649,309,200,109,574437723
21968209,297,191,106,581783467
24933241,307,215,92,669345045
22689409,339,253,86,602975861
20221009,232,155,77,530740581
23965321,392,249,143,640638545
20476201,448,312,136,538168575
20737081,225,159,66,545772441
21451081,222,137,85,566631061
23443249,304,208,96,625202659
23194921,321,198,123,617873699
24686281,294,192,102,662010363
24177889,292,185,107,646932395
22457569,276,187,89,596155689
22950001,376,269,107,610651411
21200761,314,219,95,559309783
22204681,381,276,105,588725279
20738209,441,321,120,545804109
24933409,385,278,107,669350493
24436729,392,286,106,654605001
20476801,270,184,86,538186803
20221441,287,193,94,530753325
23672401,226,167,59,631972705
21451201,350,251,99,566634361
23967169,353,243,110,640692479
21718201,300,196,104,574453269
21970369,325,231,94,581846827
22691089,282,180,102,603026253
23443921,308,211,97,625222045
22457689,315,227,88,596159115
24178249,361,258,103,646942787
24686449,379,270,109,662014959
22950601,436,323,113,610669417
20477641,368,255,113,538209915
20738281,210,141,69,545806407
20221489,313,216,97,530754471
23195209,286,205,81,617881949
24934681,354,245,109,669388107
21451369,323,208,115,566639293
21201121,331,231,100,559319521
23672569,432,304,128,631977469
24438961,244,172,72,654672207
22204849,314,241,73,588729737
23967241,316,218,98,640695107
23444089,392,253,139,625227019
21718369,291,190,101,574458507
22951009,241,173,68,610680715
21971161,230,155,75,581870191
20477881,277,192,85,538217955
20739049,258,179,79,545829309
22691281,422,296,126,603031593
20221849,297,208,89,530765493
22457761,305,217,88,596161239
21201289,356,251,105,559325149
21451609,300,212,88,566646745
24179569,360,262,98,646981795
24686929,292,192,100,662029107
24934729,293,193,100,669389913
23673241,255,185,70,631998295
24439969,288,178,110,654700683
23967409,365,265,100,640700453
23195281,336,240,96,617884211
22951321,304,213,91,610690039
20478481,248,169,79,538234917
20739601,221,150,71,545844627
22205929,300,201,99,588761501
20222161,262,176,86,530774001
23444929,270,183,87,625252051
22459249,296,206,90,596205049
21719041,294,195,99,574478115
21452209,345,240,105,566663797
21201721,333,234,99,559337845
21971329,254,173,81,581874973
22692889,362,242,120,603078897
24935089,289,198,91,669401199
23674681,308,202,106,632040565
23968849,261,176,85,640742015
24440161,235,160,75,654706599
24180361,259,170,89,647006487
22951609,450,317,133,610698865
20222329,287,192,95,530779611
20739769,324,214,110,545849205
24687721,399,267,132,662051757
22460929,282,186,96,596254261
20478889,350,247,103,538246401
21201889,222,156,66,559342777
23446081,238,169,69,625285507
21453769,295,196,99,566710099
23195449,309,217,92,617888615
22693969,256,182,74,603110755
22206529,334,241,93,588778829
21719209,299,204,95,574482297
23969761,284,194,90,640770089
21971881,340,219,121,581891269
23674921,212,139,73,632047627
22951681,209,140,69,610701415
20222689,363,250,113,530789913
20740441,326,221,105,545869131
24441481,293,195,98,654746337
24181081,276,186,90,647026905
22462801,307,200,107,596310043
21453889,279,205,74,566713117
24935689,282,174,108,669418023
21202561,258,176,82,559362421
22694281,335,230,105,603120469
20479369,182,107,75,538260789
24687889,397,263,134,662057523
20740729,292,184,108,545877831
22952161,223,168,55,610715839
23446201,195,130,65,625289125
20223169,335,224,111,530803323
23971201,256,180,76,640812721
23196601,288,191,97,617922899
22206601,330,216,114,588781367
24442009,331,223,108,654761607
21453961,260,167,93,566715049
21719881,282,198,84,574503207
23675401,326,225,101,632062165
24181249,279,187,92,647031555
22463281,244,167,77,596324575
21972241,278,176,102,581902009
21202609,320,227,93,559363591
22694641,398,273,125,603130801
20741401,305,208,97,545897829
20223361,283,199,84,530808909
22953289,389,278,111,610747665
23972089,273,176,97,640838473
24935929,332,229,103,669425597
20479489,429,290,139,538263795
24442489,375,254,121,654775623
21454441,281,182,99,566729317
22463401,266,186,80,596327965
23675689,387,264,123,632070751
21204121,325,217,108,559407711
24181369,375,270,105,647035689
24688441,408,285,123,662073903
23196769,380,250,130,617926973
23446369,429,310,119,625294075
22208281,298,208,90,588829673
21720241,258,177,81,574513395
20741569,360,237,123,545902473
22694809,420,298,122,603136387
21973681,265,180,85,581943925
20224129,365,249,116,530831523
22953841,188,120,68,610764597
23972761,365,241,124,640859461
24443281,253,160,93,654798899
21204241,301,212,89,559411185
20480041,225,144,81,538280895
23676241,291,203,88,632086345
21454729,304,202,102,566737669
24936361,340,216,124,669437543
20742649,363,256,107,545934495
23196961,301,219,82,617933471
24182761,279,186,93,647077617
22695241,333,221,112,603148729
20224801,217,129,88,530851765
22463569,378,275,103,596332669
22954681,299,207,92,610788741
22208449,327,212,115,588835955
23973601,323,215,108,640882957
23446441,358,242,116,625296133
21720409,370,249,121,574517847
24688561,283,197,86,662077743
21973729,348,248,100,581945311
24443521,318,220,98,654805943
20742961,343,225,118,545943561
21205801,287,203,84,559457859
23677609,405,286,119,632128027
24936601,268,181,87,669445037
23197441,252,168,84,617946581
20480209,389,272,117,538285437
22696129,258,170,88,603175089
24182881,339,254,85,647080935
22955209,286,209,77,610804701
21454801,299,204,95,566739769
20225041,290,205,85,530858455
23973721,341,229,112,640886035
20743081,259,185,74,545947251
22464121,264,170,94,596348671
21207649,287,198,89,559511613
22209049,353,270,83,588853403
24444001,324,225,99,654820385
21721081,371,238,133,574537881
23446609,289,191,98,625302091
21973849,362,252,110,581948455
23677921,249,163,86,632137039
22696489,342,237,105,603185517
20225521,263,177,86,530872495
24688969,377,256,121,662089773
24937201,274,186,88,669462905
22955521,234,170,64,610813893
24183121,352,245,107,647087565
20480329,244,166,78,538289151
23197609,369,246,123,617951243
23973769,298,191,107,640887427
21455281,249,174,75,566754415
20744089,362,248,114,545976183
22464961,313,229,84,596373283
21207841,350,227,123,559517145
24445009,352,249,103,654850357
20225641,447,327,120,530875855
22696801,263,186,77,603194445
22955689,308,205,103,610818811
23678089,308,204,104,632141823
24937369,334,230,104,669467843
22209601,406,269,137,588868805
21722689,354,226,128,574584747
24183889,338,239,99,647110047
23974729,258,179,79,640916191
23447761,265,177,88,625335827
21975361,341,226,115,581993491
21455809,323,229,94,566769327
20480569,374,244,130,538296735
24689809,321,246,75,662114415
21208441,329,227,102,559534149
22465081,308,206,102,596377579
23198641,293,206,87,617982911
20226529,307,211,96,530901403
20744809,348,246,102,545998005
22696969,238,164,74,603199533
24446881,641,442,199,654905791
22956889,289,201,88,610853983
23678449,290,201,89,632152131
24937921,397,289,108,669484181
24184129,507,354,153,647116719
23974801,444,307,137,640917811
21456289,281,199,82,566783739
22209961,273,175,98,588879647
21722929,368,251,117,574591761
21209161,338,222,116,559555353
20226649,183,114,69,530905225
21975529,295,195,100,581997949
24690649,261,179,82,662139975
22697809,278,183,95,603224001
23448289,355,248,107,625350809
20483401,319,222,97,538378845
22957201,274,182,92,610862791
24447361,286,189,97,654920131
22465249,289,197,92,596382709
20744929,255,168,87,546001377
23679289,326,223,103,632176641
23199289,347,240,107,618001067
24939049,325,220,105,669517565
24184441,218,171,47,647126697
23974969,394,298,96,640922671
21456481,369,254,115,566789151
20226721,270,175,95,530906785
21210529,364,246,118,559595355
22697929,370,263,107,603227187
21723409,300,211,89,574605681
22210129,435,304,131,588884579
24693169,332,229,103,662213669
22957369,402,275,127,610867723
24447529,252,170,82,654925471
20483569,298,199,99,538383771
21975601,304,206,98,582000553
23679769,362,240,122,632190273
23448721,319,215,104,625363835
21458089,229,149,80,566836851
23975569,302,225,77,640941661
24184729,343,232,111,647135241
20745649,282,201,81,546021471
23199409,341,221,120,618005207
20227489,341,239,102,530929273
22465921,211,147,64,596401839
21210841,234,171,63,559605501
24939121,316,196,120,669519767
22698601,273,184,89,603247207
22958161,317,222,95,610891309
24694441,342,224,118,662250827
24448201,328,224,104,654945193
21976081,381,253,128,582014437
21458329,425,300,125,566843271
21724081,321,227,94,574625865
23977081,318,229,89,640986097
22210729,311,219,92,588902075
23680729,445,311,134,632218941
20227561,257,170,87,530931547
20483689,272,189,83,538387035
21210961,268,198,70,559608657
23200321,233,150,83,618031565
20746441,258,168,90,546045819
23448769,282,205,77,625365605
22466089,379,266,113,596407035
22958329,280,189,91,610896163
24185641,333,227,106,647162169
21976249,200,125,75,582019579
24694849,270,198,72,662263739
20227729,340,232,108,530936191
22699009,346,239,107,603258679
23977249,266,187,79,640991005
21458929,366,264,102,566862039
24448321,296,192,104,654948607
23681401,349,236,113,632238671
24939601,279,180,99,669534149
21211009,248,171,77,559610025
20747161,386,270,116,546065553
23200921,254,159,95,618049607
21724369,309,225,84,574634379
20484241,368,239,129,538403445
22212409,369,260,109,588951689
21976441,458,314,144,582024469
22959889,374,263,111,610943125
20228041,312,212,100,530945773
24696289,317,219,98,662306583
21459169,269,196,73,566868759
23449801,374,264,110,625396655
23977321,213,148,65,640993183
20748121,245,179,66,546094323
22466161,314,209,105,596408811
24185809,394,287,107,647167221
21211369,298,204,94,559619277
24449329,303,189,114,654977905
23682409,232,160,72,632269001
23201329,361,251,110,618060863
22699681,330,218,112,603278317
21976921,325,219,106,582040441
24939721,337,231,106,669537185
20228161,267,189,78,530948929
20485369,306,214,92,538435733
21724441,353,248,105,574636287
22212649,350,241,109,588958793
20748841,207,141,66,546115473
24697201,283,173,110,662333777
23977489,330,235,95,640997227
21211849,438,317,121,559634223
21459649,332,238,94,566883213
24186289,254,168,86,647181261
24450409,346,223,123,655009777
23684929,294,193,101,632343203
22960009,319,212,107,610946659
21977929,317,215,102,582068873
23201929,348,247,101,618079465
23451121,332,218,114,625435235
22467001,361,244,117,596433783
20229721,333,244,89,530994139
20748961,217,142,75,546118605
22700329,317,214,103,603297683
21212641,326,209,117,559658061
23977801,255,174,81,641008189
24697681,384,267,117,662349221
20485441,232,169,63,538437971
21460441,295,210,85,566905737
21724609,278,181,97,574640841
22213921,298,197,101,588996509
23685769,413,277,136,632368799
24940801,347,232,115,669569347
24450841,290,199,91,655022893
24187489,332,233,99,647216581
21978049,300,216,84,582073013
20749369,264,168,96,546129915
23202169,269,173,96,618086173
20229841,329,235,94,530997145
22960681,354,246,108,610966435
21212809,406,287,119,559662567
22467649,346,219,127,596452117
23978329,278,191,87,641023897
24697801,407,283,124,662352593
21460849,276,197,79,566917977
23451289,275,183,92,625439971
21978601,284,184,100,582089121
22701169,380,262,118,603322715
20486041,260,156,104,538455491
20749681,226,152,74,546140039
24450889,301,206,95,655024027
24187921,308,207,101,647229403
21726121,283,178,105,574685481
23686609,346,234,112,632393723
23203321,331,229,102,618120511
20230849,289,205,84,531027301
22214161,303,213,90,589003241
21214321,455,305,150,559706973
23978761,313,211,102,641036611
24940969,339,228,111,669574357
22960849,365,261,104,610971001
24697969,321,211,110,662357207
21980281,301,214,87,582137693
21461329,326,228,98,566932551
20749969,340,243,97,546147491
22470001,312,210,102,596521885
23451409,352,259,93,625443763
24451249,337,230,107,655034653
23203681,251,178,73,618130825
20231401,219,149,70,531044035
24188089,246,169,77,647234641
20486449,271,183,88,538467707
21215329,278,185,93,559736181
23687161,275,190,85,632409821
22702129,308,219,89,603350855
21726721,250,170,80,574703301
23979001,333,225,108,641043391
22960921,312,200,112,610973383
21980401,195,145,50,582141655
24698209,528,350,178,662364041
22214641,353,252,101,589018025
21461521,272,173,99,566937963
20231689,331,239,92,531052357
23451481,268,192,76,625446043
24942481,232,155,77,669620875
24451681,308,218,90,655047655
23204281,269,176,93,618148063
21215401,209,141,68,559738179
20487289,273,194,79,538492043
23689681,311,223,88,632483537
22470121,323,233,90,596524885
24189481,322,231,91,647275807
22961569,385,263,122,610992553
21980449,364,247,117,582142687
23979841,291,199,92,641068153
21462361,389,250,139,566962061
24698881,295,196,99,662383325
22703521,246,165,81,603392003
20231929,321,218,103,531059197
21726889,313,218,95,574707531
21215569,285,203,82,559742883
23452321,325,217,108,625470157
22214809,308,208,100,589022669
24452089,358,241,117,655059439
20487721,269,190,79,538504925
23204329,300,201,99,618149827
21980809,276,188,88,582153793
22961689,280,207,73,610996063
23689969,326,245,81,632492831
24943249,305,215,90,669643675
24190009,286,200,86,647291389
23981329,267,196,71,641112381
20232409,447,325,122,531072417
24699481,269,184,85,662402441
22470361,309,199,110,596531707
21463009,344,235,109,566980741
23452489,376,267,109,625474471
21216001,274,177,97,559755861
21727561,365,243,122,574727989
22703641,300,202,98,603395051
23204689,357,235,122,618160711
22962361,346,225,121,611014957
21981121,280,186,94,582162331
24452401,260,174,86,655069657
20488129,323,215,108,538516157
23690041,362,256,106,632495177
22215001,267,183,84,589027637
20233249,235,144,91,531096609
24190849,275,182,93,647316649
23982841,270,172,98,641157633
24943921,304,217,87,669663385
24699889,317,214,103,662413853
23453161,343,264,79,625495355
22470529,325,218,107,596536639
21981649,469,330,139,582177697
21463201,247,175,72,566986567
23205961,251,163,88,618198325
21216241,268,184,84,559762523
20234281,301,202,99,531126663
24452569,277,204,73,655074733
20488609,309,225,84,538529681
22963441,341,225,116,611046725
23690521,344,246,98,632509205
23982961,345,249,96,641160843
21727609,364,253,111,574729621
24191281,246,175,71,647328139
22703809,399,286,113,603400757
22215169,292,210,82,589032929
24944641,361,247,114,669683773
24700369,291,195,96,662428091
23453641,250,175,75,625509407
21981961,194,129,65,582188551
21463801,296,208,88,567004237
20234881,366,256,110,531144549
20489281,330,226,104,538550921
24452689,356,239,117,655078075
23983369,301,219,82,641172681
24191329,352,241,111,647329303
21216409,207,142,65,559767023
23691529,296,202,94,632538575
22471849,238,162,76,596575865
23206129,330,243,87,618203563
22215841,414,280,134,589052465
24945169,307,210,97,669700453
21728809,276,198,78,574764439
22964041,286,198,88,611064317
24700561,401,285,116,662433299
21982249,290,210,80,582197269
21463969,353,255,98,567008959
22703881,290,185,105,603403001
23453929,234,166,68,625517357
20235121,279,193,86,531152097
20489569,267,176,91,538558505
23983849,459,325,134,641186223
23691649,340,249,91,632542139
24453241,297,201,96,655094875
24192841,389,275,114,647375263
22216009,347,254,93,589058003
21982489,276,187,89,582203245
21216841,318,207,111,559779419
21466201,248,172,76,567074299
24945649,259,149,110,669713647
22472641,187,117,70,596599833
20235769,304,200,104,531170271
23454001,261,184,77,625519373
24700729,241,165,76,662438705
23206801,305,209,96,618222967
21729289,312,217,95,574778113
22964209,372,272,100,611069267
20490121,291,203,88,538574819
22704049,259,172,87,603407819
23983969,307,212,95,641189553
23691721,360,243,117,632544317
24453529,263,182,81,655102519
22216609,330,221,109,589075535
24193201,333,230,103,647385651
21982801,245,161,84,582211969
21466729,263,175,88,567089509
20235889,304,209,95,531174579
24946609,352,240,112,669742561
23454601,293,199,94,625537877
21217249,269,187,82,559792019
20490649,294,215,79,538590013
24702169,319,215,104,662481855
22472809,430,296,134,596603949
23692489,375,247,128,632566643
23984209,392,260,132,641197053
22216849,344,218,126,589082387
24453601,316,210,106,655104583
23206969,411,274,137,618227383
21730249,333,242,91,574806391
20236441,205,136,69,531191451
21983641,291,195,96,582236461
24193681,283,211,72,647399985
22965961,304,213,91,611121185
21467161,237,150,87,567102631
22704481,397,286,111,603420323
24946849,294,201,93,669749959
23454841,316,221,95,625544561
20490961,350,234,116,538599091
24702409,327,222,105,662488503
23692561,251,167,84,632569433
23984881,385,265,120,641217383
22217281,216,142,74,589094855
20236609,337,229,108,531196413
21217561,344,245,99,559802021
21984649,320,193,127,582265825
24454369,221,141,80,655128277
21468169,377,248,129,567131557
22472881,365,263,102,596606001
24194641,277,201,76,647428431
21730321,346,237,109,574808317
23455441,326,228,98,625563383
20491489,363,262,101,538614991
23207521,320,215,105,618244213
24947521,302,198,104,669769891
22966129,334,220,114,611126231
22705321,297,215,82,603445205
20237449,321,214,107,531219729
24703561,331,241,90,662523951
23693041,264,192,72,632583779
23985721,316,222,94,641241365
21984769,275,189,86,582269251
22217329,280,196,84,589096409
21469729,400,273,127,567177349
24454609,364,246,118,655136125
21217681,259,171,88,559805855
24195049,422,300,122,647440089
20492761,284,177,107,538651549
23456449,201,141,60,625593149
20237809,339,246,93,531229781
22473049,255,184,71,596611587
23207641,376,271,105,618247669
21731089,414,275,139,574831327
24948289,365,262,103,669791899
21985009,454,317,137,582276889
23985889,349,247,102,641246453
24703681,298,221,77,662526789
22218121,350,225,125,589119151
23693881,354,233,121,632608511
21469849,355,239,116,567180865
22966969,359,232,127,611150321
22705561,275,191,84,603451955
20492929,330,230,100,538656411
24195481,416,285,131,647452419
20238409,354,264,90,531247559
21217849,241,157,84,559809881
24454921,347,220,127,655144603
22473721,484,344,140,596630067
21985609,268,187,81,582294565
23207689,355,263,92,618249061
24948529,337,233,104,669798847
22218841,309,213,96,589140295
21470521,351,240,111,567199957
23986321,311,221,90,641259839
23457121,371,274,97,625613411
24704569,347,228,119,662553111
23695249,373,243,130,632648217
20494321,200,137,63,538697757
21731161,322,225,97,574834045
22706161,198,148,50,603469319
20238649,320,225,95,531254123
24195529,365,245,120,647454129
22967401,346,268,78,611164205
21986329,289,199,90,582316615
22475329,308,231,77,596677835
21471409,256,177,79,567226789
23209561,338,231,107,618305299
22219201,374,266,108,589150291
24455209,314,232,82,655152547
21218089,306,191,115,559816503
20494849,287,200,87,538712103
24706249,328,214,114,662603181
20239321,348,238,110,531273401
24949009,372,239,133,669814237
23987209,260,180,80,641285129
23695921,340,240,100,632667543
21731929,400,283,117,574855405
23457361,281,185,96,625619729
24195649,321,230,91,647458389
22706401,354,242,112,603476309
21986449,287,206,81,582319879
22475569,329,220,109,596684579
21472081,351,241,110,567245473
22968409,343,251,92,611193887
20496121,377,277,100,538749387
23209729,327,224,103,618309691
20240089,266,179,87,531295133
24706369,409,303,106,662606349
23989081,212,154,58,641340609
22219369,336,242,94,589155241
24455281,292,209,83,655154797
21218521,239,160,79,559828941
22706569,325,220,105,603481127
23458801,283,190,93,625661915
21986521,369,258,111,582321661
21472249,289,199,90,567251137
22476001,416,291,125,596697179
24196489,329,220,109,647483397
20496961,261,175,86,538773207
23696689,312,195,117,632690715
22968481,386,255,131,611195525
24949129,316,214,102,669817915
21732169,374,257,117,574862647
23210401,390,269,121,618330355
20241769,288,201,87,531344531
23989249,358,242,116,641345607
24706609,312,198,114,662614317
22707001,240,156,84,603495063
21987169,322,218,104,582340405
21473041,305,206,99,567273811
22476049,392,245,147,596698829
23458849,331,227,104,625663361
20497129,251,166,85,538777977
22220041,322,215,107,589176001
21218929,315,237,78,559841139
22968961,263,180,83,611210213
23697241,358,216,142,632707431
24197161,432,290,142,647503107
24455881,265,184,81,655172791
23989681,292,194,98,641359341
21732481,233,159,74,574872307
24707041,357,257,100,662626629
23211169,310,214,96,618352279
21987529,217,133,84,582350293
22707241,311,218,93,603501663
20242009,289,214,75,531351917
24949201,395,271,124,669819781
21473929,290,198,92,567299689
22476169,278,190,88,596703119
20497201,286,199,87,538780431
23459641,218,151,67,625687427
22970161,326,228,98,611244071
23698201,427,309,118,632735233
21219361,261,180,81,559853493
24197209,262,181,81,647504373
22221049,308,214,94,589204771
23989729,210,152,58,641360505
21987841,329,223,106,582359221
21474121,330,235,95,567305199
24708289,299,200,99,662663037
23211889,328,217,111,618374353
20499361,281,195,86,538844145
24455929,306,204,102,655174573
22476721,246,173,73,596719271
22707889,293,191,102,603521055
21733009,212,154,58,574887631
22970809,275,184,91,611264587
23459809,355,226,129,625691639
20243161,293,202,91,531385691
24949801,483,338,145,669838093
23698921,407,279,128,632756653
21988009,327,224,103,582364273
24197881,330,230,100,647524875
21475609,235,177,58,567350079
20499481,270,201,69,538847781
23990089,327,226,101,641370717
23212009,393,279,114,618377161
22221361,315,230,85,589214617
21219529,352,233,119,559858371
22477681,355,253,102,596746271
24708889,427,302,125,662681697
22971601,363,248,115,611288071
23460049,460,344,116,625699307
20243689,259,173,86,531401021
24949849,352,239,113,669839797
21733609,313,220,93,574905463
22708681,368,257,111,603542973
24456721,313,205,108,655196707
23699041,317,212,105,632760499
21988801,263,184,79,582387217
20499529,390,286,104,538848849
22221649,380,256,124,589223413
23212081,242,161,81,618378919
24198169,382,250,132,647532585
22477729,251,171,80,596747999
21476281,303,196,107,567370131
23990401,322,229,93,641379789
24709129,331,222,109,662688027
22971841,272,180,92,611295385
21220921,314,222,92,559898817
23460889,263,176,87,625723349
20244121,274,185,89,531414053
22708729,310,206,104,603544821
21988849,322,221,101,582388495
23699209,354,248,106,632765389
24950041,207,143,64,669845743
22221889,294,197,97,589230623
23212249,305,206,99,618383923
24198841,367,241,126,647552951
22477849,232,168,64,596751473
21733681,472,338,134,574907323
22973281,254,174,80,611337955
23991769,262,193,69,641421023
24457561,321,215,106,655222279
24709561,374,271,103,662700759
20244361,310,212,98,531420245
23461489,341,241,100,625741715
21476401,321,216,105,567373245
21988969,279,182,97,582392995
22709521,279,195,84,603568461
21221449,294,212,82,559914591
24950881,305,214,91,669869411
22222561,226,148,78,589250783
23213401,369,248,121,618417935
24199081,258,183,75,647559731
22478569,225,166,59,596773223
23699449,330,227,103,632771863
22975969,283,182,101,611415869
23992201,337,227,110,641433893
24709609,351,259,92,662702163
21734329,302,195,107,574927597
20245369,226,149,77,531450203
21989521,278,194,84,582408991
23461729,307,208,99,625748063
22710601,237,163,74,603601053
22223161,222,146,76,589267601
24457969,393,252,141,655235659
24951649,341,230,111,669891905
21476449,272,185,87,567374643
23213569,276,182,94,618422711
21221929,290,213,77,559928967
22478761,411,291,120,596779301
22976521,257,162,95,611432213
24199849,305,202,103,647583653
23992609,284,193,91,641445389
23699881,359,262,97,632784685
24711241,296,207,89,662750111
21989689,283,184,99,582413581
20247049,289,205,84,531498425
22712281,256,183,73,603650985
22223329,382,286,96,589273085
21735841,281,195,86,574970963
23214601,289,194,95,618453167
24951721,261,182,79,669894107
21225121,294,208,86,560021649
22479361,312,208,104,596796589
22976689,387,272,115,611436539
23462041,320,230,90,625757831
23992921,368,264,104,641454563
24200521,315,234,81,647604235
21476809,372,258,114,567384849
20247529,278,179,99,531512627
23700121,232,153,79,632791507
21990721,294,198,96,582444085
24459121,322,222,100,655268905
24711481,233,172,61,662756915
22712761,372,257,115,603664053
22223881,299,183,116,589288445
23215201,291,209,82,618470471
21225289,275,198,77,560027643
22976881,334,240,94,611442287
24952201,307,198,109,669909257
20248321,291,206,85,531534651
23993041,354,256,98,641457611
21736849,276,190,86,574999709
24200569,300,190,110,647605435
22479409,331,223,108,596798029
21991561,316,215,101,582469573
23700289,393,276,117,632796307
24712081,332,201,131,662775323
22712881,289,191,98,603667437
23463049,254,177,77,625787069
21477289,319,230,89,567398319
22224721,311,208,103,589314023
23216041,240,156,84,618495913
21225649,331,235,96,560037615
22977049,311,202,109,611447807
20248489,361,241,120,531540315
24952561,302,219,83,669919181
24459241,289,211,78,655271767
23993089,349,235,114,641458967
21992041,307,209,98,582484139
22480441,294,197,97,596827657
22712929,368,265,103,603668661
23700769,246,166,80,632812345
24200689,373,255,118,647608585
24712489,374,247,127,662787317
21737041,413,261,152,575005673
22225081,330,222,108,589324967
21226321,233,159,74,560057895
22978321,344,255,89,611485613
20248729,326,208,118,531547245
23216761,258,177,81,618517141
21478081,218,134,84,567421819
23463169,349,248,101,625790387
21992161,290,189,101,582487283
24952729,425,287,138,669924215
23993881,322,227,95,641481833
22481761,202,137,65,596867467
22714441,357,251,106,603712865
23700889,261,180,81,632815399
24460321,274,205,69,655304275
22225561,302,211,91,589338503
21226921,285,194,91,560074995
20249161,314,219,95,531559915
24712969,365,246,119,662801159
24200929,257,182,75,647614915
22979041,314,227,87,611506607
23216881,319,208,111,618520471
21737689,385,272,113,575023841
21478489,392,274,118,567432835
21992401,316,228,88,582494717
23994121,347,241,106,641490125
24953041,268,178,90,669933995
23463241,423,313,110,625792793
22482049,384,288,96,596876671
22714561,262,183,79,603716453
21226969,204,137,67,560076843
23701609,227,162,65,632837065
22225849,333,221,112,589346321
22979881,280,204,76,611531093
24713809,410,251,159,662826485
21479761,377,275,102,567470467
24461641,275,180,95,655344307
24201361,274,214,60,647628145
21993409,220,147,73,582523337
23217049,293,205,88,618525265
21738049,359,247,112,575036069
23994601,262,190,72,641504789
22482289,384,252,132,596883079
23463409,332,213,119,625797677
24953329,368,252,116,669941651
21227929,403,283,120,560103843
22714609,290,206,84,603717569
22980241,294,204,90,611541461
22226929,332,230,102,589378835
23701801,346,241,105,632842129
21480001,203,130,73,567477607
24714169,345,256,89,662838203
21994561,257,188,69,582557189
24201769,272,177,95,647640763
23217889,383,270,113,618550255
23996641,292,190,102,641564921
23463721,303,207,96,625806761
22482601,294,193,101,596892781
21228601,288,198,90,560123877
24461809,305,226,79,655348711
21738361,318,219,99,575044667
22714729,266,182,84,603721757
24954409,380,265,115,669974279
22227409,399,271,128,589392629
22980409,334,205,129,611546495
23703649,439,298,141,632895871
21994729,276,188,88,582561611
24714601,278,188,90,662850227
21480841,341,224,117,567502657
23218441,295,198,97,618567043
23997289,359,251,108,641584385
22482961,295,204,91,596903065
23464081,250,176,74,625817693
21229489,254,185,69,560149889
24202369,267,177,90,647657995
22714969,302,205,97,603728223
22227529,394,275,119,589396007
22981081,326,229,97,611566529
24954841,344,238,106,669987827
21994849,396,293,103,582564977
21481849,396,289,107,567532579
24715321,273,197,76,662872289
21738481,404,284,120,575047949
23704081,296,206,90,632908927
23218729,336,242,94,618575737
24462001,302,202,100,655354591
23997481,280,186,94,641589563
22483609,281,183,98,596921209
23464561,402,270,132,625831513
21230329,313,198,115,560174009
22715401,282,207,75,603740913
22228249,294,195,99,589418087
22981249,359,248,111,611572385
24203041,301,213,88,647678113
21995401,288,187,101,582581147
21482281,305,222,83,567544303
24954889,403,284,119,669989129
24715441,235,168,67,662875079
23220289,288,188,100,618620185
22484569,346,222,124,596949643
23704129,252,163,89,632910145
23998081,282,186,96,641606747
23466529,314,235,79,625889743
21739321,556,376,180,575072111
22228441,296,204,92,589423349
21230689,387,267,120,560184077
22716481,405,294,111,603772713
22981561,322,216,106,611581469
21996409,317,216,101,582611121
24203089,207,140,67,647679481
21483169,400,291,109,567571277
24462601,283,186,97,655371571
24955081,251,178,73,669996011
23220481,286,200,86,618626509
24715681,298,203,95,662882969
22485289,323,236,87,596971157
23704321,333,227,106,632915839
23998129,347,236,111,641608091
23467201,293,213,80,625909855
22229041,423,300,123,589441121
21997249,332,210,122,582635661
22717081,241,158,83,603790689
22981681,341,236,105,611584967
21231841,235,166,69,560218511
24203761,338,225,113,647699071
21483361,255,189,66,567576683
21739369,348,232,116,575073461
24955681,317,211,106,670012535
23220649,248,169,79,618631123
22485481,343,226,117,596976359
24716281,340,222,118,662899625
23998801,310,203,107,641628621
23704969,402,283,119,632936043
24462649,347,237,110,655372681
23467369,323,223,100,625914283
21997441,250,156,94,582641547
22230049,409,289,120,589470917
22983361,356,241,115,611633493
22717921,262,182,80,603815479
21232369,293,208,85,560234645
21484681,211,136,75,567615173
24204049,389,269,120,647707381
23221801,220,139,81,618666571
22485649,271,186,85,596981873
24955849,322,212,110,670017497
21741001,313,210,103,575121769
23999329,339,215,124,641643243
23705161,237,168,69,632941515
21998761,290,194,96,582680415
24718201,316,222,94,662957765
23467921,317,218,99,625930525
22983769,259,188,71,611646957
22717969,262,178,84,603817387
22230289,279,192,87,589477907
21485041,411,311,100,567625123
21232681,334,234,100,560243513
23223769,408,281,127,618723499
24204289,331,223,108,647715457
24463321,294,201,93,655392701
22485961,293,205,88,596990885
24956089,290,190,100,670024493
21999121,223,159,64,582690981
23999761,362,254,108,641657229
23705329,345,241,104,632946165
23468089,323,234,89,625936369
22985881,292,193,99,611710135
22230889,440,308,132,589495019
24719521,335,240,95,662997137
22718161,276,186,90,603822847
21741241,237,164,73,575128123
21485689,260,180,80,567644815
21232969,305,209,96,560251859
23223841,284,209,75,618726037
22486969,369,256,113,597021483
24204721,269,187,82,647728351
24463609,270,183,87,655401653
21999721,293,188,105,582708465
24956521,410,301,109,670037189
23705761,281,179,102,632958567
22986049,270,190,80,611714557
23468761,298,205,93,625956175
21741409,382,257,125,575134333
22231441,266,187,79,589511751
24719809,290,198,92,663005993
21485809,215,135,80,567648913
21233689,248,176,72,560273201
22718809,298,194,104,603840721
22487161,345,235,110,597026415
23224489,316,211,105,618744319
24205561,292,192,100,647752849
21999889,350,242,108,582713133
24464281,320,207,113,655421579
22986289,424,296,128,611721271
21742009,336,228,108,575151349
24956929,530,366,164,670049165
23708281,255,162,93,633033343
22231609,230,169,61,589516299
23468881,313,230,83,625959073
21233881,362,240,122,560278331
24720049,368,248,120,663013169
21485881,299,192,107,567650635
22718929,330,223,107,603843937
22488649,323,232,91,597070317
23224609,311,215,96,618748171
24206401,272,185,87,647777597
24464329,316,225,91,655423157
21743521,405,275,130,575194987
22986961,297,213,84,611740855
22232401,226,154,72,589539309
23708329,366,271,95,633034735
24957769,269,178,91,670075721
23469289,369,240,129,625972507
21234049,363,259,104,560283011
21486649,389,266,123,567672139
24720649,362,259,103,663030167
22719481,229,153,76,603862615
22488769,293,207,86,597073341
23225329,446,290,156,618769445
21743929,229,167,62,575207179
24206449,360,274,86,647778941
22232809,356,231,125,589550685
24464521,325,219,106,655428575
22987729,352,240,112,611763505
21234361,321,206,115,560292419
23709121,389,262,127,633058385
23470729,376,247,129,626013901
24958369,354,248,106,670092077
21488209,387,273,114,567717973
24720889,302,208,94,663037465
22720441,289,204,85,603889795
22489609,423,307,116,597098079
23226001,376,261,115,618789413
21745081,327,224,103,575240815
22233121,229,155,74,589560363
24207289,347,247,100,647803439
22987801,271,177,94,611766073
21234529,274,185,89,560296901
24465289,474,352,122,655452245
23709529,307,214,93,633071063
23470801,303,200,103,626016307
21488329,326,228,98,567721633
24959881,325,223,102,670137197
22721161,215,148,67,603911515
22490329,304,202,102,597118389
24722161,310,223,87,663074977
23226289,350,253,97,618797447
21745201,222,152,70,575244157
22234081,314,215,99,589588521
21235729,264,186,78,560332877
22987969,241,160,81,611770687
24207481,266,183,83,647809097
24465361,324,218,106,655454651
21488881,460,334,126,567737809
23709841,251,165,86,633080477
23470969,239,166,73,626021893
24960049,280,186,94,670142043
22721689,233,137,96,603926107
22490449,304,226,78,597121815
24722209,319,235,84,663076501
23226529,312,211,101,618805427
21745369,321,229,92,575249023
22234129,289,204,85,589589481
21236041,226,147,79,560341631
22989289,278,190,88,611808961
21489001,203,134,69,567741691
24208321,282,207,75,647834591
24465841,273,191,82,655468103
23710201,315,213,102,633090083
23471281,308,223,85,626030539
22490521,345,235,110,597124581
22722169,397,283,114,603940813
24960289,455,328,127,670148367
21745441,280,182,98,575251159
23226961,308,228,80,618818429
24722569,226,155,71,663086851
21236161,269,194,75,560345255
22234321,291,201,90,589595445
22989961,299,205,94,611829217
21489049,320,225,95,567742909
24209329,254,171,83,647863181
23472289,267,174,93,626059705
23710681,306,212,94,633103649
24466201,381,258,123,655478945
22491361,289,189,100,597149751
22722961,335,228,107,603963529
24960601,270,196,74,670159413
21746449,331,228,103,575281183
23227129,311,214,97,618823517
21236329,313,199,114,560349599
22234489,351,234,117,589600407
24723169,246,180,66,663104479
21490009,357,237,120,567770563
22990081,316,207,109,611832391
24209761,307,202,105,647876459
23472409,351,224,127,626063599
23711041,311,217,94,633114605
24466969,298,187,111,655501457
22491961,393,263,130,597168183
22723009,287,187,100,603964831
21746761,179,142,37,575289985
21236569,301,209,92,560356967
24961129,485,353,132,670174323
23227201,316,208,108,618825095
22235329,374,251,123,589624887
21491761,240,159,81,567821779
24723241,253,168,85,663105925
22990129,431,311,120,611834179
24210169,326,227,99,647888381
23473081,274,179,95,626083801
23711881,404,274,130,633139349
22492009,337,234,103,597169695
22723369,302,200,102,603976407
24467809,291,205,86,655526807
21747289,313,219,94,575305993
21237241,323,221,102,560376059
22235929,292,200,92,589643373
23227849,264,179,85,618844181
24961441,307,212,95,670184373
21492409,326,221,105,567840481
24724561,278,190,88,663146355
22990249,301,188,113,611837365
23473129,261,170,91,626084863
22492681,330,210,120,597189675
24210649,388,272,116,647902847
23712529,185,129,56,633158639
21747721,271,187,84,575318809
22723801,313,221,92,603988809
21237409,384,260,124,560380517
24469561,297,204,93,655578491
22236481,258,178,80,589658985
23227969,319,222,97,618847343
21493441,340,220,120,567870507
24962401,275,174,101,670212019
22990921,372,262,110,611858113
24724729,362,244,118,663151347
22492849,360,238,122,597194223
23473921,200,120,80,626108707
21747769,347,240,107,575321089
21237841,253,165,88,560393921
23712649,224,149,75,633162251
22724041,342,239,103,603995757
24211609,365,250,115,647931917
24470401,316,222,94,655603969
22237441,318,205,113,589687695
21494449,350,257,93,567899385
23228521,442,308,134,618862907
24962449,465,325,140,670213423
22992169,310,234,76,611894563
24725689,370,249,121,663179673
21748561,360,243,117,575343919
21238249,338,229,109,560405909
22493209,356,255,101,597204201
23475481,287,190,97,626154153
22725361,267,178,89,604035045
23714569,356,273,83,633220439
24213121,297,212,85,647976395
22237681,308,210,98,589694343
21494881,243,172,71,567912321
24472081,355,246,109,655653641
23229049,376,264,112,618879019
22993609,269,191,78,611935885
24963121,368,252,116,670233067
21238681,260,172,88,560418983
21749809,269,173,96,575379505
24726529,318,237,81,663203319
22493641,204,151,53,597216627
23475601,372,266,106,626157021
22725721,344,233,111,604045389
23715049,377,272,105,633234467
24213169,316,206,110,647978219
21494929,222,150,72,567914085
22239001,245,164,81,589733625
24472561,302,212,90,655667615
23230321,267,179,88,618916375
22993681,336,229,107,611938249
21239689,315,182,133,560447405
24963409,362,256,106,670241491
22493881,265,177,88,597223737
24726601,279,189,90,663205527
23475769,298,215,83,626162427
22726729,314,209,105,604075095
21495049,257,186,71,567917523
23715841,308,214,94,633257423
22239361,270,174,96,589743897
24213529,381,267,114,647988215
23231161,319,222,97,618940789
24473089,297,194,103,655683917
21240529,302,210,92,560473151
22994329,412,287,125,611958193
22494481,275,190,85,597241847
24963481,240,158,82,670243513
22727041,319,218,101,604084059
23475841,318,219,99,626164497
24726769,407,285,122,663210471
21495601,291,193,98,567933303
22240201,265,178,87,589767543
23717569,330,215,115,633307971
24215641,349,251,98,648050975
23231569,303,220,83,618952837
24473569,305,204,101,655697681
21241081,308,215,93,560488139
22994449,313,219,94,611962687
22494649,309,203,106,597246005
24964129,340,234,106,670262957
21498121,376,257,119,568009245
22728001,277,178,99,604112201
23476009,365,269,96,626169327
22240681,244,167,77,589782885
24727201,405,276,129,663223683
23717689,425,295,130,633311721
24215689,298,220,78,648052241
23231881,246,176,70,618962677
21241249,225,138,87,560493047
24473689,228,148,80,655701023
22994689,253,175,78,611969461
22494889,341,218,123,597253013
21498649,429,280,149,568023093
22728169,233,156,77,604116695
24965329,326,231,95,670300045
23476441,278,169,109,626182215
22241041,333,224,109,589792773
23717929,374,240,134,633318465
24727249,313,200,113,663225873
23232409,323,218,105,618979473
21241921,299,179,120,560512805
24215881,336,223,113,648058151
22995121,326,230,96,611980915
24475081,297,204,93,655742753
22495489,295,176,119,597270857
21499081,372,256,116,568035939
22728241,361,263,98,604118669
22241209,291,181,110,589798239
23476489,289,193,96,626183313
24965641,314,218,96,670309561
23718529,385,265,120,633337071
21243049,234,168,66,560545171
24728881,331,233,98,663274197
23232721,366,252,114,618987711
24216649,339,228,111,648080159
22996009,284,199,85,612007447
22496041,356,225,131,597287537
24475369,269,178,91,655751021
21499249,402,287,115,568041045
22729921,345,237,108,604168391
22241689,348,234,114,589812153
23477161,435,291,144,626203041
24966481,174,123,51,670333423
21243721,294,218,76,560565577
23718601,310,224,86,633338757
23232841,306,207,99,618990885
24728929,278,209,69,663275451
24216889,421,303,118,648087551
22996201,420,283,137,612013411
22496161,290,211,79,597290819
21499321,414,284,130,568042851
24475609,457,337,120,655758671
22242721,300,210,90,589842051
22730089,297,199,98,604174445
23478001,286,191,95,626229207
21243769,365,252,113,560567047
23719441,294,194,100,633364889
24968161,304,208,96,670382521
23232889,299,207,92,618992853
24729769,263,180,83,663299769
24217201,327,224,103,648097259
22497049,241,161,80,597318155
21499801,313,203,110,568057317
22997641,346,223,123,612055453
22242889,266,174,92,589847109
24475921,287,223,64,655767593
22730569,352,249,103,604188083
21244609,270,188,82,560591665
23478121,360,236,124,626232147
23720209,285,207,78,633386441
24968329,304,208,96,670387687
23233081,263,175,88,618998523
24730561,275,194,81,663322947
21499969,273,197,76,568062483
22497169,302,210,92,597321539
22998361,251,173,78,612077421
24217489,319,222,97,648105359
22243201,388,261,127,589855713
21244969,228,153,75,560601853
22732249,288,194,94,604237799
24476929,385,258,127,655796831
23479969,405,289,116,626285995
23720761,284,190,94,633403079
23233681,266,178,88,619015185
24969121,300,208,92,670411171
22497721,267,183,84,597336725
24731401,322,233,89,663348789
22999369,292,182,110,612106815
24217561,183,132,51,648107051
22243321,253,185,68,589859841
21245281,388,276,112,560610763
22732609,337,234,103,604247645
24477049,268,193,75,655800953
23480521,204,134,70,626301841
23721721,286,192,94,633430973
23233729,288,189,99,619016985
24969169,284,190,94,670412833
22498009,369,255,114,597345605
24732289,333,217,116,663374703
22243489,246,159,87,589864539
21246409,277,209,68,560643859
24218209,265,191,74,648126695
22733041,256,184,72,604260809
23481361,312,207,105,626328523
24477601,282,183,99,655817279
23721889,245,169,76,633436793
23234089,384,261,123,619027875
22499089,404,274,130,597377115
24969289,318,235,83,670416127
21247081,332,238,94,560663833
22244401,321,217,104,589891781
24733129,330,226,104,663400071
22733761,257,182,75,604282421
24218401,371,261,110,648132113
23481649,238,155,83,626336791
24477961,299,209,90,655828373
23234401,250,160,90,619037769
23722129,350,241,109,633443615
22499569,276,191,85,597391953
21247249,226,166,60,560668669
22245049,335,230,105,589911067
24969961,271,175,96,670436493
22733929,258,175,83,604287495
24733321,425,293,132,663405789
24218569,304,221,83,648137765
23481721,320,205,115,626338549
24478801,320,211,109,655853459
23234689,248,162,86,619045431
23722801,291,204,87,633463095
21247321,314,219,95,560670661
22499689,255,181,74,597395229
22245721,370,265,105,589931575
24970969,270,181,89,670466049
22734121,243,162,81,604293297
24734089,338,233,105,663428727
24219409,303,215,88,648162305
23482201,302,209,93,626352967
23235241,433,282,151,619062111
24479281,306,220,86,655867781
21248641,316,230,86,560709721
22499761,377,263,114,597397659
23723569,292,198,94,633485205
22245841,329,215,114,589934947
22734769,362,252,110,604311363
24971209,414,273,141,670473981
24219841,344,265,79,648175325
24734641,272,191,81,663445131
23482369,309,204,105,626357323
21249841,355,251,104,560745395
23235361,320,220,100,619065345
24479641,325,213,112,655878011
23723809,447,329,118,633493125
22245889,269,184,85,589936639
22734889,266,198,68,604315101
24971641,383,280,103,670487277
24220561,237,157,80,648197189
24734929,381,262,119,663453273
23483209,265,190,75,626381119
23235769,329,235,94,619078305
22246849,235,167,68,589964215
23724121,294,185,109,633502833
24480121,297,207,90,655892243
22735129,390,274,116,604323165
24972361,425,285,140,670508145
23483329,241,162,79,626384431
24221089,342,233,109,648211965
24737161,256,167,89,663520323
23236201,279,190,89,619090845
22247521,331,232,99,589983817
23724409,297,197,100,633511041
24480409,300,216,84,655901699
22735969,305,203,102,604347693
24972481,216,150,66,670512159
23483569,385,257,128,626394439
24221929,263,171,92,648236751
23236249,288,195,93,619091889
24737521,361,249,112,663530403
22248409,230,157,73,590009785
23725321,274,185,89,633538329
22736641,300,210,90,604367085
24480961,337,232,105,655916951
23484049,310,206,104,626408189
24972721,353,247,106,670518735
24222241,313,217,96,648246267
23237041,287,206,81,619114959
22249081,307,185,122,590029309
24737689,472,326,146,663535653
23725969,295,209,86,633557241
22737289,312,236,76,604385643
24481081,309,211,98,655920623
23484169,347,224,123,626411447
22249369,385,259,126,590037289
24972889,379,270,109,670523157
24222409,395,268,127,648251307
23237089,353,249,104,619116621
24738289,198,134,64,663553323
23726161,460,325,135,633562677
22738081,344,243,101,604409601
24481321,389,271,118,655927319
23484889,291,202,89,626432765
23237281,329,232,97,619123119
24224041,373,256,117,648299439
24973369,383,274,109,670537599
23726761,378,269,109,633580173
22738321,307,205,102,604416387
24739009,286,198,88,663574781
24483649,308,228,80,655996101
23485081,306,225,81,626437697
23237761,251,163,88,619136937
24224089,357,234,123,648301203
24974161,327,207,120,670561641
22738489,313,220,93,604421235
23727001,241,166,75,633588303
24739681,268,189,79,663594701
24484441,343,226,117,656020527
23486521,289,190,99,626481311
23238049,425,283,142,619145631
24224281,293,211,82,648306879
24974401,284,200,84,670568951
22738921,334,221,113,604433727
23727169,325,227,98,633592911
24739969,356,238,118,663602483
24484849,265,165,100,656032965
23486761,261,174,87,626488163
23238769,298,211,87,619165921
24226129,335,233,102,648361709
22740481,281,193,88,604479831
23728009,344,238,106,633616399
24975889,217,152,65,670613561
24741361,396,272,124,663644899
24485521,451,320,131,656052387
23486929,364,254,110,626492753
23240449,255,163,92,619215667
22740841,328,219,109,604490333
24226561,392,276,116,648374645
23728681,317,222,95,633636313
24976921,327,222,105,670643213
24741481,272,196,76,663648505
23487601,339,231,108,626512739
24485689,449,307,142,656056881
23240641,352,228,124,619220341
22741489,256,185,71,604510607
24226801,335,228,107,648381485
23730001,285,209,76,633676069
24977089,331,231,100,670648331
24741889,315,208,107,663660319
23487769,340,230,110,626517485
23241121,281,190,91,619235599
24486169,329,216,113,656072021
22741681,238,165,73,604516253
24227569,315,234,81,648404645
23730121,270,190,80,633679579
24977521,339,227,112,670660985
24742489,298,189,109,663679369
23488369,266,175,91,626535473
23241241,321,229,92,619239667
22743169,296,200,96,604559591
24486361,247,178,69,656077109
24228121,201,133,68,648422075
23731129,274,190,84,633710095
24977929,346,239,107,670673147
24742561,358,236,122,663681049
23490121,388,277,111,626586597
23241481,297,206,91,619245649
22743289,405,275,130,604562927
24486529,299,202,97,656082503
24228241,352,245,107,648425021
23731369,374,253,121,633716671
24978241,302,213,89,670683125
24743161,250,155,95,663699139
23490769,197,137,60,626606367
23242081,245,171,74,619264321
22743529,324,226,98,604569725
24487201,336,236,100,656102009
24228649,298,223,75,648437939
23731681,237,167,70,633726301
24978361,276,199,77,670687689
24743401,300,209,91,663705823
23491129,340,230,110,626616639
23242129,224,146,78,619265851
22743961,277,207,70,604582091
24487681,259,177,82,656116937
23731801,316,204,112,633729997
24229129,207,162,45,648451979
23491969,312,224,88,626641353
24744001,258,179,79,663723529
24978409,252,158,94,670688739
23242321,310,217,93,619270897
22744009,378,272,106,604583243
24487849,274,191,83,656121575
23732209,324,230,94,633741703
24229489,285,198,87,648461675
23492281,313,230,83,626650617
23242801,349,243,106,619284359
24745009,244,148,96,663753121
22744129,325,246,79,604586555
24978769,313,205,108,670697793
24488641,323,209,114,656144729
23732521,338,226,112,633750877
24229801,279,193,86,648471095
23492401,268,181,87,626653545
23242969,338,224,114,619289327
22744369,226,159,67,604594043
24745561,348,227,121,663769903
24979369,390,267,123,670715469
23733481,282,193,89,633779139
24488689,241,168,73,656146055
24231169,244,164,80,648510839
23492449,325,212,113,626655855
23243089,216,150,66,619292687
22744681,356,253,103,604602659
24745921,322,219,103,663781669
24980209,257,180,77,670741581
23734489,337,243,94,633808587
24489649,348,243,105,656174879
24231481,244,177,67,648520469
23493121,302,231,71,626675325
23243929,308,216,92,619319141
22745209,262,194,68,604618665
24746089,286,198,88,663786433
24980881,306,193,113,670761207
23734729,424,296,128,633816705
24489889,318,229,89,656181149
24231769,176,130,46,648528701
23493289,284,198,86,626680557
23245441,446,296,150,619362809
22745809,265,179,86,604636401
24746521,323,214,109,663800083
24981049,310,212,98,670765881
23735401,446,312,134,633836067
24490729,382,255,127,656207711
24231841,298,199,99,648530897
23246161,260,166,94,619384619
23494489,347,219,128,626715825
22746049,328,225,103,604643223
24747361,327,206,121,663823879
24981961,267,197,70,670793589
23736001,281,201,80,633853269
24491041,260,185,75,656216807
24232321,231,160,71,648544943
23246281,338,241,97,619387511
23495161,280,193,87,626736249
22747729,298,217,81,604693827
24747769,316,215,101,663835729
24983281,286,192,94,670833567
23736241,230,160,70,633860621
24492841,298,220,78,656269213
24232609,337,237,100,648553337
23246449,313,220,93,619392185
23495929,268,169,99,626759043
22748881,246,166,80,604727961
24748201,240,176,64,663848347
24983401,313,195,118,670836261
23736841,388,279,109,633877961
24493561,308,215,93,656291089
23246689,301,207,94,619399889
24232849,300,217,83,648561065
23496169,414,273,141,626765799
22749169,264,169,95,604735527
24748609,379,259,120,663860653
24983809,338,220,118,670848249
23737009,404,281,123,633882923
23247001,296,222,74,619410569
24493681,345,245,100,656294479
24233281,394,273,121,648573509
23496769,349,244,105,626783141
22749409,238,164,74,604743003
23737561,217,144,73,633900485
24984241,315,216,99,670861233
23247841,248,175,73,619434875
24494521,329,250,79,656319037
24233689,344,241,103,648585767
23497489,315,217,98,626803979
22749841,203,138,65,604756311
23738929,341,233,108,633939947
24984409,365,262,103,670865865
23248801,274,176,98,619462085
23497609,303,203,100,626807525
24234289,285,194,91,648603725
24496249,345,234,111,656370343
23739241,329,225,104,633948911
24984961,354,240,114,670883103
23249041,365,242,123,619468601
23498161,271,184,87,626824967
24234961,288,190,98,648623711
24497041,372,241,131,656393413
23740609,360,233,127,633989831
23249641,318,212,106,619487189
24985321,378,255,123,670893375
23499121,292,200,92,626853563
24235129,414,307,107,648628223
24497281,283,190,93,656400841
23740921,312,205,107,633998795
23249689,295,196,99,619488725
24985921,200,136,64,670911813
23499361,244,182,62,626859737
24235369,310,215,95,648635165
24498121,500,344,156,656426233
23741209,300,225,75,634007243
23499529,271,196,75,626864783
24986089,319,233,86,670917093
24236521,272,178,94,648669239
24499441,305,213,92,656464861
23741929,251,172,79,634028987
23499841,306,218,88,626873909
24986641,272,181,91,670933449
24236809,247,168,79,648678131
24499561,358,235,123,656468257
23742289,328,219,109,634039283
24236881,278,197,81,648679889
24986761,304,212,92,670936383
23743969,377,243,134,634088507
24237481,235,167,68,648698129
24988009,430,301,129,670973693
23744401,331,236,95,634101593
24237721,324,224,100,648705347
24988321,353,230,123,670983167
23744449,229,171,58,634102961
24238729,333,222,111,648734699
24988609,351,249,102,670991819
23746081,374,255,119,634150001
24239209,410,277,133,648748877
24988681,294,203,91,670993655
23746249,341,228,113,634155947
24239881,284,198,86,648769181
24991009,332,241,91,671062799
23746321,221,157,64,634158503
24240169,422,300,122,648776981
24991969,341,216,125,671091665
23747089,286,213,73,634180679
24240721,358,263,95,648794593
24992689,402,288,114,671112751
23747329,345,236,109,634188329
24240889,310,205,105,648799909
24993361,279,179,100,671132707
23747641,233,146,87,634198127
24241081,282,204,78,648804751
24993649,378,263,115,671140537
23748649,353,235,118,634227041
24241249,462,323,139,648810595
24994561,246,169,77,671167567
23749009,240,174,66,634238165
24241729,254,185,69,648824941
24994729,355,246,109,671172241
23749321,321,213,108,634247213
24242089,343,238,105,648835585
24995041,248,162,86,671182069
24243409,243,157,86,648874201
24995161,350,244,106,671186695
24245041,385,259,126,648921691
24995209,337,239,98,671187721
24245449,409,279,130,648934399
24995569,371,255,116,671197501
24246049,262,191,71,648952491
24996721,303,213,90,671232667
24248449,336,240,96,649022199
24997009,293,203,90,671240581
24248641,287,192,95,649029453
24999529,248,179,69,671316181
25001089,315,204,111,671361107
25251529,315,204,111,678810089
25500001,315,215,100,686208295
25750321,235,150,85,693666997
26000209,275,175,100,701122561
26250121,320,220,100,708584129
26500609,309,207,102,716072037
26750089,376,272,104,723534105
27000409,346,250,96,731030441
27250801,308,210,98,738534627
25001281,397,287,110,671367257
25252081,328,217,111,678826457
25500841,343,228,115,686233651
25750369,307,212,95,693668437
26000521,331,230,101,701131303
27500281,378,255,123,746020925
26251129,256,183,73,708615455
27750601,363,248,115,753537977
26501329,399,280,119,716093235
26750329,290,200,90,723541221
28000561,315,218,97,761050383
27001921,355,237,118,731075225
28250041,299,215,84,768556441
25001881,271,188,83,671385671
25252441,355,218,137,678836663
25501681,378,258,120,686258683
25750729,365,267,98,693679423
28500049,346,228,118,776083781
27250969,367,257,110,738540849
26000641,359,255,104,701134567
28750129,348,256,92,783620567
29000281,320,214,106,791167113
27500449,271,181,90,746025971
29250601,299,211,88,798722830
26251201,279,189,90,708617069
26750929,396,279,117,723560325
26502361,306,216,90,716124051
29500129,331,239,92,806262968
27750769,424,289,135,753542225
28000849,375,258,117,761059155
29750641,395,275,120,813837766
27001969,343,224,119,731076569
25002889,380,272,108,671415401
25501849,297,206,91,686263903
28250161,307,220,87,768560035
26000809,461,313,148,701138863
25751041,304,211,93,693689335
25252609,367,249,118,678842063
27251401,263,175,88,738553413
28750201,371,260,111,783622379
28502401,312,204,108,776154737
29000689,258,155,103,791178555
27500881,299,206,93,746038427
29250649,373,254,119,798724060
27751081,335,226,109,753551399
26251681,296,187,109,708631589
26751169,294,199,95,723567279
28002241,280,204,76,761102439
26502961,270,178,92,716142375
25003609,372,263,109,671436869
27002761,399,269,130,731100899
29501089,345,215,130,806292524
25502689,300,193,107,686287969
26000881,380,278,102,701141425
29751481,364,237,127,813864640
25752169,245,163,82,693722201
25252921,278,182,96,678851909
28751689,350,243,107,783667255
28250401,293,197,96,768566713
27251641,334,225,109,738560853
27500929,289,207,82,746039819
26252209,273,178,95,708647261
29001001,235,163,72,791188239
27751249,273,205,68,753556829
25003801,202,148,54,671442161
26751841,345,242,103,723587055
28502569,309,209,100,776159285
29250769,305,215,90,798727936
26503201,365,246,119,716149689
25752241,380,273,107,693724037
28002361,306,211,95,761105205
29751961,292,198,94,813879124
25503241,376,250,126,686303773
27002929,434,302,132,731105639
26001889,262,167,95,701172463
26252521,276,193,83,708657391
28751809,360,255,105,783670867
27501049,351,245,106,746043263
27252409,335,236,99,738583209
29501161,369,252,117,806294588
29001121,429,319,110,791191935
25004401,310,218,92,671460395
25253929,348,231,117,678880787
28250569,330,224,106,768571969
26753329,306,214,92,723631497
27751441,348,226,122,753562193
28503721,226,138,88,776193641
26252689,277,191,86,708662239
27501769,234,156,78,746064809
28752481,313,214,99,783691663
26002201,242,160,82,701181637
27252481,319,213,106,738585075
25004809,268,167,101,671472729
29752249,387,254,133,813887140
29251489,292,206,86,798748756
26504041,285,197,88,716173671
25752889,387,260,127,693744209
25504201,318,219,99,686333901
28002529,293,199,94,761109615
27003841,339,242,97,731134463
26753449,363,262,101,723635685
28250881,332,220,112,768581689
25254289,316,216,100,678891563
29501929,327,232,95,806317088
29001289,430,318,112,791196729
26253529,233,164,69,708685801
25005289,261,172,89,671487015
28503841,360,242,118,776197115
27501961,402,268,134,746069621
28752649,351,234,117,783697177
27253489,398,278,120,738616329
26002369,247,174,73,701187007
27751921,325,224,101,753576835
29752969,320,217,103,813909330
26753521,269,175,94,723637731
25753009,327,222,105,693747767
26504209,321,208,113,716178411
28002769,383,272,111,761117331
29251609,335,215,120,798752864
25504249,215,148,67,686335533
28251049,338,247,91,768586537
27005521,250,172,78,731183293
26254321,261,185,76,708710047
25254769,322,221,101,678906473
25005649,311,215,96,671497029
27502441,410,280,130,746085929
26003161,388,258,130,701210413
27253801,318,208,110,738626409
28752721,426,291,135,783699043
29503609,320,231,89,806368154
29002801,275,196,79,791242283
28503889,407,271,136,776198609
29755681,374,258,116,813989682
26754001,233,140,93,723652377
27752209,179,119,60,753586069
25505041,235,148,87,686358501
26255041,272,188,84,708732931
28251241,362,260,102,768592171
25006081,308,201,107,671509623
25753561,293,188,105,693764549
26004001,336,221,115,701235205
26505481,295,222,73,716216421
27254329,402,273,129,738641709
28753489,380,269,111,783721687
28003249,317,211,106,761131977
29251681,428,300,128,798755120
27005689,304,202,102,731188771
25255129,241,180,61,678917513
28504081,350,251,99,776205533
27502561,275,187,88,746089019
26754121,370,254,116,723655737
29755849,352,230,122,813995376
25505209,322,231,91,686363199
26255209,312,207,105,708737983
29002849,419,282,137,791243903
29503681,216,143,73,806370716
25006321,297,204,93,671516973
27753289,347,244,103,753617941
26004409,306,228,78,701248549
27254641,415,290,125,738651219
28753561,241,171,70,783724477
28504249,310,229,81,776209775
25753729,317,219,98,693769217
28003441,282,186,96,761137281
28251409,311,214,97,768597145
26505529,342,226,116,716217357
26754289,268,170,98,723660477
29252161,342,240,102,798769628
25255561,260,184,76,678930317
25505449,317,223,94,686369715
27006361,442,325,117,731208187
26255401,337,236,101,708743141
29756329,290,207,83,814009520
27502609,276,183,93,746090441
27254761,286,196,90,738654405
25007329,250,163,87,671548151
28753729,275,189,86,783729295
26004721,297,217,80,701257693
29003041,274,175,99,791250131
27753961,315,219,96,753638119
28252009,324,217,107,768615661
29504161,300,214,86,806385722
26754361,285,176,109,723662745
28505401,295,194,101,776245283
25505929,357,232,125,686383635
29252281,401,272,129,798773000
26257081,459,328,131,708792215
28004089,375,276,99,761156163
25754569,323,222,101,693793775
26505889,281,184,97,716228355
25255609,329,223,106,678931721
27503401,321,230,91,746114663
27255001,330,231,99,738661335
27007009,363,249,114,731228779
28754041,297,203,94,783738637
26006401,264,182,82,701307703
29757001,438,297,141,814030514
26755681,355,248,107,723701907
25007641,336,246,90,671557193
28252561,296,205,91,768632695
28506241,295,222,73,776269685
26257729,247,175,72,708811625
27755281,290,196,94,753677521
29504329,317,206,111,806390216
29003209,220,156,64,791255177
25506049,558,387,171,686387163
27504121,362,237,125,746135975
25754689,246,180,66,693798203
29252521,280,182,98,798780854
28004209,327,218,109,761160249
26006521,301,214,87,701310765
28754881,302,202,100,783764665
25007929,408,295,113,671564753
26506369,289,200,89,716243925
27255601,284,205,79,738679773
25256641,308,219,89,678962651
26257921,386,264,122,708816935
28252729,334,236,98,768637387
28506409,346,248,98,776274419
26758489,296,213,83,723786249
27007801,374,272,102,731252563
27756241,361,229,132,753707875
29757121,271,188,83,814033640
27504289,423,285,138,746140913
29003521,277,196,81,791264387
25008169,368,274,94,671572205
26006689,298,204,94,701315319
28755409,295,207,88,783779647
25506121,390,286,104,686389827
26258929,238,162,76,708848603
28252921,332,240,92,768642853
25755529,399,272,127,693822527
29506129,404,277,127,806444192
28506529,312,218,94,776278589
26759209,378,279,99,723807729
29253001,352,228,124,798795620
25256809,461,330,131,678967439
28004281,511,348,163,761162355
26506489,297,191,106,716247429
27255649,318,235,83,738680829
27505129,321,216,105,746166653
27756409,408,281,127,753712231
25009321,252,166,86,671606129
27007969,261,183,78,731257735
26007361,301,205,96,701334513
28756009,300,193,107,783797817
26259241,273,192,81,708857075
28253521,377,258,119,768660895
28506601,392,283,109,776280257
29757289,284,198,86,814038308
29003641,400,291,109,791267843
26759881,364,244,120,723828921
25508401,342,237,105,686458587
25756249,312,233,79,693844433
29253841,250,174,76,798821300
27505249,426,326,100,746170379
25009849,464,319,145,671621795
28004761,266,178,88,761177199
25257241,354,244,110,678979943
29506201,355,227,128,806446400
27756481,352,251,101,753714697
26506561,260,182,78,716249361
26260081,237,165,72,708882923
27255769,351,225,126,738685491
28756729,232,164,68,783820391
26007529,323,245,78,701340615
27008209,393,269,124,731264257
29758369,349,239,110,814072640
26760169,366,247,119,723837357
25011121,356,240,116,671659685
28508041,305,208,97,776324717
27505321,293,189,104,746172665
28253689,306,215,91,768666223
25757041,322,213,109,693868043
26260609,345,248,97,708898727
25508569,263,175,88,686463183
29254681,258,177,81,798847694
29003809,381,255,126,791273255
25257409,219,148,71,678984605
26007769,408,290,118,701347407
27758329,294,199,95,753770725
28005721,370,250,120,761205835
28756921,327,231,96,783825437
26507401,365,264,101,716275209
29507641,427,290,137,806489612
25012969,237,165,72,671714993
26760841,279,184,95,723856017
27258961,263,182,81,738780033
29758969,383,276,107,814090226
27505969,296,207,89,746191853
28508209,348,233,115,776329037
27008521,231,158,73,731274565
28254241,244,176,68,768682945
25757449,260,168,92,693880577
26261041,225,158,67,708911345
29255689,317,212,105,798876428
25508641,224,158,66,686465613
25013041,227,150,77,671716967
26008201,368,257,111,701360769
26760889,286,188,98,723857715
25258081,341,233,108,679006061
29004721,288,181,107,791300519
27506161,192,122,70,746198189
28508281,497,386,111,776331827
29759641,415,290,125,814110746
25757761,378,278,100,693891107
27758641,287,198,89,753781009
28254601,353,250,103,768694963
26261281,310,216,94,708918491
26508241,289,205,84,716299695
27259801,292,211,81,738804957
28006129,352,244,108,761217847
28757569,298,209,89,783844889
29508049,463,301,162,806502110
27009049,299,198,101,731289889
26761849,362,255,107,723887115
26008441,286,190,96,701368117
25014049,348,237,111,671747177
27506329,354,251,103,746202545
25758049,316,220,96,693898433
28508449,414,273,141,776336117
25509409,323,221,102,686487933
26262961,349,237,112,708969311
27759649,337,226,111,753810115
29759689,406,306,100,814112120
28255369,327,205,122,768716299
29256049,265,190,75,798888296
25258921,276,191,85,679030493
27260689,259,172,87,738831807
29004889,201,133,68,791306081
26508721,299,209,90,716314537
28007281,267,175,92,761252917
28757929,307,211,96,783855833
27508009,269,190,79,746253371
25758121,327,219,108,693900749
29508529,392,271,121,806516174
27009721,398,279,119,731309833
28509049,416,297,119,776355839
26263561,333,234,99,708986351
27760009,376,256,120,753821107
26008921,271,185,86,701382265
26761921,344,228,116,723889251
28257121,338,239,99,768769507
29759881,322,234,88,814118222
25014529,235,166,69,671762363
25509961,244,165,79,686504535
27260881,425,303,122,738837561
25259089,288,213,75,679035719
29256481,336,229,107,798900638
25758289,354,244,110,693905927
27508321,242,168,74,746262227
26263609,357,252,105,708987713
29005201,330,233,97,791315279
26509849,273,188,85,716347123
27760489,297,199,98,753834403
25014721,272,198,74,671767415
28758409,278,177,101,783869945
25510129,362,241,121,686509089
28007569,425,302,123,761261971
28257721,366,266,100,768788233
29760481,300,205,95,814135532
27010201,243,164,79,731324173
26009089,467,313,154,701386819
28509769,340,241,99,776376443
29508649,278,182,96,806519834
26762401,303,206,97,723903641
25260841,317,217,100,679086973
27508609,381,266,115,746271095
25758721,269,174,95,693918083
27261529,334,238,96,738856845
26263729,422,302,120,708991301
25015201,305,206,99,671781725
27760849,329,224,105,753846101
25510921,347,238,109,686532915
28258129,285,192,93,768800419
29256649,413,276,137,798905432
29005489,396,292,104,791323727
29761489,310,212,98,814166456
26510401,182,126,56,716364457
28759921,269,189,80,783916495
28009801,255,176,79,761329127
26263801,232,158,74,708993701
27508681,311,222,89,746272997
27261649,398,291,107,738861297
25015489,446,316,130,671789537
26010961,342,238,104,701443597
27010561,334,239,95,731334223
26762761,266,190,76,723913733
25758769,316,222,94,693919403
25261321,285,188,97,679101571
28509889,348,247,101,776379971
25511089,295,205,90,686537721
27761521,519,400,119,753865877
29509201,324,239,85,806536772
28258729,398,284,114,768817405
29762209,218,153,65,814188710
26264449,279,195,84,709012253
28760089,325,214,111,783920503
25015561,273,185,88,671792621
26510569,327,221,106,716368849
27262369,285,199,86,738881669
27509161,297,198,99,746286527
29257489,406,289,117,798930818
25759441,317,224,93,693939893
29006161,406,293,113,791343737
28010089,362,243,119,761337107
26011129,373,242,131,701448199
28258801,258,172,86,768820423
27011161,387,259,128,731353327
25511809,239,150,89,686559261
25261681,322,222,100,679111741
28509961,321,220,101,776382467
27761689,345,234,111,753870899
26762929,326,228,98,723917903
25016569,335,234,101,671821991
29762329,247,161,86,814191524
29509321,385,275,110,806539754
28760449,297,193,104,783930997
27510121,269,187,82,746316299
26264809,312,195,117,709023161
27262489,291,189,102,738885317
26510689,409,294,115,716372413
25759561,289,200,89,693943091
28258969,406,302,104,768824401
29258161,303,207,96,798952148
29006401,393,266,127,791350799
29763001,310,209,101,814212740
26011561,319,217,102,701461147
29509729,400,274,126,806552282
25017001,223,146,77,671834537
25262521,334,224,110,679137155
28011169,393,249,144,761370383
28760881,381,274,107,783944077
27510169,313,213,100,746317487
28510969,343,222,121,776412767
26513041,227,163,64,716442793
27262561,347,240,107,738887489
25512169,355,233,122,686570967
27012241,306,217,89,731384905
25760281,274,194,80,693964491
26763241,369,246,123,723928277
27762169,441,285,156,753884387
26265409,320,198,122,709041131
25017241,331,214,117,671841275
28259281,246,182,64,768835039
27510289,318,237,81,746321243
27264049,429,310,119,738934049
29510329,365,259,106,806570120
29763169,316,216,100,814218554
26513449,404,261,143,716455633
28511449,286,196,90,776427845
28760929,401,273,128,783945427
26763769,427,302,125,723943875
27762529,298,218,80,753896033
25263289,398,270,128,679159829
26012401,442,296,146,701485735
29006569,274,187,87,791355695
29258329,292,201,91,798956696
25513441,436,310,126,686607879
28011481,311,219,92,761379437
25760401,384,270,114,693967497
27012841,387,282,105,731403283
26266081,309,212,97,709060535
25017841,302,207,95,671859773
27510961,282,196,86,746340677
27264241,196,126,70,738939221
26513881,291,185,106,716468633
29510881,270,181,89,806586458
28762609,355,253,102,783996097
26764081,350,249,101,723953403
25263841,317,209,108,679176323
28260481,395,272,123,768869561
27762841,319,241,78,753905417
26266321,337,238,99,709067663
28511641,244,174,70,776433539
29764249,439,297,142,814250108
25018681,333,240,93,671884925
26012641,292,220,72,701494015
25761289,240,181,59,693995925
25514329,297,203,94,686635413
27265081,377,244,133,738963707
28012681,368,252,116,761415413
29006881,259,181,78,791365355
26514121,373,248,125,716475437
29258881,344,238,106,798972644
27014569,379,265,114,731454775
28763641,186,128,58,784027603
26764609,345,221,124,723968151
29511049,302,206,96,806591870
27511129,309,209,100,746346257
26267161,344,231,113,709094059
25264009,256,186,70,679181177
25018921,292,187,105,671891681
25762129,331,235,96,694020523
29764561,317,226,91,814260290
27763129,223,152,71,753914321
26514601,267,197,70,716490005
26764921,238,155,83,723978795
28260649,267,162,105,768875369
25514689,309,199,110,686645331
26013121,278,195,83,701508445
29513521,323,205,118,806668424
27265561,271,188,83,738978107
28513801,286,191,95,776498159
28014001,297,211,86,761455439
27014929,389,276,113,731465857
26268481,357,238,119,709133125
25264801,270,185,85,679204991
25019521,297,192,105,671909645
29007721,266,192,74,791390975
29259001,391,272,119,798975938
25763161,320,211,109,694050283
28764649,284,192,92,784057927
29765089,360,238,122,814276076
27511801,331,231,100,746365997
26515129,271,189,82,716504885
26765041,294,208,86,723982131
25515121,308,207,101,686658327
27265921,263,184,79,738988511
25019689,376,254,122,671914811
25265521,240,173,67,679226255
29514361,351,241,110,806692622
27763849,294,200,94,753935165
25763329,292,196,96,694055797
28261489,322,220,102,768899981
26013241,369,249,120,701511595
28513921,414,299,115,776501783
26268601,333,232,101,709137319
26515729,304,213,91,716522771
29765569,319,205,114,814290764
26765209,291,191,100,723987717
27015529,343,244,99,731483617
28015369,320,213,107,761496137
25515289,367,261,106,686663217
29008249,350,238,112,791406713
29259889,385,262,123,799003544
25020409,461,330,131,671935591
27511969,298,208,90,746371553
28764961,239,153,86,784067737
25265809,307,207,100,679235339
27266089,338,225,113,738993407
25763641,338,231,107,694065583
26765449,282,199,83,723994047
26516569,318,221,97,716548073
27763969,308,207,101,753939209
29766409,377,244,133,814316306
28514809,444,320,124,776528399
25515361,295,183,112,686665557
26013649,399,271,128,701523559
29516209,340,243,97,806747456
28262089,339,234,105,768918563
27512689,379,246,133,746393141
25266361,313,204,109,679251059
25020529,280,191,89,671939701
26269681,382,250,132,709169011
27016201,335,243,92,731503765
25763929,295,192,103,694073467
28015681,286,191,95,761505593
29008849,315,208,107,791423891
26765929,328,232,96,724008057
29260849,335,245,90,799031888
28767169,434,335,99,784135327
27266689,320,227,93,739012223
26517241,283,190,93,716568371
27764881,251,173,78,753967295
29766601,310,219,91,814322228
28515481,277,189,88,776548145
25516009,256,187,69,686683851
26014489,413,293,120,701548309
27513049,327,235,92,746403767
25267369,373,256,117,679280783
25020601,354,235,119,671942233
29516281,328,225,103,806749646
28262761,352,248,104,768938765
26766601,224,146,78,724029045
26270449,343,239,104,709191865
27267241,301,197,104,739029677
26517409,306,210,96,716574401
27016441,363,238,125,731511007
27765721,354,252,102,753992429
25764169,468,348,120,694080145
29261929,284,197,87,799064678
29766769,343,237,106,814327814
28515601,292,192,100,776551725
28016041,257,175,82,761516339
27514561,382,264,118,746448775
26014801,251,183,68,701558677
29010361,303,223,80,791471325
28767481,338,229,109,784144591
25517521,343,220,123,686729859
27268441,360,249,111,739065905
26517481,357,240,117,716576363
25268161,292,194,98,679305527
26766889,406,292,114,724036905
25021609,404,269,135,671970735
27766489,260,188,72,754015243
29516449,333,239,94,806754584
29263609,233,160,73,799115888
29767081,304,200,104,814336748
27515041,265,197,68,746463661
28515649,359,239,120,776553711
26270689,357,227,130,709198651
26015089,300,216,84,701567491
28262809,309,230,79,768940313
25764841,263,183,80,694100825
27016609,294,184,110,731516419
28016689,308,212,96,761535479
26517961,318,229,89,716590493
27268609,285,185,100,739070945
25022089,307,218,89,671985963
29012089,354,234,120,791522721
25517689,338,220,118,686735583
26769289,265,184,81,724110543
27767329,354,257,97,754041187
28767601,279,178,101,784147951
29263921,292,192,100,799124996
27516241,324,231,93,746500549
26015641,344,239,105,701583871
25269241,359,249,110,679337561
29518441,344,233,111,806815874
28263601,313,199,114,768962801
29767201,332,228,104,814339808
26271121,416,293,123,709211635
26518969,305,209,96,716620667
28515841,294,205,89,776558961
25765609,262,172,90,694123679
27268921,311,213,98,739079633
27019801,345,220,125,731611945
28017721,245,163,82,761566421
26769481,417,286,131,724116069
27768001,322,224,98,754060843
27516889,245,176,69,746518621
26016649,298,195,103,701613751
25022209,227,159,68,671989557
25269721,218,156,62,679351949
25517809,326,239,87,686739279
29012281,230,158,72,791529231
28263649,377,276,101,768964061
29519401,370,273,97,806845934
28767649,292,207,85,784149211
29768209,298,197,101,814370114
29264281,305,200,105,799136324
26519329,320,222,98,716631047
27269089,282,192,90,739085195
27768721,435,314,121,754081915
26771761,231,158,73,724183001
26017009,335,232,103,701623885
26271841,268,187,81,709233769
25269889,353,242,111,679357331
25766329,342,250,92,694144485
27020569,241,162,79,731634391
28516489,224,147,77,776578651
27517081,339,227,112,746525575
28017889,289,195,94,761571239
25518529,182,130,52,686759837
28263769,394,273,121,768968837
25022761,213,160,53,672005169
29519641,382,268,114,806852450
27269449,251,169,82,739095613
26519641,264,182,82,716640509
26771809,281,181,100,724184339
27769081,338,239,99,754092943
26017489,237,152,85,701638087
29013121,350,227,123,791553903
25766449,302,202,100,694148577
28767769,315,213,102,784152583
29264761,381,266,115,799150394
29768449,291,204,87,814377790
25270009,329,215,114,679360643
27021121,318,219,99,731651305
26273209,264,174,90,709274869
28018729,454,325,129,761596775
25518721,366,256,110,686764661
28516681,389,272,117,776584567
27269929,262,185,77,739109641
27517921,407,294,113,746550481
26519929,411,296,115,716648351
28264441,359,250,109,768988835
29520121,246,161,85,806866784
25023121,258,181,77,672016911
26017609,387,290,97,701641675
26772169,280,204,76,724195073
27770521,248,160,88,754136839
25270081,243,171,72,679362983
27021289,301,199,102,731656141
25767361,255,165,90,694175499
29264881,358,260,98,799153622
28019401,346,232,114,761616923
29013769,257,169,88,791573363
28769329,291,186,105,784199713
26520001,236,164,72,716650787
25023289,315,224,91,672021903
27270889,370,248,122,739138045
29770801,320,216,104,814449232
26773009,394,275,119,724220237
26273809,282,192,90,709292689
26018329,272,196,76,701663557
25520329,339,231,108,686813741
27770929,351,224,127,754147981
28264849,472,326,146,769000889
25271569,335,238,97,679407215
27520081,255,182,73,746615665
28517161,296,198,98,776599831
29522089,183,125,58,806927518
28020169,334,233,101,761639367
25025809,324,220,104,672096141
26521441,309,206,103,716694269
27271129,296,203,93,739145425
29264929,389,285,104,799155290
29013889,379,261,118,791576747
26773441,357,251,106,724233341
27022249,307,226,81,731685601
25768129,303,200,103,694198899
25272241,247,172,75,679425953
26019121,395,271,124,701686291
28265329,269,191,78,769016945
28769449,324,220,104,784203037
26274361,264,187,77,709309753
25520569,409,261,148,686820731
28020241,359,248,111,761641635
29770969,404,274,130,814453882
25027081,352,239,113,672133853
27771361,335,228,107,754161685
26522161,262,182,80,716716901
27520201,380,263,117,746618419
29265289,337,217,120,799166678
29014561,328,236,92,791597117
28518121,334,208,126,776627587
25273081,328,212,116,679451045
26019841,244,151,93,701707543
29522329,311,207,104,806934040
27271729,285,185,100,739162843
28266961,444,301,143,769066421
27023641,256,177,79,731726077
26773609,371,252,119,724237919
25768201,334,233,101,694200831
25027129,258,160,98,672135419
28770169,417,261,156,784224979
26523169,288,190,98,716746493
29771281,329,222,107,814463608
28020721,266,178,88,761656785
26274889,306,222,84,709324513
25520881,249,173,76,686829797
29265601,265,187,78,799176722
25273201,357,246,111,679454309
29014969,282,176,106,791609249
26020369,274,187,87,701723011
27772081,338,233,105,754182787
28268689,292,200,92,769118567
27023929,296,205,91,731734993
27520369,440,310,130,746623399
25027801,375,271,104,672155837
28518169,332,235,97,776628751
27272569,250,159,91,739188187
29522641,268,200,68,806942980
26523529,431,297,134,716756633
26773849,312,231,81,724245491
25768801,318,215,103,694218843
29771449,354,248,106,814468588
28021009,291,194,97,761665893
26020681,336,236,100,701732995
28770289,389,268,121,784228063
29015281,252,164,88,791619551
25274881,380,273,107,679504919
29265889,330,204,126,799184762
28270321,350,250,100,769167153
25521049,254,184,70,686834897
27024601,414,292,122,731755843
26276161,247,184,63,709361935
25028089,229,149,80,672163793
27273121,349,237,112,739204969
27772369,362,232,130,754191763
26525641,397,291,106,716820305
27521881,326,220,106,746669301
26021209,363,248,115,701747949
28771009,375,261,114,784249459
28519009,354,241,113,776654837
29772409,339,230,109,814497562
29015401,367,228,139,791622413
28021249,242,162,80,761673009
25029481,281,190,91,672205007
25768969,464,320,144,694223403
27024841,253,177,76,731762533
28271569,348,247,101,769203861
26774281,293,204,89,724258661
29523001,305,204,101,806954308
25275121,345,236,109,679512461
25521169,334,247,87,686838125
26525809,357,241,116,716824589
26276209,324,226,98,709363039
27273289,278,196,82,739210249
29265961,510,355,155,799186478
26021521,295,214,81,701758203
28771201,376,264,112,784256167
29772481,355,244,111,814499602
27025489,363,242,121,731781403
27772609,334,220,114,754198723
28272721,277,188,89,769238853
29017489,389,266,123,791684439
25769041,212,149,63,694227303
28022521,410,286,124,761711019
27522289,332,215,117,746681523
25029601,345,223,122,672208301
26774329,260,182,78,724260419
25275961,281,176,105,679538063
28519201,285,200,85,776660159
26526481,327,207,120,716844569
27274081,320,208,112,739234075
26021689,336,231,105,701762733
25521409,283,193,90,686845463
29523841,272,188,84,806980558
27026689,407,284,123,731817869
26276329,313,216,97,709367491
28272889,321,214,107,769244223
29773801,248,167,81,814540630
28022569,329,230,99,761712495
29266561,269,182,87,799204580
25770529,291,204,87,694270975
25276729,244,163,81,679560815
26774689,402,271,131,724270277
28771801,362,256,106,784274095
27773281,392,255,137,754219037
29017801,287,208,79,791695677
27274249,445,322,123,739238959
26022049,276,204,72,701774703
25029769,488,349,139,672213509
27522721,315,203,112,746694309
26526529,302,199,103,716846867
27027289,229,140,89,731836187
28519681,244,185,59,776674553
25521889,371,233,138,686859509
29774761,374,248,126,814568454
28022689,327,214,113,761716287
25276969,419,267,152,679567181
29524009,295,225,70,806985376
28273249,320,198,122,769254411
26775121,280,199,81,724283429
26276881,290,187,103,709382761
29017969,485,347,138,791700171
27773881,374,255,119,754237871
26023201,318,206,112,701808501
25770721,301,214,87,694276351
27274321,378,271,107,739241473
27027361,358,250,108,731838173
29266801,333,219,114,799211816
25029841,302,208,94,672216149
28772521,286,197,89,784295461
25522561,241,161,80,686879687
26527201,291,216,75,716866613
27522961,306,205,101,746702049
28023241,295,226,69,761732229
25277281,314,205,109,679576943
26776369,345,223,122,724321217
26023489,306,200,106,701816967
25771489,374,235,139,694299343
29774929,386,264,122,814573584
28519801,352,251,101,776678111
27274921,305,213,92,739259881
27027529,305,206,99,731843519
26277001,253,172,81,709386685
28274569,379,271,108,769294173
29524489,329,234,95,806999488
29266969,506,341,165,799216214
27774289,277,182,95,754250447
25523089,364,274,90,686894845
29018161,379,255,124,791706339
28023409,383,281,102,761737059
25030321,352,259,93,672230729
26527321,431,299,132,716869877
26025409,294,206,88,701874291
25771561,368,245,123,694302133
28772881,283,198,85,784305661
26776801,366,272,94,724334419
27523129,484,335,149,746706357
25277569,305,209,96,679585067
27274969,385,270,115,739261501
27028201,306,207,99,731862737
29775601,313,219,94,814594882
28520209,404,285,119,776690531
28274761,246,169,77,769300275
26277049,330,227,103,709388545
28023529,351,239,112,761741001
27775441,297,201,96,754284647
25523401,316,240,76,686905519
25772161,278,183,95,694320205
26025841,322,225,97,701886363
26527561,338,240,98,716877737
26776969,357,245,112,724339669
29524849,380,254,126,807009250
28773649,297,204,93,784329013
29267401,347,244,103,799229624
29018809,287,187,100,791725485
25030849,314,218,96,672246293
27523729,257,180,77,746724537
27028801,321,224,97,731880653
25278481,322,225,97,679612595
28274929,413,282,131,769304739
27275161,232,166,66,739267213
25523569,318,226,92,686910331
25773001,297,201,96,694344325
28024441,303,201,102,761767725
26025889,375,278,97,701887815
27777241,354,256,98,754338083
28773721,299,221,78,784331829
29775649,317,228,89,814595962
28520521,340,254,86,776700779
26528209,332,223,109,716897483
26277409,342,239,103,709400323
29525329,347,232,115,807024148
27524401,325,213,112,746743977
26777041,256,175,81,724341223
27029521,364,240,124,731903027
25032169,333,243,90,672286241
29269129,351,239,112,799282666
25773169,246,174,72,694349371
29019481,284,191,93,791746707
28275409,390,300,90,769319855
27777481,254,191,63,754344791
26026009,318,217,101,701891835
28025929,342,234,108,761812755
25279249,350,242,108,679635251
25523761,365,235,130,686915641
28774201,266,170,96,784347057
27275329,378,249,129,739271305
27524449,319,225,94,746745759
26528329,267,192,75,716901379
29525521,361,243,118,807030430
27029809,320,217,103,731911517
25774009,379,271,108,694374355
29776321,359,237,122,814616566
26277721,286,203,83,709409695
28520641,332,247,85,776703941
27777649,401,266,135,754349177
26777809,356,239,117,724364341
28275769,286,199,87,769330787
25032961,319,213,106,672309365
25523929,452,320,132,686920981
28774561,388,276,112,784357347
28026601,359,245,114,761834887
29269249,247,158,89,799286842
26026249,437,295,142,701898537
27524569,352,252,100,746749329
25280809,260,198,62,679682143
29019649,410,280,130,791750841
29525689,396,274,122,807035848
26528401,363,253,110,716903041
25774081,372,236,136,694376377
27277321,335,238,97,739332013
26278849,368,271,97,709443061
27030049,324,225,99,731918879
27778489,380,265,115,754375997
26778361,350,244,106,724380619
25524601,273,205,68,686940421
28775209,279,197,82,784376697
26026921,313,222,91,701919087
25034209,395,262,133,672346529
28026721,390,286,104,761838097
27525649,475,329,146,746781963
29776489,377,262,115,814620628
28276081,349,227,122,769339799
28520689,358,249,109,776704979
25774729,328,240,88,694395691
25281169,243,165,78,679692459
26528569,227,163,64,716908213
29526169,273,191,82,807049900
29269321,206,137,69,799288306
29020609,421,322,99,791779347
26778481,315,209,106,724384027
25525081,291,191,100,686954149
27778801,427,294,133,754385141
26028601,276,191,85,701969355
26278921,224,151,73,709444795
27527809,194,128,66,746847231
28027561,362,235,127,761863597
27277681,349,241,108,739341985
27030649,333,238,95,731937227
25775089,411,301,110,694405909
25034521,293,204,89,672355727
29777281,300,208,92,814644994
28775401,424,272,152,784382205
28276201,290,200,90,769343327
26778529,383,285,98,724385485
25525441,424,299,125,686964691
28520809,314,239,75,776709101
26529001,307,224,83,716920543
25281481,243,159,84,679702131
27779641,365,262,103,754410767
26029369,378,272,106,701991975
27528001,284,208,76,746852379
28027801,368,272,96,761870371
25034689,261,180,81,672360245
29527801,307,211,96,807099316
25776241,359,260,99,694441149
29269969,265,198,67,799309258
29021281,256,176,80,791799753
26281441,259,181,78,709520361
29777689,365,245,120,814657078
27277849,257,172,85,739347205
25525609,411,279,132,686972077
27030889,387,280,107,731943875
26529169,405,309,96,716925145
27780169,425,292,133,754426637
28776001,357,253,104,784400067
26779201,280,203,77,724405285
26030761,260,179,81,702034831
27528601,304,205,99,746870323
28276609,339,225,114,769355669
25034881,234,156,78,672366971
25281769,362,257,105,679710141
28028281,304,217,87,761885119
28523329,291,184,107,776784083
25776529,340,228,112,694449303
25525921,235,166,69,686980981
29778121,370,256,114,814670824
26529889,281,194,87,716947711
29527969,367,273,94,807104260
29270641,206,144,62,799328722
26030929,244,161,83,702039193
26282041,355,252,103,709537407
27529009,321,220,101,746883341
29021521,263,182,81,791806257
28277089,239,179,60,769369721
25282321,245,165,80,679726893
26779561,280,192,88,724416439
25035481,263,182,81,672384601
27278521,366,260,106,739367281
27031369,353,255,98,731957993
25776601,388,252,136,694451019
28777249,432,296,136,784437731
27780769,300,197,103,754444259
25527049,213,148,65,687014209
28028449,269,181,88,761889859
29778289,375,242,133,814675336
26530849,282,185,97,716975999
28523881,286,202,84,776802221
27529609,418,273,145,746900249
29022289,283,186,97,791829519
26779729,365,261,104,724421191
28277209,261,172,89,769373441
26282209,457,314,143,709542693
26031721,269,176,93,702063211
25777369,414,310,104,694473501
28777561,383,262,121,784448309
29528809,340,235,105,807128930
25282489,226,160,66,679731663
25527289,346,241,105,687020869
25035721,342,222,120,672391315
29270929,337,230,107,799337008
28028641,313,231,82,761895631
27278689,293,186,107,739372381
27031561,429,316,113,731963033
27781609,283,211,72,754469437
29778841,238,167,71,814692784
27530689,348,237,111,746933135
26531521,289,188,101,716996573
26780881,282,196,86,724456291
29022841,245,173,72,791846733
28777921,325,225,100,784459151
25778209,242,161,81,694498845
25527961,259,179,80,687041317
28524241,271,177,94,776812559
28029289,396,297,99,761914297
28278049,329,236,93,769398731
26282449,372,275,97,709550427
27782281,319,219,100,754489513
26031769,263,167,96,702064573
25283161,279,203,76,679752543
25035889,418,272,146,672396391
27531289,314,228,86,746951075
27279001,269,186,83,739382107
29271169,262,170,92,799344442
29529481,328,219,109,807148850
27032209,282,193,89,731983049
26781169,300,200,100,724464043
29023201,227,161,66,791858067
26531569,234,154,80,716997665
25528969,279,186,93,687071773
28779529,279,182,97,784507763
29778961,364,245,119,814695838
28029409,394,268,126,761917663
27783169,301,193,108,754515925
25778281,265,187,78,694501323
27532009,370,258,112,746972897
28278121,262,167,95,769400627
27279121,293,207,86,739385161
25036201,323,222,101,672406285
28524721,256,182,74,776827487
26032129,336,229,107,702074647
25283449,223,160,63,679761213
26283769,297,189,108,709589115
26781721,365,260,105,724481509
26531761,288,186,102,717003071
28780249,338,231,107,784529033
25529281,303,207,96,687080641
28029649,429,289,140,761925361
27033001,305,208,97,732006683
29271481,364,255,109,799353844
29529529,316,223,93,807151034
29023801,238,161,77,791875503
25778449,337,230,107,694505637
27533041,346,230,116,747003287
27783361,351,230,121,754521043
25036729,328,235,93,672422029
29779369,356,255,101,814707724
27279289,248,168,80,739390303
26032561,314,196,118,702087085
26534041,275,189,86,717071249
28781041,314,212,102,784553207
26782009,402,279,123,724489021
25283521,358,248,110,679762815
28279441,288,203,85,769440929
28029961,281,210,71,761934901
26284969,387,254,133,709625277
28526089,321,209,112,776867381
27033049,368,260,108,732008147
27533521,236,169,67,747017843
25038241,370,256,114,672465631
25529641,264,183,81,687091621
29024641,303,215,88,791901675
29779969,347,240,107,814726102
27279961,412,275,137,739410847
25779961,238,176,62,694552419
27783961,430,301,129,754538779
26032609,207,151,56,702088309
29271601,274,176,98,799357390
26535049,315,216,99,717100865
29530489,369,260,109,807180944
28781209,395,270,125,784558493
27033241,327,215,112,732014501
25038721,295,200,95,672480295
27533881,323,236,87,747029411
25283689,431,300,131,679768173
28526689,313,209,104,776885537
26783761,307,209,98,724542391
29024881,338,239,99,791909019
26285401,336,218,118,709638531
28279609,372,273,99,769446173
28030801,414,296,118,761959657
26536561,324,230,94,717146263
29780689,254,157,97,814748176
26033281,254,174,80,702109207
27784129,269,187,82,754544737
25530649,244,152,92,687121195
25780801,280,200,80,694576425
27280681,261,175,86,739432123
25039009,331,221,110,672489553
27034681,424,294,130,732056981
29530561,330,225,105,807182852
29271769,378,266,112,799362424
28781761,333,238,95,784575173
29025049,410,281,129,791914005
26537449,275,184,91,717172807
27534049,198,138,60,747033311
26033569,294,194,100,702117241
29781529,366,255,111,814774204
25284001,345,241,104,679777077
25780969,396,268,128,694582029
28527529,321,219,102,776910923
27281521,292,200,92,739456915
26784361,400,270,130,724561399
25039081,237,164,73,672491761
28032481,266,182,84,762011377
26286121,233,142,91,709660059
25531249,341,232,109,687139807
28282489,275,180,95,769531713
27785209,315,197,118,754578061
27034849,341,240,101,732062003
26537809,357,247,110,717183979
29025361,302,209,93,791923641
26034241,237,175,62,702137725
25781281,241,176,65,694591257
25039681,374,275,99,672508657
29531041,217,159,58,807197810
29781649,410,286,124,814777762
28528609,372,275,97,776945207
29273161,363,274,89,799404142
25284289,308,217,91,679785147
28032769,346,254,92,762020201
27281641,351,239,112,739460089
28781881,451,326,125,784578197
27035401,511,347,164,732079175
27535369,401,280,121,747073547
26784409,322,223,99,724562671
28283161,221,149,72,769552419
26286241,257,196,61,709662993
25532161,376,257,119,687165937
27785521,220,142,78,754587673
26539081,443,299,144,717220855
25782409,319,199,120,694624725
25039849,387,257,130,672513097
29026201,378,261,117,791948841
26034649,226,148,78,702149161
27282481,351,243,108,739485493
28033441,425,308,117,762039269
28529041,265,180,85,776957285
25284361,302,220,82,679787049
28284601,231,159,72,769596495
26539489,348,242,106,717233923
27787369,270,193,77,754641553
27035521,291,196,95,732082493
29531209,321,223,98,807202796
29781889,434,296,138,814784200
27537001,348,244,104,747122261
29273521,349,244,105,799416346
25039921,214,142,72,672515233
25784089,241,164,77,694675325
28782049,349,251,98,784583447
26785249,307,203,104,724587231
26286409,424,301,123,709668171
25532329,309,205,104,687171343
29026561,284,189,95,791959359
27283489,390,257,133,739515649
28033609,373,260,113,762044513
28530121,314,212,102,776990387
26034961,318,223,95,702158551
25040569,274,187,87,672535273
25784641,223,160,63,694691273
26539969,267,188,79,717248857
27537241,291,200,91,747129155
27787489,365,264,101,754645747
28284769,322,227,95,769600689
25284529,366,266,100,679792509
29782369,279,190,89,814799416
27035761,265,175,90,732090065
27283561,383,280,103,739517701
28034161,211,153,58,762061679
29531569,281,196,85,807213632
29273689,318,218,100,799420972
29028049,325,231,94,792004261
25532761,329,222,107,687184735
26286961,433,311,122,709685379
28782769,292,195,97,784605023
26785609,331,229,102,724597599
28530721,358,264,94,777007565
25040929,350,241,109,672545929
27539089,451,305,146,747186323
25784929,389,255,134,694700015
26035129,336,213,123,702164143
28285489,310,208,102,769622835
26540089,254,180,74,717251749
29782561,337,226,111,814804654
27284161,320,233,87,739535701
28034449,309,200,109,762070679
27788041,363,263,100,754661935
25284841,346,240,106,679801977
29028721,407,278,129,792024871
28530769,329,234,95,777008885
25785601,295,194,101,694719791
27539689,291,179,112,747204665
25042249,291,197,94,672584657
27036769,413,269,144,732119291
25533481,297,201,96,687205657
26035249,359,233,126,702167539
26287801,315,218,97,709710867
29274001,210,139,71,799430020
26785921,336,232,104,724607589
29531881,342,235,107,807223310
28285849,312,215,97,769633023
28782889,274,178,96,784608359
27284329,363,261,102,739540327
29784169,317,214,103,814852964
28034521,338,247,91,762072503
25785841,264,178,86,694726445
29028841,267,186,81,792027937
28530961,375,267,108,777015077
26541481,427,271,156,717293719
27541249,314,220,94,747250571
27788401,301,202,99,754673599
25285009,350,231,119,679806645
25042441,290,201,89,672590099
26035489,337,230,107,702175113
28287169,283,187,96,769673295
25534321,348,252,96,687230059
27037201,321,234,87,732132923
27285001,307,215,92,739562323
26288089,326,229,97,709719279
25786681,469,334,135,694751559
26786209,364,259,105,724615311
29784721,283,195,88,814870454
28034689,364,255,109,762077279
28531801,209,141,68,777041415
29274121,372,265,107,799433428
29533681,234,163,71,807277928
27541441,351,255,96,747256049
28782961,414,290,124,784610699
25043041,273,183,90,672609659
27788881,258,186,72,754688947
26542441,251,180,71,717321829
26035969,407,271,136,702188733
29029009,228,157,71,792034177
25285969,302,208,94,679836525
28287289,289,188,101,769677213
27285241,311,217,94,739568671
25788121,427,291,136,694794429
29786089,261,180,81,814910906
28532401,227,153,74,777058803
25534441,319,218,101,687234235
28035001,261,186,75,762086903
27037249,369,269,100,732134351
25043089,301,208,93,672610823
26288329,301,214,87,709726101
26786281,310,202,108,724617639
26036089,289,183,106,702193209
28783561,259,172,87,784629035
29029729,232,149,83,792054457
27789409,357,250,107,754704529
27542089,224,149,75,747276561
29274169,282,194,88,799435276
28287361,336,243,93,769679127
27286009,342,229,113,739591189
29533921,327,232,95,807284786
25789129,397,287,110,694824339
26542489,280,191,89,717322855
25288369,368,255,113,679906695
28532641,306,203,103,777065775
25043281,337,230,107,672615591
29786521,324,229,95,814924226
28035361,308,213,95,762097253
26036761,274,189,85,702212239
28783609,289,197,92,784630325
26786761,271,180,91,724633299
25534849,344,232,112,687246205
28287529,326,216,110,769684347
27037609,296,201,95,732145013
27286249,381,250,131,739598779
29030401,186,126,60,792075067
26288641,269,193,76,709735817
25789201,268,180,88,694827255
28533121,297,194,103,777081249
27542209,309,213,96,747279765
27791089,409,263,146,754753519
25043449,338,222,116,672620175
29274361,338,219,119,799440448
29534689,478,336,142,807306800
26037001,237,158,79,702220315
25288729,372,262,110,679917241
26542849,329,240,89,717334561
28036681,309,197,112,762136007
26788609,237,161,76,724687923
28783801,325,225,100,784636229
28288681,307,200,107,769719255
27286561,315,220,95,739608055
29030569,349,237,112,792080745
25535161,266,185,81,687255097
29786761,241,161,80,814931234
27038281,353,246,107,732164705
28534081,310,227,83,777108991
26289001,342,241,101,709746599
25044289,209,148,61,672645951
25790041,227,156,71,694852197
27542929,364,258,106,747300263
26037481,378,257,121,702234739
27792409,409,289,120,754793791
26788969,251,173,78,724698765
28785409,335,234,101,784683545
29274841,309,230,79,799456186
27286849,352,251,101,739616761
25289041,413,288,125,679926337
26543329,361,259,102,717348593
29534761,302,192,110,807309992
28037041,351,264,87,762146885
27038761,300,194,106,732179663
25044601,490,346,144,672655941
26037769,323,240,83,702242977
28534249,335,219,116,777114739
28289881,320,201,119,769754115
25535329,312,216,96,687260443
29786929,444,310,134,814936034
27543049,332,242,90,747304731
29030929,353,248,105,792090747
28786129,351,234,117,784705619
27287569,286,194,92,739639309
26289481,328,237,91,709761041
25790641,367,255,112,694869997
29274961,222,151,71,799459678
29535241,283,189,94,807324302
26789281,266,182,84,724708305
27793921,255,168,87,754838929
25044889,205,136,69,672664059
25289569,447,329,118,679941985
27039769,296,197,99,732209939
26037841,275,181,94,702245317
26544169,255,189,66,717374519
27543289,291,209,82,747311835
28037881,350,239,111,762172223
29787601,376,263,113,814957058
28535161,345,223,122,777141487
28787761,292,214,78,784755155
27288241,327,227,100,739658965
28290649,365,235,130,769778027
25536001,291,204,87,687280807
25045129,407,286,121,672672297
29031241,325,216,109,792101457
29536081,258,172,86,807349736
26038609,283,192,91,702267487
27040129,325,237,88,732220745
26289649,280,190,90,709765175
25794889,405,291,114,694996345
29275009,302,217,85,799461118
27543601,334,233,101,747320853
26789401,210,146,64,724711569
25291081,288,210,78,679988427
27794449,314,217,97,754855343
28535641,281,177,104,777156121
28788481,293,212,81,784778279
29788201,285,207,78,814975304
25045609,292,202,90,672686337
26544289,351,244,107,717377459
28291489,412,304,108,769802903
25537129,399,282,117,687313501
28040041,414,278,136,762238367
29536369,438,295,143,807358010
27288409,277,186,91,739663489
26038681,293,192,101,702269569
27040729,327,222,105,732238483
29275369,331,220,111,799471546
26790121,307,207,100,724732929
25795729,418,299,119,695021371
25046569,303,210,93,672713631
27543721,363,231,132,747324137
28788841,297,204,93,784788749
26290009,260,175,85,709776665
29031361,294,210,84,792104607
29788921,418,278,140,814996280
28536481,244,170,74,777181459
25291249,319,218,101,679992435
28292401,307,199,108,769829837
27795049,310,219,91,754873511
29536609,329,216,113,807365318
26544961,289,191,98,717396731
26039281,350,232,118,702288235
25537801,336,230,106,687333355
25047289,290,196,94,672735359
27041449,383,257,126,732259543
28040209,325,209,116,762242531
26790241,259,179,80,724736139
26290681,371,267,104,709796063
28789609,303,203,100,784811671
27288601,364,269,95,739669135
29789449,428,285,143,815012894
28536601,353,263,90,777185041
25796401,271,190,81,695041975
28292569,355,247,108,769835717
29275801,329,230,99,799484800
27544729,316,215,101,747354755
25291561,280,184,96,680002713
29537089,398,283,115,807379820
29032369,350,253,97,792134623
26039449,369,257,112,702293113
25047961,252,169,83,672755477
27041569,215,149,66,732263479
26291281,285,201,84,709813871
27795721,411,277,134,754892633
28789681,423,307,116,784813693
25537849,321,222,99,687335605
26790289,397,274,123,724737477
26545009,345,224,121,717398507
28040329,300,180,120,762246629
28536769,284,183,101,777189781
29790601,246,168,78,815048118
27289921,335,240,95,739708555
28293721,269,173,96,769870337
26039521,259,174,85,702295027
25048129,363,255,108,672760067
29539441,416,300,116,807450950
25798369,250,172,78,695099761
25291729,254,178,76,680006931
26291449,387,267,120,709818629
28790449,336,246,90,784836877
27544801,300,194,106,747357227
29275969,382,272,110,799489432
27042241,292,206,86,732283453
29032441,266,194,72,792137281
28538161,336,235,101,777231599
28040569,448,320,128,762253055
25538521,325,227,98,687354797
25049161,272,176,96,672790471
27796441,230,174,56,754914297
29791129,328,204,124,815063804
26040169,324,220,104,702314635
26790649,444,290,154,724748097
26546521,192,136,56,717445067
28294729,291,196,95,769901519
26292001,350,265,85,709835837
25292569,379,262,117,680031519
27290089,317,217,100,739713259
28791001,389,270,119,784852513
29539561,319,220,99,807454712
27043249,333,226,107,732313639
25799041,299,210,89,695120437
27544969,331,226,105,747361781
28041841,280,175,105,762292073
25049641,300,199,101,672805291
28538281,421,283,138,777235067
29792641,335,234,101,815109584
29276641,278,192,86,799509638
26292169,431,304,127,709840775
26040361,316,213,103,702320167
29032609,261,172,89,792141799
25538881,336,229,107,687365993
25292689,335,238,97,680035389
26547361,263,159,104,717469565
27797449,258,179,79,754944405
26790961,270,192,78,724757919
28791361,251,167,84,784864423
27044761,288,184,104,732359155
28295689,401,274,127,769929629
25050001,314,222,92,672815887
29539729,309,220,89,807460094
28041889,296,206,90,762293867
27545449,258,178,80,747377057
27290761,262,172,90,739733699
25799881,288,200,88,695145109
26040529,409,281,128,702324637
25294369,251,171,80,680084565
29033209,485,346,139,792160339
28538329,320,206,114,777236585
29792809,301,218,83,815114576
26791249,276,194,82,724766471
25050481,282,193,89,672830407
27044929,304,215,89,732364963
28792681,248,171,77,784903223
26293009,356,260,96,709865357
25539649,271,176,95,687387803
29277481,295,180,115,799534312
29539969,324,231,93,807466418
26547649,427,296,131,717478571
28042009,312,217,95,762297125
27798409,368,239,129,754973247
26040841,338,218,120,702334255
28295929,285,200,85,769937489
25294441,390,256,134,680086533
27545569,362,247,115,747380033
27290929,318,211,107,739738673
29033281,378,280,98,792162577
25800721,292,201,91,695170753
25050769,429,319,110,672838579
26792089,235,164,71,724791209
28793041,381,255,126,784914431
27045169,406,278,128,732372649
29793481,381,269,112,815134286
28539001,364,245,119,777258311
26293369,361,263,98,709876457
25295761,285,214,71,680126559
25540369,353,245,108,687410777
29540449,243,170,73,807480920
29278201,269,166,103,799555894
26547889,225,148,77,717485411
28296241,279,182,97,769946789
25052329,283,194,89,672884425
26794321,294,193,101,724858949
29033449,342,223,119,792168055
28042561,279,182,97,762315557
26041009,318,219,99,702338995
27045481,315,216,99,732381787
27798481,344,239,105,754975797
28795369,367,254,113,784984365
29793649,341,241,100,815139224
27546481,280,189,91,747408413
25800769,265,181,84,695171953
27291721,393,274,119,739762065
25296121,342,227,115,680137095
26548201,267,181,86,717495047
28539289,283,199,84,777266111
25052449,356,237,119,672887521
25541161,333,225,108,687434177
26794681,247,170,77,724869539
27045649,283,185,98,732386467
26293801,353,253,100,709889183
29033929,297,191,106,792182581
29279881,258,171,87,799607152
26041849,343,231,112,702363961
29794801,301,213,88,815174666
28296361,347,229,118,769950011
29542489,299,215,84,807542214
25296769,197,135,62,680157435
28795561,325,215,110,784990497
28042849,346,245,101,762323429
27799129,346,248,98,754994691
27547249,333,239,94,747431375
25052689,333,208,125,672895009
28540201,364,237,127,777293861
25800889,268,189,79,695175355
26794849,297,192,105,724874465
27291769,432,284,148,739764303
26042881,364,250,114,702395719
29034121,328,239,89,792187741
27045841,275,199,76,732391849
29280241,301,199,102,799617784
25541209,299,195,104,687436079
26548321,311,215,96,717498815
25296889,362,265,97,680161215
29794969,287,195,92,815179826
26294041,288,202,86,709895387
25054801,393,258,135,672958219
28043401,310,225,85,762339959
28296409,306,222,84,769951757
27548161,243,163,80,747458117
29543809,164,106,58,807582480
26795521,345,239,106,724894727
26043529,339,228,111,702414499
28796401,290,194,96,785016801
27799969,328,226,102,755020503
28540849,332,237,95,777313147
25541881,337,227,110,687455843
29280841,371,265,106,799635778
25297729,409,307,102,680185203
25800961,244,162,82,695177779
29795641,401,274,127,815200964
25055209,353,244,109,672971341
29034721,296,204,92,792206317
27291889,261,161,100,739768473
27046681,301,198,103,732416947
26548729,242,180,62,717510395
28043929,276,189,87,762355205
26294209,381,273,108,709901333
26044201,353,257,96,702435019
26796169,238,163,75,724914977
27548329,302,203,99,747462755
25297969,379,278,101,680193081
28796881,322,229,93,785030937
25542001,391,283,108,687459647
25056721,324,213,111,673015963
28297201,279,185,94,769975775
29034769,313,218,95,792207523
29544169,279,202,77,807593328
27800089,404,285,119,755023809
29795761,352,267,85,815204372
25801441,300,204,96,695193379
28540969,354,252,102,777316063
28045201,437,305,132,762393641
26044489,173,111,62,702443473
26796361,324,189,135,724919627
29281009,312,215,97,799641184
27292129,386,255,131,739774863
25298641,375,251,124,680212023
27549481,427,324,103,747498047
25542841,276,178,98,687483611
27047161,296,206,90,732431335
26549041,307,209,98,717520187
28797409,312,209,103,785046567
26294881,413,296,117,709920827
25057369,261,180,81,673035553
29034961,281,196,85,792213211
26044729,342,226,116,702450487
26796529,293,188,105,724925093
29796649,260,183,77,815230838
28045609,338,234,104,762405179
27800161,311,207,104,755026707
28297369,283,193,90,769980659
25299121,324,226,98,680226913
27550321,363,250,113,747523211
25543249,259,177,82,687495869
25801609,306,218,88,695198281
29544769,267,191,76,807612156
29281729,357,232,125,799663000
28541881,217,135,82,777343741
27292561,291,202,89,739787121
27047281,383,266,117,732434641
26549209,340,249,91,717524897
26045329,414,282,132,702468853
29035441,257,185,72,792228469
26797009,356,248,108,724938911
26296201,304,221,83,709960949
25057729,277,169,108,673045777
28797721,375,253,122,785056161
29797441,334,247,87,815254730
28046761,233,167,66,762440597
25299481,326,242,84,680237161
27551449,281,189,92,747556547
25543681,337,240,97,687508403
27800329,329,249,80,755031243
29282521,298,190,108,799687240
25801729,380,259,121,695201209
28297921,258,194,64,769997861
26045881,312,214,98,702486445
29036809,378,261,117,792269287
26797681,257,171,86,724959257
25299649,290,205,85,680242657
29544841,417,289,128,807614316
28542529,478,314,164,777363919
27552289,346,244,102,747581651
28046881,329,227,102,762443831
27292609,373,269,104,739788249
26549401,321,220,101,717530723
29798449,380,243,137,815285438
25544089,372,241,131,687522233
25058041,267,190,77,673055263
27047329,357,251,106,732435787
26296489,298,205,93,709970037
28797889,303,207,96,785061135
29282689,375,248,127,799692268
26046841,312,214,98,702513679
27801481,355,244,111,755065671
26797801,285,182,103,724962797
25300081,282,190,92,680255389
29037121,307,192,115,792278167
27553849,331,232,99,747628871
28047049,336,234,102,762448487
25802281,386,274,112,695217079
29799001,260,182,78,815302880
28298041,341,225,116,770001023
26550409,331,228,103,717561749
28542649,369,268,101,777368539
27292801,351,228,123,739794717
25545409,352,241,111,687560873
25058161,357,261,96,673058545
29545441,279,169,110,807632128
26047561,244,172,72,702535723
27801841,350,233,117,755076273
29282761,322,231,91,799694332
26296561,257,170,87,709972215
25300129,327,210,117,680256571
27047689,390,260,130,732446695
26798041,354,240,114,724969943
29037289,408,262,146,792283033
28798009,306,214,92,785064717
28047601,302,208,94,762465659
29799361,280,190,90,815312812
26550841,298,199,99,717574535
25802401,206,149,57,695220613
27553969,356,239,117,747632207
25300969,265,167,98,680281269
26047921,247,156,91,702546019
26798209,315,205,110,724974635
29283409,260,173,87,799713532
28298209,279,203,76,770005979
27802609,347,265,82,755099415
25058329,445,322,123,673063327
25545601,257,165,92,687566867
26296729,292,201,91,709977507
28798681,370,268,102,785084835
28544161,308,222,86,777412969
27293281,298,200,98,739808295
28047889,286,189,97,762473415
29037409,301,205,96,792286957
29546161,346,248,98,807653872
27048121,250,172,78,732460879
29799529,272,200,72,815318098
26551561,265,160,105,717595301
26798641,315,223,92,724988519
25059049,315,223,92,673084801
29283601,269,191,78,799719058
26048569,356,242,114,702564817
25547449,290,188,102,687621003
25802641,337,233,104,695228587
26297041,282,179,103,709986627
28544209,256,174,82,777414361
25301761,266,180,86,680305317
27554041,309,204,105,747634403
28798849,254,185,69,785090541
28299769,353,262,91,770052485
27803161,207,133,74,755116881
27294409,312,223,89,739843035
28048129,391,266,125,762481833
29800009,351,246,105,815332528
25059169,307,227,80,673088701
26554081,201,130,71,717670703
27048361,416,296,120,732467713
29038129,271,188,83,792309325
26048689,451,327,124,702568003
25547881,391,276,115,687633381
29547121,408,283,125,807683074
26297329,339,243,96,709994289
29284201,270,183,87,799738822
26799649,344,252,92,725019155
28799401,289,200,89,785107347
25802809,407,292,115,695232775
25301929,282,179,103,680310291
25059409,282,194,88,673095505
28545169,271,192,79,777443521
27554209,383,282,101,747639071
26554249,289,201,88,717675689
29800129,319,207,112,815335522
26048761,496,374,122,702570547
25548049,327,219,108,687639429
26298001,306,197,109,710014653
28299889,403,280,123,770056127
27804169,317,215,102,755146959
29284441,349,242,107,799746706
28799761,254,182,72,785118099
27294649,389,261,128,739850133
28048561,322,221,101,762493899
27049801,322,226,96,732510541
25803409,307,210,97,695250535
29039641,333,237,96,792354637
25059889,326,230,96,673109413
26799889,271,189,82,725025911
29547169,486,322,164,807684118
26554369,319,228,91,717678515
26298721,219,162,57,710036337
26049601,376,252,124,702595459
25549561,322,219,103,687684267
28300561,246,170,76,770076551
25302769,368,259,109,680336289
29801689,327,217,110,815382748
28800241,339,223,116,785132723
27554689,321,221,100,747654071
29285281,275,179,96,799771504
28545841,298,194,104,777463789
25060249,277,194,83,673119995
25804921,280,193,87,695297259
27804289,383,277,106,755149923
26050081,337,238,99,702610201
27295249,310,214,96,739868043
26298841,402,282,120,710039511
26800369,386,268,118,725040557
28048729,363,248,115,762498483
27049969,308,210,98,732515569
26555761,373,264,109,717720629
25549801,276,178,98,687691521
29039929,371,270,101,792363463
28800361,370,251,119,785136173
29547841,282,196,86,807704998
25060561,331,237,94,673129559
29801809,327,233,94,815386348
25302841,282,193,89,680338389
25804969,289,189,100,695298289
28300609,345,226,119,770078915
29285449,298,206,92,799776334
26050201,253,170,83,702613825
27554881,324,235,89,747659123
26800561,441,323,118,725045939
26298889,297,208,89,710041611
28049449,401,277,124,762520887
28546681,276,195,81,777488825
25550449,346,243,103,687710955
25060921,402,287,115,673140209
27804841,277,184,93,755166861
27295921,354,235,119,739888905
28800769,344,242,102,785148437
27051361,283,196,87,732557749
26556961,455,321,134,717756923
25807489,334,238,96,695371845
29802049,351,241,110,815394022
26299681,332,232,100,710065281
29040001,224,157,67,792365647
26801041,310,204,106,725060093
25303321,341,239,102,680352711
29286769,378,256,122,799815064
28049809,416,288,128,762532581
29547961,236,162,74,807709108
25061401,197,116,81,673155491
28300729,392,266,126,770082455
26050249,322,229,93,702615217
25550641,288,204,84,687716187
27296329,312,215,97,739901313
27555361,309,215,94,747674057
28802281,348,239,109,785195189
25810129,312,217,95,695450967
28547089,339,216,123,777501065
29802361,295,189,106,815403460
26299729,235,153,82,710066703
27805849,376,273,103,755197545
26801161,386,259,127,725063741
26557129,262,188,74,717761837
28050241,347,252,95,762544613
27051481,308,217,91,732561049
25061521,269,177,92,673158563
25303441,285,179,106,680356287
25550809,357,257,100,687721017
27296809,316,227,89,739915191
29287561,348,252,96,799839712
25810969,344,237,107,695476101
28300969,306,210,96,770088989
29040601,350,243,107,792382925
26050441,328,217,111,702620743
28802881,337,213,124,785212271
29548969,409,283,126,807738742
29802529,239,184,55,815408128
26299921,366,253,113,710072031
25062529,317,238,79,673188329
27556729,409,266,143,747714783
28051081,396,287,109,762570695
26801569,251,163,88,725076173
26557969,261,178,83,717786333
28547569,372,264,108,777515525
25811209,406,299,107,695483109
27297001,267,179,88,739920591
27051721,400,266,134,732567799
27805969,236,161,75,755201427
25551649,437,295,142,687745635
26051281,225,155,70,702646305
26302201,356,226,130,710139375
25303609,335,237,98,680361141
29804041,273,182,91,815453866
25063249,254,180,74,673209963
29287729,329,224,105,799844992
28301281,372,240,132,770098637
28051129,340,238,102,762572117
29041681,352,259,93,792414863
26558281,332,215,117,717796159
28803721,320,224,96,785237639
25811641,296,207,89,695496681
29549809,297,208,89,807764308
27053041,301,194,107,732606835
27298441,315,226,89,739964835
27557041,296,217,79,747724461
25551961,352,257,95,687755805
26802001,425,311,114,725088185
26302609,310,219,91,710152275
25063609,317,223,94,673221225
28547689,350,250,100,777519257
29804209,383,246,137,815458918
27806521,339,231,108,755217399
26051449,312,224,88,702650613
29287969,380,247,133,799851856
25303849,357,244,113,680367741
25811881,296,213,83,695503029
26558449,261,170,91,717800797
28051489,397,272,125,762582455
27053209,316,220,96,732611533
27298849,330,221,109,739977327
25063921,231,149,82,673230069
28301401,389,278,111,770102627
26302921,352,257,95,710161695
25552081,208,150,58,687760179
29041849,320,213,107,792420707
29550889,323,219,104,807797200
28804129,417,291,126,785249421
29804329,306,226,80,815463124
27557209,237,150,87,747729429
26803009,302,221,81,725119727
25812481,304,211,93,695521533
26558569,280,197,83,717805639
29288401,319,199,120,799864972
27054169,374,277,97,732641245
28052809,355,257,98,762621893
28548529,257,174,83,777545309
25064449,310,226,84,673245051
26051881,361,243,118,702663417
27807049,268,184,84,755234037
27299521,360,231,129,739996599
25305001,357,232,125,680402465
26303449,328,228,100,710177031
25552249,291,201,90,687764289
25812529,340,229,111,695523021
26559121,274,173,101,717821377
29552041,329,227,102,807831844
29290969,428,290,138,799942334
28301809,291,191,100,770114459
27054241,285,193,92,732643063
25064881,263,161,102,673257939
29043169,266,176,90,792460047
28052929,299,198,101,762626399
26803081,447,328,119,725122139
28805281,335,216,119,785284155
27300121,306,203,103,740013963
27557329,422,310,112,747733665
29804569,358,239,119,815469916
26305561,246,167,79,710241939
25305361,399,281,118,680413061
26052601,299,212,87,702684361
28548601,241,165,76,777547549
26559241,350,250,100,717824521
25552801,253,176,77,687781677
27808321,299,219,80,755272197
29291809,332,233,99,799967294
25812649,326,216,110,695526261
25065289,314,233,81,673270827
27054409,431,289,142,732648373
26803681,311,205,106,725138669
28053001,273,182,91,762628229
27300529,291,187,104,740026935
26305729,329,220,109,710246235
28302409,241,172,69,770133459
29552161,287,203,84,807835186
29043961,449,312,137,792484197
26559289,287,192,95,717825625
27558409,343,238,105,747765865
28805401,264,171,93,785287779
25066441,303,191,112,673304655
25553929,292,210,82,687814577
27054721,281,192,89,732657181
29292841,372,249,123,799998084
26803729,296,214,82,725140067
29804881,290,202,88,815479534
25813321,367,241,126,695546421
25305529,295,220,75,680417669
28056361,359,253,106,762728417
26052889,357,234,123,702693367
27300841,305,220,85,740036937
26306809,311,206,105,710278311
28548769,358,238,120,777552433
27808369,290,208,82,755273625
25066609,278,186,92,673309563
26559409,440,340,100,717830053
29552329,356,227,129,807840352
27054889,318,222,96,732661915
25813561,257,174,83,695553621
26804521,292,187,105,725163023
25554649,386,259,127,687835829
28303081,265,175,90,770153757
29293009,414,299,115,800004402
28056961,337,200,137,762746255
25306849,380,250,130,680456825
27559849,325,212,113,747808793
29044201,331,234,97,792491661
28805809,383,251,132,785300385
26307241,313,233,80,710291691
25066729,316,221,95,673313037
26053441,387,276,111,702711019
29805169,268,193,75,815487478
26559961,337,230,107,717845947
27301801,376,253,123,740065041
28549441,355,248,107,777572131
29552881,324,205,119,807857896
27809329,269,184,85,755301447
26805241,278,197,81,725185445
28057009,370,263,107,762748073
29293489,252,168,84,800018400
25307641,368,264,104,680481035
27055849,309,225,84,732692163
25554769,323,230,93,687839249
25813729,397,279,118,695558583
26307649,267,177,90,710302911
25066969,404,284,120,673319997
29044681,381,267,114,792507063
28303801,295,210,85,770174661
27561361,249,169,80,747854273
26053561,309,204,105,702714715
29553841,326,222,104,807885778
28807081,319,225,94,785338275
29805241,337,219,118,815489542
26560489,361,241,120,717861679
28057681,288,199,89,762769085
25307809,407,296,111,680485847
27056569,296,200,96,732712779
27301969,391,267,124,740070711
27809401,298,210,88,755303685
26308969,257,183,74,710342517
29293609,287,199,88,800022366
25068289,360,233,127,673359003
28549921,300,204,96,777585919
26805769,280,184,96,725201477
25555009,386,258,128,687845981
29044801,359,226,133,792510477
26054449,291,216,75,702741529
25814209,303,202,101,695572839
29554729,384,261,123,807912970
28058521,267,186,81,762794501
25307881,304,211,93,680487695
28304161,357,258,99,770185677
27056929,242,177,65,732722937
26309089,283,203,80,710345941
26560801,263,186,77,717872065
27561529,369,236,133,747858707
25068409,309,197,112,673362657
27302641,302,228,74,740090691
29293681,351,234,117,800024670
25555441,308,226,82,687858593
28807489,389,283,106,785351085
29806681,355,229,126,815534158
27810169,269,179,90,755326677
26806081,263,186,77,725210151
28550281,328,223,105,777596587
25308649,243,174,69,680510807
29555521,392,271,121,807937660
26309161,385,269,116,710348101
29044849,226,148,78,792512031
27057241,272,200,72,732733617
25068649,324,202,122,673369593
26561641,336,229,107,717896683
26055121,279,191,88,702761455
25815001,253,176,77,695596335
28059049,308,218,90,762810623
25555489,254,185,69,687860003
29294329,367,248,119,800044434
28304641,311,213,98,770199471
27302689,287,203,84,740092161
27561769,282,193,89,747866159
25308721,276,208,68,680513189
26309329,347,228,119,710353039
25069249,290,201,89,673387557
27057409,305,208,97,732738417
28807969,311,227,84,785365095
29555569,315,215,100,807940018
26561929,349,253,96,717904639
29807521,318,229,89,815560702
28059529,221,141,80,762823883
26055649,239,163,76,702776785
27812689,269,185,84,755403065
25556329,399,266,133,687885983
26806921,335,224,111,725236767
29045041,349,221,128,792517929
28553641,323,224,99,777699597
25815169,376,265,111,695600535
25309561,302,217,85,680537795
25069489,289,202,87,673394019
26309809,317,223,94,710367385
27057529,309,206,103,732742365
26564449,328,240,88,717979713
29294449,332,216,116,800047722
27302809,388,263,125,740095623
26056249,405,268,137,702795709
29555689,309,206,103,807943420
28305001,231,143,88,770209665
27562081,277,188,89,747875453
25558201,436,302,134,687941733
25815409,284,208,76,695608509
28809481,333,228,105,785411061
25069801,287,196,91,673404009
25311001,297,194,103,680580599
26310841,407,296,111,710397319
28059721,492,332,160,762829499
27812761,306,219,87,755405555
29807689,401,298,103,815564878
26807881,270,186,84,725265315
27058201,245,162,83,732762003
29045209,409,289,120,792522777
26564521,205,135,70,717981933
28553809,374,259,115,777704271
27303481,362,255,107,740115615
26056489,393,253,140,702801859
29555761,316,214,102,807945124
25558801,224,156,68,687960669
25311049,240,156,84,680581691
25815721,304,225,79,695618799
26311321,214,149,65,710413207
29295001,294,200,94,800064330
27562201,343,248,95,747878855
28305169,429,278,151,770214495
25069921,345,237,108,673407237
27058609,348,224,124,732774525
26565841,232,157,75,718022559
28061161,419,292,127,762872501
26057641,270,169,101,702837055
27303721,324,202,122,740122521
25558969,446,309,137,687964665
28809841,349,258,91,785421537
27812929,257,167,90,755410301
26808289,278,192,86,725277549
29557249,337,225,112,807989914
25816009,329,226,103,695626383
29807761,302,203,99,815566696
26312449,287,196,91,710447413
29045881,270,187,83,792542127
28556089,230,166,64,777772899
25311241,317,227,90,680587241
27059209,291,203,88,732792411
26566201,341,241,100,718032279
25559641,316,223,93,687984885
28061569,302,207,95,762884249
29295289,217,142,75,800073690
27304369,237,173,64,740143465
25071169,391,269,122,673445769
27563209,429,313,116,747909373
26057809,380,272,108,702841555
28305841,390,278,112,770235721
26808721,341,235,106,725289849
25816729,260,179,81,695648313
26314201,307,211,96,710499589
29557609,394,255,139,808000330
28810321,288,213,75,785436381
27813769,266,185,81,755435141
27059761,218,138,80,732809253
29046361,340,239,101,792556731
25311721,282,195,87,680601653
25559689,286,188,98,687986145
29809369,331,229,102,815616020
28556161,297,197,100,777774351
27305041,254,181,73,740162179
28061881,243,161,82,762895343
26057929,377,250,127,702845323
25817401,239,161,78,695668941
26809441,325,228,97,725311623
26315041,248,172,76,710524699
26567689,361,243,118,718076049
25071841,279,189,90,673465509
27563449,308,203,105,747917191
29295529,422,282,140,800080752
27060289,376,258,118,732824071
28306609,332,231,101,770258443
29560801,331,230,101,808096804
25560721,290,205,85,688016983
26058169,436,298,138,702852751
28062049,312,203,109,762899945
27305329,439,305,134,740170693
26315521,312,226,86,710538475
26809609,319,220,99,725316885
29046529,319,235,84,792561927
27814921,324,218,106,755469965
25312249,511,363,148,680617295
28810609,290,210,80,785444511
25818241,293,202,91,695694237
26567809,295,207,88,718079565
29809921,268,182,86,815632592
25072321,262,174,88,673479375
28556809,322,222,100,777793731
29561281,306,233,73,808111834
26059609,343,231,112,702895081
27060721,296,207,89,732837403
27563881,338,218,120,747929677
27305401,330,220,110,740172895
25561321,320,228,92,688034239
26315689,257,184,73,710543491
26810401,291,186,105,725339685
29295841,312,203,109,800089836
29048161,359,260,99,792610885
28306849,297,202,95,770265913
26567881,301,202,99,718081647
27816049,268,177,91,755504087
28063081,317,207,110,762930731
25818409,332,237,95,695698327
25313521,271,183,88,680655521
25073449,397,274,123,673512603
28811281,296,189,107,785465439
25561369,299,195,104,688035871
29561401,318,208,110,808115128
26316481,350,230,120,710566471
27305569,309,204,105,740177953
27564049,372,279,93,747934531
26810569,307,205,102,725344275
26059681,313,221,92,702897337
29810041,366,267,99,815635976
28556929,332,229,103,777797619
26568481,383,270,113,718100241
29049049,318,215,103,792637957
27061609,281,197,84,732863689
25818601,403,262,141,695703979
28307449,253,165,88,770283769
29296009,459,344,115,800094960
27306049,224,143,81,740193437
29561641,263,168,95,808122760
26316649,353,254,99,710571823
26060329,316,212,104,702916315
25073689,224,151,73,673519227
26810809,262,182,80,725352069
27816121,299,206,93,755506265
25313569,284,187,97,680656583
25561729,330,233,97,688046089
28063729,307,207,100,762951089
26570041,253,186,67,718147125
27564721,425,305,120,747954463
29049409,245,167,78,792649549
28813129,292,199,93,785520759
25818769,253,192,61,695709361
28558441,270,200,70,777843259
29810089,268,188,80,815637692
25074121,327,221,106,673531989
26316889,304,215,89,710578891
26060689,371,231,140,702928309
27062449,395,280,115,732888823
27306841,287,177,110,740216273
29561809,338,235,103,808127440
27816601,354,258,96,755520029
25313689,301,216,85,680660507
26570161,350,248,102,718151067
25562209,360,253,107,688059811
29296129,388,290,98,800098584
28307689,329,241,88,770291269
26811121,345,221,124,725360601
25819441,348,239,109,695729265
27565129,378,272,106,747966523
28064521,304,213,91,762974657
25074529,344,235,109,673545681
26318569,286,204,82,710629947
26061121,303,217,86,702941113
29050561,256,170,86,792684835
27062641,319,220,99,732895543
29562409,417,302,115,808145320
27817129,333,231,102,755536349
28813801,295,188,107,785540403
25313929,250,182,68,680667713
28559521,382,273,109,777876163
29810929,294,195,99,815663980
25563001,302,195,107,688083895
27306889,244,175,69,740217797
25820209,361,246,115,695752149
25074961,333,225,108,673558485
26571001,345,224,121,718175763
26319049,371,263,108,710643453
27565441,318,226,92,747976579
26061361,337,238,99,702947989
29297209,358,238,120,800130210
28308169,446,307,139,770306125
26811289,436,305,131,725365593
27062809,321,216,105,732900511
25315441,401,282,119,680711999
29562649,274,184,90,808152196
27817441,244,169,75,755546477
28064689,336,229,107,762979205
25563841,244,173,71,688108529
25076041,313,200,113,673590513
26319721,338,233,105,710664261
29050849,218,140,78,792692953
25823569,344,233,111,695852169
28813969,432,301,131,785545449
27565729,295,208,87,747984895
26061961,253,176,77,702965527
27308689,367,258,109,740271863
28559689,340,231,109,777880915
25315921,260,195,65,680726489
27063481,375,251,124,732920653
26571169,214,143,71,718180551
29812561,327,209,118,815711724
27817609,323,234,89,755551337
26812081,363,246,117,725390335
26320249,382,254,128,710680017
29297809,387,250,137,800149116
28308529,410,286,124,770316871
25824481,219,141,78,695879991
29562961,360,260,100,808160936
25076881,262,171,91,673615791
26062369,355,258,97,702977599
27565801,355,263,92,747987385
28065529,353,248,105,763003941
25564681,346,247,99,688134047
27309409,322,199,123,740293529
27064129,270,187,83,732940465
29812801,375,259,116,815718396
27819241,387,279,108,755601113
29050921,408,281,127,792694945
26571409,484,328,156,718187841
25316041,250,162,88,680730383
28814521,483,349,134,785563833
26320561,320,231,89,710689413
26812129,360,244,116,725391265
28560361,309,192,117,777900943
25826089,285,188,97,695927303
27565969,389,263,126,747992329
26062801,330,234,96,702990835
27064249,259,197,62,732944449
27310369,234,161,73,740322677
28065601,320,210,110,763005987
25078321,376,263,113,673658027
28309009,388,273,115,770330521
25565689,411,282,129,688164845
29298649,391,259,132,800174064
27819481,371,248,123,755607881
29812969,360,237,123,815724462
29563129,374,264,110,808166942
26812921,347,234,113,725414401
25826161,281,201,80,695929811
26321089,339,229,110,710704089
25316089,352,250,102,680731973
27566641,312,209,103,748011979
26572009,370,251,119,718205493
27064489,256,171,85,732951253
29051089,334,240,94,792699643
28814641,298,180,118,785566743
28066081,312,218,94,763020603
28562881,296,212,84,777977323
27310441,346,237,109,740324471
26063641,297,192,105,703015345
27821089,379,271,108,755655281
25565929,259,168,91,688171427
29299321,355,255,100,800194824
26813089,409,296,113,725419309
26322601,436,303,133,710750613
25826329,440,300,140,695934467
25078369,354,245,109,673659335
27567121,300,205,95,748026517
28309129,281,200,81,770335039
25317121,237,159,78,680762147
27065161,396,303,93,732970573
29813449,332,233,99,815738406
29564761,309,216,93,808216718
25566769,463,310,153,688196519
27821161,305,202,103,755657315
26572081,464,305,159,718207853
26813329,266,186,80,725426995
25827481,295,207,88,695969279
28066921,306,198,108,763046307
29301409,343,231,112,800257794
26323081,278,198,80,710764389
28563049,344,227,117,777982015
26064361,270,192,78,703037941
29051569,338,223,115,792714133
27311929,310,219,91,740369625
28814689,400,283,117,785567739
27568249,350,248,102,748061923
27065809,297,199,98,732990571
25078561,287,196,91,673665065
25568041,288,186,102,688235747
25827601,394,282,112,695972621
26323249,352,245,107,710769477
28309681,230,157,73,770351377
25317289,347,226,121,680767493
29301889,301,205,96,800272020
26064481,286,180,106,703040869
26814649,307,217,90,725466541
27568969,296,193,103,748082969
27821641,233,148,85,755671871
29813569,324,220,104,815742366
28563361,325,238,87,777991555
29566321,330,231,99,808263506
26572681,315,203,112,718225781
27313129,376,259,117,740405019
28067209,286,196,90,763055193
27067321,341,238,103,733035235
25568209,387,266,121,688240943
28814809,234,157,77,785571747
29052769,436,315,121,792750697
26324209,303,200,103,710798523
25079881,383,251,132,673704815
26065561,350,240,110,703072513
29302081,355,252,103,800277780
25829329,301,219,82,696024257
27569761,350,252,98,748106477
25317889,278,186,92,680785121
29813809,252,175,77,815749812
27821929,317,223,94,755680643
28563721,423,301,122,778002691
27069001,339,240,99,733086279
28310041,238,167,71,770361847
26815489,378,249,129,725491831
25568929,296,195,101,688260863
26324281,259,168,91,710800407
26573089,340,216,124,718238243
29566681,316,197,119,808274246
27314401,308,212,96,740444061
28068049,249,176,73,763080381
29302681,300,198,102,800296362
27569809,236,163,73,748107647
26066881,255,178,77,703112095
28815529,286,201,85,785593433
29053081,309,210,99,792760471
25080241,322,220,102,673715043
27822001,253,173,80,755682869
27069529,280,180,100,733101627
29814289,438,290,148,815764074
28564729,370,270,100,778033003
25569601,313,216,97,688280909
25829449,335,233,102,696027191
26324929,293,207,86,710820109
25318129,298,227,71,680791583
28310521,346,246,100,770377285
26816161,201,136,65,725512441
27569929,275,182,93,748112105
29303089,331,226,105,800307504
26573929,387,261,126,718263677
28815889,294,213,81,785604671
25569769,200,133,67,688285901
27822169,329,237,92,755688185
25829689,474,317,157,696034547
27314449,417,283,134,740445351
29567689,416,276,140,808304774
26325769,461,311,150,710844421
29814649,330,224,106,815776132
28068721,414,269,145,763099749
26067169,261,180,81,703121635
25080409,301,215,86,673720029
25318801,221,153,68,680812327
28565209,295,194,101,778046785
27069841,427,304,123,733110999
29053369,328,230,98,792769171
27571321,330,241,89,748152971
29303569,290,196,94,800322864
25569889,299,217,82,688289435
28816561,359,248,111,785624693
26575249,332,232,100,718302131
27822601,290,204,86,755701547
28310881,282,188,94,770387701
26816521,266,203,63,725523085
26326561,330,216,114,710867455
25830169,322,227,95,696049091
25319449,253,171,82,680830657
27571681,274,194,80,748163993
27315241,343,242,101,740468289
28565401,441,280,161,778051819
29054209,408,291,117,792792993
26068249,263,172,91,703153099
25570801,325,221,104,688317005
25080721,330,217,113,673728741
29815129,275,181,94,815790904
29568001,258,175,83,808314194
28068889,316,213,103,763105379
26575441,401,289,112,718308329
29303929,326,220,106,800333970
28817209,290,190,100,785644229
27069961,396,261,135,733114515
25319809,305,212,93,680841163
26327281,297,213,84,710889901
27823009,321,220,101,755712395
25570969,366,255,111,688321775
26817001,374,251,123,725539369
27571849,353,237,116,748168685
28311529,232,165,67,770407693
25830289,272,189,83,696052145
29054449,330,236,94,792799827
29816161,355,243,112,815820664
28567921,374,252,122,778127897
26576089,373,269,104,718327781
28817401,339,220,119,785650289
26068681,295,208,87,703167301
27315961,314,202,112,740490435
25081081,225,161,64,673740249
25320121,360,239,121,680851315
26327809,316,231,85,710905897
27823489,331,225,106,755727377
28068961,407,276,131,763107371
29568289,247,152,95,808322694
29305249,385,268,117,800373102
27070009,387,270,117,733115883
27572689,308,210,98,748194437
25571401,302,197,105,688334897
29054881,371,257,114,792814065
29816641,256,173,83,815836162
26068849,297,202,95,703172089
26818681,427,282,145,725587489
28819249,332,224,108,785705611
26576449,261,188,73,718338455
25320241,270,186,84,680855179
25830529,381,237,144,696059339
26328241,273,187,86,710918329
28312321,352,245,107,770431425
28568689,360,245,115,778152077
25082401,276,185,91,673780329
27573289,367,264,103,748212345
27316489,447,319,128,740507079
25572121,272,193,79,688357913
29054929,406,284,122,792815583
29817769,385,279,106,815870362
26069401,364,236,128,703187737
29568361,370,261,109,808324512
27824521,300,198,102,755757407
28069801,286,193,93,763132823
25320289,322,210,112,680856361
26577289,308,217,91,718364501
27070129,321,221,100,733120159
26328961,404,286,118,710939677
29306089,423,312,111,800399208
28820401,247,181,66,785740195
25830841,320,220,100,696069131
26818849,383,266,117,725592859
27573529,311,217,94,748218927
25572289,401,268,133,688362281
28312369,390,278,112,770432727
26069689,315,205,110,703195825
28569241,298,203,95,778169147
25082569,328,231,97,673785303
26577961,292,185,107,718384277
25320409,319,217,102,680859337
26329249,357,254,103,710949211
29055121,346,221,125,792821457
29818441,411,265,146,815891062
27316969,227,140,87,740521335
25831129,278,182,96,696076955
28820569,359,250,109,785745019
27825121,219,143,76,755776991
27573841,354,240,114,748228755
28071409,387,279,108,763180343
29568529,252,175,77,808330068
27071689,324,242,82,733165417
25572409,400,274,126,688365719
26070529,281,182,99,703220467
29306881,311,219,92,800423460
25320481,252,174,78,680861755
26578441,291,220,71,718398797
26329321,340,232,108,710951011
28312561,370,237,133,770438481
26819041,368,263,105,725598259
29055721,341,232,109,792839517
25833361,323,217,106,696143729
25083241,315,207,108,673804551
27574201,393,276,117,748239477
28569601,248,183,65,778179677
28820761,369,249,120,785752249
25572649,347,245,102,688372931
27317161,387,259,128,740527239
26070601,303,222,81,703222519
25320649,280,203,77,680866705
29820169,310,217,93,815943232
26329489,295,188,107,710956723
27825289,469,340,129,755781617
28071481,238,162,76,763183971
26578561,296,194,102,718402907
27071809,384,270,114,733168969
25833481,310,224,86,696147071
26819521,260,189,71,725613223
29569369,411,277,134,808355754
27574849,268,162,106,748258911
29308129,484,333,151,800459626
29056129,370,246,124,792851481
28314001,230,153,77,770481417
25572961,391,281,110,688383263
28570441,324,223,101,778204613
26070769,358,261,97,703228525
25320961,257,174,83,680876515
25083529,297,215,82,673812795
26329921,382,259,123,710968843
25833529,448,317,131,696148649
28821601,257,185,72,785776609
26820361,374,263,111,725638891
29820289,296,205,91,815946658
27318601,310,214,96,740570253
26578729,370,258,112,718407793
27575209,282,193,89,748269765
29056441,341,236,105,792860835
27825361,298,191,107,755783939
25573129,362,235,127,688388165
25321249,513,360,153,680884161
27071881,278,172,106,733171213
28071961,358,241,117,763196781
26329969,291,193,98,710971393
29569849,348,232,116,808370070
26071921,284,199,85,703263989
25834321,322,228,94,696173851
28314409,317,227,90,770494299
29308801,249,162,87,800480740
25084201,402,273,129,673832655
28570921,326,234,92,778219235
26820481,337,255,82,725641981
29821369,431,316,115,815979436
27575641,312,203,109,748282431
26578801,273,204,69,718410289
25573489,404,305,99,688398221
25321489,397,273,124,680891439
27826801,374,254,120,755827447
27318649,433,311,122,740571351
26330329,297,195,102,710981413
28822249,272,192,80,785796733
26072089,367,270,97,703268345
29057401,294,211,83,792890763
27072649,333,232,101,733195015
26821321,313,212,101,725666153
28072921,396,285,111,763227099
27575809,324,226,98,748287825
26579281,237,160,77,718424707
25573921,278,194,84,688410557
29821681,412,283,129,815988452
25834489,413,291,122,696178489
29570041,296,215,81,808375590
25084249,303,221,82,673833849
28314721,363,244,119,770504211
27319609,462,325,137,740600307
26330641,362,247,115,710990383
27826969,304,215,89,755832445
29310409,397,282,115,800529046
25321921,195,133,62,680904447
28571089,341,225,116,778224647
26822329,388,260,128,725696399
27576481,264,180,84,748308351
25574089,329,227,102,688415375
26579401,274,192,82,718428463
26072281,248,171,77,703273607
25835209,260,184,76,696199645
28822369,304,204,100,785799547
25084369,344,233,111,673838529
29822041,347,257,90,815999792
27319849,348,232,116,740606835
29058409,305,227,78,792921267
27074329,371,268,103,733245511
28073809,286,208,78,763254771
25322161,317,222,95,680911173
26330809,370,251,119,710995543
25574161,365,260,105,688417847
26822401,275,180,95,725698547
28314889,320,243,77,770509461
27576529,355,242,113,748309473
29570521,355,231,124,808390628
26580121,381,252,129,718449109
27827209,403,288,115,755839417
29310481,364,232,132,800530552
28571449,277,199,78,778236005
25084441,382,282,100,673840467
25835881,341,223,118,696219547
26072929,298,208,90,703293527
29823481,282,194,88,816042716
27321121,366,216,150,740644399
25322641,249,174,75,680925951
28822921,289,181,108,785816341
25574761,325,245,80,688435049
27576649,279,197,82,748313247
27074881,270,179,91,733262485
26822881,295,215,80,725713145
26580241,272,195,77,718453579
29059969,302,209,93,792968691
25836721,262,164,98,696243961
26073889,417,281,136,703321475
28074481,299,198,101,763274331
25085881,352,258,94,673883109
26331001,276,193,83,711001135
28316521,334,247,87,770557239
27321169,291,209,82,740646541
27828481,345,220,125,755876827
29570809,304,207,97,808398632
29824321,315,205,110,816068984
25575001,290,196,94,688442645
29312761,280,173,107,800599808
28572721,314,220,94,778273433
27576721,322,224,98,748315017
26580289,388,290,98,718454497
26823721,388,261,127,725738567
25837081,282,183,99,696254395
25322761,349,236,113,680930301
25086049,297,198,99,673888305
29060641,241,176,65,792988971
28823881,313,223,90,785845255
27075049,221,143,78,733268017
26074129,395,279,116,703328441
27828529,346,231,115,755878423
28074841,329,251,78,763284603
25575601,316,236,80,688460749
26331601,395,273,122,711018973
27577369,266,185,81,748335891
27321361,300,212,88,740651941
26580409,317,227,90,718458517
25086121,313,236,77,673890063
28316689,344,223,121,770562387
25837249,365,251,114,696259753
29572201,356,243,113,808440870
29825329,322,223,99,816099014
28572889,350,244,106,778279661
29312809,311,214,97,800601050
25322929,280,190,90,680934945
28824721,434,298,136,785870011
26824009,255,163,92,725747471
29060761,313,207,106,792992055
27830329,351,246,105,755933269
27577729,321,234,87,748345923
25086601,272,193,79,673904667
26331649,302,205,97,711020761
26074969,427,292,135,703353641
28316929,353,235,118,770569581
27075409,305,206,99,733277497
26581129,367,245,122,718479565
25837561,349,238,111,696269713
28075009,247,173,74,763290033
25576009,374,258,116,688473037
28575409,330,219,111,778355009
29825881,456,321,135,816115412
27321841,391,286,105,740666605
27831241,345,231,114,755961301
25323769,259,168,91,680961237
29572369,343,232,111,808445358
25087129,342,231,111,673919439
26825089,287,190,97,725779679
28824769,391,265,126,785871595
27578401,368,246,122,748366551
29312929,331,225,106,800604674
25838089,368,263,105,696284275
26582929,380,251,129,718533265
29062489,317,206,111,793044987
28317241,273,189,84,770579637
28075321,266,187,79,763299285
28575649,241,167,74,778362431
26075641,265,186,79,703373633
26331769,300,197,103,711024037
25577161,318,216,102,688507867
27075889,273,187,86,733291171
29826001,418,305,113,816118598
27831841,372,262,110,755979061
27578569,377,269,108,748371315
25087441,305,216,89,673929123
26583001,289,197,92,718535389
27322201,219,157,62,740677201
25839361,302,206,96,696322075
25324609,365,252,113,680984745
28576081,231,154,77,778374803
28824889,316,228,88,785875669
28076449,305,212,93,763333677
26826361,296,183,113,725817371
28317409,326,213,113,770583909
29572561,368,241,127,808452186
29313169,409,272,137,800611646
26076409,370,267,103,703397753
27832081,369,258,111,755986051
29063161,305,234,71,793064737
26332489,335,223,112,711045973
25087561,316,210,106,673932489
27580009,341,245,96,748412967
29826241,275,195,80,816126056
25577281,233,165,68,688510891
25839529,365,238,127,696326965
26583481,286,185,101,718549759
27076561,375,264,111,733313521
25325161,252,166,86,681001905
28576129,314,208,106,778376015
28825801,367,251,116,785902129
28077529,327,230,97,763364859
27322849,312,206,106,740696383
25087609,344,246,98,673934559
27832249,238,166,72,755991565
27580561,311,229,82,748430733
29313481,355,238,117,800621612
28317769,321,225,96,770594445
26826409,318,201,117,725819381
25839769,335,229,106,696335983
26076961,278,181,97,703414013
29573041,260,187,73,808466634
25325281,298,200,98,681005097
29827009,275,185,90,816149288
26335129,350,242,108,711124213
29063449,332,245,87,793073167
25577329,384,284,100,688512439
28826449,390,275,115,785922193
28577089,318,230,88,778404913
26583841,275,187,88,718560627
28077961,363,246,117,763378293
25087729,413,277,136,673937559
27077689,367,254,113,733346917
27580921,265,181,84,748441575
27832681,364,257,107,756004183
29315281,401,278,123,800676110
27323041,334,225,109,740702851
29827561,337,237,100,816166310
25840249,427,297,130,696349693
25578169,402,293,109,688536931
25325449,415,289,126,681010587
26826601,350,227,123,725824943
25088281,260,172,88,673953847
28318441,350,238,112,770615871
28577161,451,325,126,778406947
26077921,398,293,105,703442261
29573161,315,222,93,808470114
28079209,395,278,117,763415427
27581401,211,147,64,748456329
26335201,252,172,80,711126397
27832729,335,224,111,756005491
28826569,316,216,100,785926027
29063689,336,213,123,793080049
29315329,378,248,130,800677598
26584009,275,190,85,718565121
27077761,304,213,91,733349437
25327369,271,198,73,681067445
25088449,310,225,85,673959721
29827729,336,234,102,816171116
28577641,339,233,106,778421749
28080361,217,166,51,763450261
27323209,410,292,118,740706727
27581569,288,214,74,748460691
25840369,286,188,98,696353179
25579009,270,189,81,688561501
27833401,278,199,79,756026305
26827081,427,294,133,725839475
29573209,280,205,75,808471374
26077969,294,206,88,703443635
29065009,319,219,100,793119787
28318921,244,163,81,770630355
26335849,312,224,88,711145705
25328041,399,269,130,681087629
25088809,284,201,83,673969609
28827649,340,238,102,785959465
29828089,304,212,92,816182240
26584321,299,209,90,718575195
29317201,255,159,96,800734830
28577761,247,169,78,778425001
28080721,302,214,88,763460593
27078769,264,173,91,733378903
27582769,390,277,113,748496409
25840609,331,213,118,696360739
27833521,278,184,94,756029515
27323689,358,226,132,740721067
29065369,390,266,124,793130221
25329481,206,152,54,681130949
25579201,343,246,97,688567723
29574409,463,313,150,808507548
26827201,298,209,89,725843573
26078761,296,197,99,703467327
29830081,295,203,92,816242954
28319041,346,253,93,770633853
28581169,291,206,85,778528459
27583249,315,219,96,748511301
25089121,253,177,76,673979059
26336041,334,233,101,711151243
25841209,365,271,94,696378739
27833569,232,161,71,756030991
28081201,295,202,93,763475509
27325561,346,233,113,740777573
29317369,278,189,89,800739960
26584489,303,232,71,718579567
28828081,342,240,102,785972551
25329721,391,272,119,681137609
29067361,252,173,79,793190875
27079369,322,235,87,733397017
29574889,407,268,139,808521814
29830369,424,298,126,816251712
25579369,311,223,88,688572991
27583441,395,280,115,748516395
28581361,322,229,93,778534651
26336209,232,150,82,711156157
26828041,253,180,73,725867765
26079481,280,189,91,703489125
27833761,275,180,95,756036709
25331209,359,269,90,681181619
27325729,461,340,121,740781725
25090489,373,264,109,674018989
29318209,370,247,123,800765418
28319281,224,157,67,770641365
25843969,389,256,133,696460891
26584681,392,258,134,718585279
25580641,358,250,108,688610191
28082161,352,241,111,763505827
29575681,331,205,126,808547974
27583609,284,197,87,748522019
29830441,402,291,111,816254148
28828321,299,203,96,785979469
27079609,394,283,111,733403881
29068321,373,242,131,793220161
26336521,321,236,85,711165505
25331329,203,141,62,681185213
27833929,362,252,110,756042109
27326041,349,253,96,740792291
25844281,387,275,112,696470149
26079601,276,205,71,703491999
28582009,277,201,76,778554247
26828089,335,236,99,725869535
26586289,373,259,114,718633747
25580809,217,151,66,688615627
25091089,318,222,96,674037179
27584449,420,287,133,748546997
29576089,304,209,95,808559674
29830921,380,265,115,816268266
29318521,365,249,116,800776212
28320769,322,217,105,770685385
26337361,298,193,105,711190651
25331401,336,249,87,681187379
28828489,369,251,118,785984059
28082401,284,205,79,763513129
25846081,360,238,122,696523393
27080761,338,221,117,733438669
27326329,371,263,108,740800721
29068489,284,184,100,793225435
25580881,312,217,95,688617685
26586361,420,298,122,718636123
27834409,278,181,97,756056167
27584881,260,180,80,748560233
29319049,281,200,81,800791260
29831449,353,235,118,816283734
26337529,309,234,75,711195905
26079841,372,251,121,703499631
25331881,308,191,117,681201101
25092649,363,238,125,674083983
26828929,257,184,73,725894219
28583041,308,227,81,778584067
28828801,219,146,73,785994061
25846321,336,239,97,696530779
27326569,264,181,83,740807873
29576401,394,278,116,808569004
28321129,288,209,79,770696713
25582201,432,292,140,688657141
27584929,290,199,91,748561505
26586961,356,231,125,718653881
28083001,291,210,81,763530511
27081049,307,210,97,733447939
26338201,339,242,97,711215453
25332049,356,256,100,681205853
29319481,265,171,94,800804394
29069329,365,256,109,793250983
25846489,308,214,94,696535567
27834529,383,261,122,756059509
28583881,350,245,105,778609849
28829089,257,172,85,786002211
26080009,295,205,90,703504509
25092841,310,204,106,674089413
27328729,352,242,110,740872877
25582369,324,228,96,688661989
26830129,362,249,113,725930603
29831761,320,222,98,816292860
27585121,307,213,94,748567691
26587369,265,183,82,718665509
25332409,454,356,98,681215891
29576761,377,275,102,808579450
26338369,351,237,114,711220943
29319529,334,226,108,800805942
28321729,285,192,93,770714677
28584481,243,166,77,778628923
25846921,212,133,79,696548587
28083169,305,201,104,763535029
28829641,336,251,85,786018421
27082129,472,336,136,733479011
27328849,430,302,128,740876135
25582561,206,140,66,688668745
25093489,319,228,91,674108529
27585601,338,235,103,748581509
27835081,407,280,127,756076183
29069569,273,179,94,793257703
25332721,399,280,119,681226157
26081161,329,235,94,703539111
26587969,371,264,107,718683479
26830729,364,251,113,725949239
25846969,283,206,77,696550009
29319721,347,257,90,800811432
28587721,431,289,142,778725829
29831929,312,225,87,816297402
28085521,308,202,106,763606755
29576929,477,330,147,808583818
28829809,351,238,113,786023455
27328921,261,191,70,740878721
26339041,210,144,66,711241007
28321801,361,256,105,770716417
27586441,289,195,94,748606829
25332841,325,222,103,681229871
27082729,406,292,114,733497347
29070241,360,245,115,793277911
25847161,241,175,66,696555087
25094689,345,246,99,674144547
25583161,491,350,141,688685395
28588921,237,157,80,778762837
28085569,355,248,107,763607877
29321041,349,235,114,800851218
27835201,203,136,67,756079339
26082289,306,218,88,703572313
28830169,273,182,91,786034237
26588521,290,206,84,718700273
27330409,388,263,125,740922737
26830801,330,230,100,725951279
29577529,347,237,110,808602712
27586969,286,179,107,748622453
25333249,303,204,99,681241567
29832961,275,192,83,816329754
25848001,297,216,81,696580761
26339161,285,192,93,711244061
25096801,301,220,81,674206959
28589569,435,288,147,778781577
28322449,297,192,105,770735355
28085929,302,220,82,763618527
28830601,381,272,109,786047443
27083401,325,233,92,733517447
25585009,286,190,96,688739803
27330529,496,374,122,740926019
29321401,364,254,110,800861382
27587641,274,184,90,748642585
29070721,266,172,94,793292285
25334521,243,176,67,681280423
29577601,356,232,124,808605340
26588641,364,240,124,718703393
26082961,310,226,84,703591747
27835369,434,305,129,756084343
25848841,416,300,116,696605527
26831281,314,212,102,725964743
28589761,303,218,85,778787619
28086241,399,274,125,763628259
25097041,321,229,92,674214237
28830649,243,166,77,786049399
26339329,253,187,66,711249549
27331081,462,335,127,740943227
29834401,293,198,95,816374422
27587809,376,261,115,748648369
26083201,208,141,67,703599439
26588689,347,231,116,718704869
28322641,286,200,86,770741067
29578609,394,288,106,808635070
27083809,277,183,94,733530221
25585849,375,242,133,688766557
25849441,300,218,82,696623677
25334929,315,210,105,681292213
29321881,264,186,78,800876322
28590361,380,280,100,778805235
29070841,365,273,92,793295777
28087201,345,236,109,763656219
25098481,278,188,90,674258367
27836041,389,258,131,756104569
28831321,283,191,92,786069343
26831569,339,226,113,725973407
26083969,311,211,100,703621961
26589481,358,239,119,718729529
27084121,298,212,86,733539539
25851961,343,222,121,696699217
26340169,328,229,99,711274107
27331441,404,281,123,740953451
27588961,271,176,95,748683361
29579041,350,245,105,808648714
28590769,324,227,97,778817427
29834569,420,306,114,816379264
29322049,297,202,95,800881482
25586089,299,208,91,688773031
28323409,358,248,110,770764419
25098529,268,160,108,674259849
28831681,291,214,77,786080929
25335361,322,224,98,681305059
26084521,339,236,103,703638815
26589529,297,201,96,718731299
27085801,266,190,76,733589125
26342689,293,188,105,711350637
25852009,262,183,79,696700963
28087249,277,195,82,763657521
29070889,277,200,77,793296815
27836761,348,231,117,756125705
26832121,337,234,103,725989907
28591081,343,238,105,778827063
29579281,235,159,76,808655350
27333721,354,230,124,741022731
29322721,340,226,114,800901904
25098721,311,228,83,674265099
28831849,378,273,105,786085327
27589129,289,198,91,748688029
26085889,239,151,88,703680127
26589889,300,213,87,718741667
27085921,367,253,114,733592467
25586401,313,216,97,688782283
26342761,329,224,105,711352641
25852129,320,222,98,696704407
29835241,312,215,97,816400096
25335601,276,183,93,681311833
28323961,389,272,117,770781707
28591441,271,192,79,778838457
28087369,361,256,105,763661997
29580769,208,143,65,808700404
27836929,295,205,90,756131717
29071561,309,207,102,793317431
29322889,482,346,136,800906362
26832649,321,235,86,726005439
26590489,370,249,121,718759565
26342929,394,274,120,711358431
27085969,253,179,74,733594405
25852201,307,211,96,696706957
25098889,359,251,108,674270091
25335769,323,208,115,681317245
27333961,315,227,88,741030033
26086321,360,244,116,703692373
27590809,260,164,96,748737151
28832161,336,227,109,786094357
28591609,323,220,103,778843881
25586569,335,227,108,688787215
28087441,349,244,105,763663869
29580961,255,173,82,808705990
27837961,452,303,149,756162731
29835409,365,263,102,816404794
28324321,301,194,107,770792333
26591209,293,195,98,718780991
29323081,287,184,103,800912302
26344081,264,173,91,711391689
25852681,282,188,94,696720961
25099489,375,251,124,674287767
26833129,393,273,120,726018915
26087041,325,224,101,703714915
29071681,225,154,71,793320707
28088041,434,321,113,763681029
27086329,337,226,111,733605499
25336081,314,211,103,681327091
29581129,371,260,111,808710826
28592041,251,157,94,778856539
27334729,365,242,123,741053445
26591401,327,218,109,718786781
27838729,314,205,109,756185379
26344609,303,191,112,711407721
27590929,327,212,115,748740913
25587241,419,287,132,688806379
29323561,355,248,107,800927236
28832281,224,147,77,786098515
25852969,290,195,95,696730111
25099561,278,195,83,674290299
29836321,313,209,104,816430984
28324921,321,208,113,770810573
29072089,358,251,107,793334321
27086641,293,209,84,733614427
26087161,271,189,82,703718437
28088089,311,212,99,763684041
26344921,247,164,83,711417561
26591569,262,183,79,718791353
26833489,238,159,79,726029823
27839569,256,175,81,756210333
27591001,254,169,85,748743169
29323729,362,242,120,800931556
25337041,309,218,91,681355831
28832521,365,249,116,786105091
29581609,513,361,152,808725262
25588081,276,185,91,688832395
27335449,292,210,82,741073881
25853041,267,183,84,696732085
25100161,228,157,71,674308033
28592209,337,239,98,778861243
27086929,239,164,75,733623439
29072521,303,222,81,793346387
26345881,356,245,111,711445869
26592409,472,309,163,718816277
27591481,297,197,100,748758283
26087569,306,195,111,703730431
29836801,346,227,119,816445576
27839641,259,192,67,756212265
28325329,411,292,119,770822087
28089121,378,259,119,763714593
25100329,286,190,96,674312809
26833921,290,197,93,726043887
28834009,306,212,94,786149581
25853809,406,306,100,696754357
27087601,261,174,87,733643533
29323849,320,211,109,800935366
25338769,332,234,98,681406865
29072569,354,251,103,793347677
26346049,399,271,128,711450849
25588369,233,161,72,688840957
26088001,251,165,86,703742505
27591601,336,228,108,748761259
27335809,328,219,109,741085547
28592761,305,215,90,778877359
29582281,288,205,83,808746358
25100401,319,220,99,674314909
26592721,260,187,73,718826507
27087649,315,218,97,733644949
28835641,353,266,87,786199833
25855321,248,170,78,696799591
29324689,320,234,86,800960674
26346721,335,213,122,711472881
27839809,554,378,176,756216987
29838649,348,249,99,816501478
28325641,308,205,103,770830841
28089769,323,226,97,763733535
26088241,322,215,107,703749465
27591841,310,226,84,748767883
26834161,368,258,110,726050877
29072689,444,306,138,793350599
25338961,348,236,112,681412403
25101721,335,214,121,674354245
28593889,294,192,102,778911187
25589209,353,241,112,688865785
27088489,381,260,121,733670683
26593249,342,239,103,718841519
28835809,366,252,114,786205617
26346769,319,213,106,711474099
27336409,245,166,79,741103121
29324929,394,273,121,800967760
29582809,277,178,99,808761880
26088409,351,248,103,703755063
25102681,421,285,136,674382445
25856041,314,217,97,696821365
27592441,423,293,130,748786405
28595401,338,247,91,778956355
27840289,273,180,93,756231789
25339729,326,228,98,681434669
28325929,295,198,97,770840063
29839009,385,276,109,816513022
28090609,281,190,91,763758993
26834329,371,236,135,726056439
26594089,286,201,85,718866701
29072929,350,263,87,793358039
27088609,232,160,72,733673533
26347561,345,240,105,711496443
28835881,424,296,128,786207489
29325601,401,296,105,800987872
25589449,391,264,127,688873261
26089081,434,292,142,703774233
25102849,430,316,114,674387335
27337249,270,169,101,741130079
28595449,261,194,67,778957801
25856401,371,254,117,696831769
29583121,375,246,129,808771480
25339801,318,218,100,681436511
26594401,343,222,121,718875701
27088849,373,269,104,733680517
29839489,317,217,100,816526858
27593281,294,205,89,748813507
28836361,252,162,90,786221643
26089249,346,242,104,703779531
29326249,300,208,92,801007660
25103929,399,291,108,674419243
26347729,363,258,105,711501441
27841921,377,261,116,756281321
28326601,385,270,115,770859803
28090729,403,307,96,763762209
26834761,339,229,110,726069165
29073241,379,261,118,793367441
25591561,282,195,87,688936309
25856569,399,282,117,696836587
28595569,368,238,130,778961167
26594521,576,397,179,718879235
27089281,354,256,98,733693213
29583289,406,276,130,808776484
25340401,274,189,85,681455465
25104361,356,241,115,674432311
26089681,356,244,112,703792653
27337489,234,155,79,741136433
29839609,376,263,113,816530944
27842161,304,207,97,756289097
29327761,273,177,96,801055072
28836529,332,238,94,786226785
27594169,313,220,93,748838923
26347969,399,258,141,711508599
26594761,360,250,110,718886981
27089329,305,215,90,733694269
26835769,285,200,85,726099555
25857409,290,189,101,696861481
28326769,298,198,100,770864681
28090969,221,154,67,763769077
25104601,338,220,118,674439745
25593121,322,236,86,688981963
26090689,265,189,76,703823355
25340569,379,284,95,681460391
29839681,336,227,109,816533344
29073361,314,221,93,793371521
28596241,385,276,109,778982593
27842329,326,220,106,756294125
29328049,313,225,88,801062752
28838569,366,261,105,786287609
27338809,215,138,77,741175433
29584801,324,219,105,808822390
27090169,432,289,143,733719427
25105609,335,222,113,674470717
25858009,308,219,89,696879241
27594841,249,170,79,748859875
26595409,279,177,102,718906073
25341289,292,190,102,681481597
26349121,290,199,91,711542019
26836441,338,237,101,726118995
25593961,336,217,119,689007319
28596409,379,257,122,778987681
27842641,361,260,101,756303173
28326841,339,230,109,770866415
28091449,241,179,62,763784455
26090929,348,237,111,703830153
28839409,307,214,93,786313085
29328121,365,264,101,801064504
27090289,356,249,107,733723597
25107289,323,226,97,674519303
29073409,233,168,65,793372883
29840281,369,257,112,816550798
26595529,278,198,80,718909619
25342969,280,189,91,681531061
25858081,400,268,132,696881473
27339001,404,269,135,741181361
27595129,278,185,93,748867807
29585929,296,185,111,808856386
28596481,259,186,73,778989883
25107601,292,204,88,674529497
28839721,249,171,78,786323063
25594081,365,277,88,689010379
27090361,250,179,71,733725967
26349241,297,209,88,711546285
29329561,395,280,115,801107848
26597761,293,199,94,718977287
25343809,314,210,104,681557251
26837449,353,243,110,726149559
27843169,372,244,128,756318395
26091601,383,262,121,703849719
28093321,278,179,99,763840843
28328281,296,207,89,770911397
25858561,220,157,63,696896125
27595681,271,198,73,748884337
29586841,466,315,151,808883380
29073529,456,330,126,793375625
25107769,331,226,105,674533925
29840329,322,215,107,816552568
28596961,324,228,96,779004265
27090529,303,204,99,733730869
27339649,345,240,105,741200459
28840249,350,230,120,786338423
25346449,432,311,121,681636301
29329609,287,202,85,801109576
26349289,392,294,98,711547953
25594321,233,160,73,689017693
27843601,257,174,83,756332153
26598049,297,203,94,718985645
25108561,269,196,73,674557865
26837521,354,250,104,726151533
26092369,315,213,102,703873069
29587489,341,249,92,808904440
25859401,288,185,103,696921359
27091681,323,208,115,733764919
28095601,333,234,99,763909249
28597081,368,253,115,779007601
25346689,318,214,104,681642769
28328329,368,250,118,770913269
28840561,299,212,87,786348719
27596809,308,215,93,748918519
26349481,321,226,95,711553551
29330449,266,179,87,801134752
29073769,318,225,93,793384467
29841121,301,202,99,816576064
25108969,339,229,110,674569181
27339769,421,324,97,741204725
26598889,332,222,110,719011223
27843649,333,238,95,756333281
25594801,331,230,101,689033149
26092921,408,282,126,703889161
25859761,350,234,116,696931817
27091969,367,258,109,733772749
28597321,232,156,76,779015125
28840681,286,196,90,786351725
29588329,196,142,54,808930336
26837689,410,292,118,726157143
25109449,319,224,95,674584403
25347169,273,189,84,681657445
28096009,372,263,109,763921723
28330009,373,254,119,770963387
29841529,271,192,79,816588868
26351761,404,298,106,711621579
26599561,298,194,104,719031287
27597049,319,206,113,748925083
26096281,284,188,96,703990265
27092209,237,165,72,733780963
25860529,356,261,95,696954557
29331481,243,169,74,801165734
29075041,341,231,110,793422033
28598809,369,265,104,779060743
28840921,277,187,90,786359165
27340009,463,309,154,741211535
27843769,372,272,100,756337013
25594969,428,291,137,689037673
25109641,366,264,102,674589329
26599801,416,296,120,719038553
29589121,215,147,68,808953070
29843809,395,271,124,816657106
26096401,348,237,111,703993295
27092809,419,308,111,733798663
26838289,230,157,73,726175765
28096441,323,252,71,763934903
25348849,284,181,103,681706769
28599169,245,152,93,779071045
26352481,252,184,68,711643569
25111921,299,199,100,674657237
28841929,325,223,102,786389525
27340441,382,275,107,741224099
28330201,307,214,93,770968997
27597721,414,284,130,748945099
25861081,231,151,80,696971405
27844849,363,257,106,756370157
29331961,379,256,123,801180212
29075209,330,229,101,793427643
25595161,295,199,96,689043247
27093481,360,259,101,733819165
26096449,234,160,74,703994549
26600281,383,248,135,719052221
28096489,336,233,103,763936241
28600009,311,217,94,779096179
25112641,316,208,108,674679635
29843881,351,235,116,816659386
28842241,341,233,108,786399491
26839201,264,182,82,726202351
27341689,286,201,85,741261611
25348969,472,341,131,681709301
27845449,280,182,98,756387137
29589169,212,149,63,808954606
25861441,303,212,91,696980993
26352649,262,174,88,711648141
26096569,340,238,102,703998419
27094369,263,197,66,733845709
28330369,315,207,108,770974109
28096609,345,250,95,763939355
27598201,311,221,90,748959523
25114489,200,132,68,674733293
28600489,286,193,93,779109949
25595329,316,221,95,689048209
29332081,299,193,106,801183668
29076601,230,157,73,793470039
26600401,253,161,92,719055911
28842409,303,231,72,786404807
25862761,334,221,113,697021423
29844049,352,249,103,816664432
26352841,375,246,129,711654489
25349809,316,198,118,681734969
26096809,405,279,126,704006261
27846961,316,200,116,756433007
26839369,365,265,100,726207675
25114849,305,214,91,674743367
27096049,283,198,85,733895359
27342169,344,232,112,741276149
29590009,239,171,68,808980304
28600849,247,170,77,779120575
26602129,288,182,106,719107971
25862929,224,172,52,697026109
29332129,423,297,126,801185066
28842601,369,251,118,786410447
27599569,494,344,150,749001121
28330681,315,218,97,770984183
28096681,347,236,111,763941599
26353681,300,190,110,711678525
25596001,294,219,75,689068147
25115161,275,172,103,674753777
29844361,390,272,118,816674302
25350049,309,205,104,681742895
27096721,341,232,109,733917403
29076721,365,252,113,793473375
26097961,364,268,96,704040017
26602321,310,213,97,719113791
27847129,346,246,100,756437765
25863121,327,228,99,697031851
28601689,253,177,76,779146767
26839801,392,284,108,726221151
29332249,294,200,94,801188996
27342361,397,286,111,741281843
28097161,300,204,96,763956107
28842769,402,286,116,786415259
26353849,281,197,84,711683571
25350889,270,196,74,681768431
29590129,388,273,115,808983730
25115521,302,219,83,674763485
27599881,292,194,98,749011699
27096889,357,242,115,733922275
26098081,258,159,99,704043431
25596601,301,208,93,689085895
28330969,418,305,113,770992775
29076889,330,232,98,793478601
26602921,377,258,119,719130837
29844481,346,246,100,816677902
27847201,361,249,112,756439751
27344209,294,213,81,741338081
25351201,309,209,100,681777125
25115689,234,152,82,674768807
29332489,285,182,103,801196010
28843201,223,162,61,786427619
25863289,279,189,90,697037221
26839849,306,215,91,726222399
28602001,308,208,100,779156055
27097849,266,172,94,733951333
26098129,344,248,96,704044907
28097521,248,170,78,763966781
26354161,309,215,94,711693417
29076961,299,201,98,793480701
26602969,321,209,112,719133231
27600049,267,183,84,749015959
29590369,258,175,83,808990270
25596841,266,185,81,689092783
27847681,276,194,82,756453635
27344521,251,178,73,741347207
25352209,287,212,75,681806795
25116961,255,170,85,674806539
28331209,315,214,101,771000239
29332921,348,248,100,801208946
28844089,337,216,121,786454667
25864441,312,233,79,697071073
26100001,343,233,110,704101175
27098521,357,241,116,733970845
29844721,450,291,159,816684526
26603641,278,185,93,719153625
26840641,301,195,106,726245001
28602289,274,186,88,779163603
29590849,448,314,134,809004340
25352329,289,209,80,681810029
27344881,369,265,104,741357959
26354281,370,261,109,711697293
27847969,404,288,116,756462089
27600241,384,263,121,749021353
28098001,317,215,102,763981667
29077441,391,267,124,793495095
25597441,317,204,113,689111011
25864561,330,231,99,697074625
25117369,339,239,100,674819451
26100601,316,220,96,704118623
29334601,265,183,82,801259680
27098569,315,213,102,733972135
28331689,235,161,74,771014447
28844281,254,165,89,786459863
25353169,276,190,86,681835625
26603809,325,233,92,719158581
28602529,340,244,96,779170863
29590969,311,212,99,809007598
27848521,298,208,90,756479067
26354521,344,246,98,711703815
27600889,358,235,123,749041015
29846569,215,149,66,816741408
27345049,377,253,124,741362945
25864609,212,150,62,697076005
26840881,409,288,121,726252837
26100649,366,264,102,704119793
28099009,220,147,73,764011565
29334769,360,236,124,801265506
25353241,319,224,95,681837839
25597609,273,199,74,689116021
29078281,272,188,84,793520453
25117681,330,235,95,674828577
26354689,304,211,93,711708585
27848809,373,245,128,756487929
29591641,308,183,125,809029504
27099361,304,207,97,733996531
28602841,294,183,111,779180625
27601009,354,252,102,749044393
27345481,332,218,114,741375851
26605489,193,127,66,719208751
25865401,349,239,110,697099507
28331881,468,309,159,771019799
28844449,367,244,123,786464105
26101321,343,230,113,704139941
25353721,323,201,122,681851747
26841049,254,161,93,726257463
29846881,239,158,81,816750324
26355529,393,259,134,711733305
27849361,276,201,75,756504825
27601681,378,266,112,749064831
28603369,239,168,71,779197683
29592361,297,192,105,809051080
25598161,259,168,91,689132221
28099129,316,213,103,764015135
27345529,295,196,99,741377633
25117801,414,277,137,674831307
25865641,399,281,118,697106395
29335321,272,186,86,801282294
27099409,336,225,111,733997677
29079241,256,160,96,793550645
26605609,307,206,101,719212063
28844929,293,205,88,786479651
26101441,331,221,110,704143043
25355401,300,191,109,681902591
26355961,283,196,87,711747239
28332529,315,225,90,771038681
27601729,238,152,86,749066481
28603801,275,173,102,779209875
27850321,274,188,86,756534051
29592721,364,246,118,809061850
27346321,256,178,78,741400469
26841361,334,236,98,726267663
26607001,330,223,107,719253271
29847001,330,228,102,816754140
28845121,537,394,143,786484301
25598689,326,209,117,689148349
28099849,380,283,97,764036843
25118881,355,229,126,674863875
26356009,265,184,81,711748451
25866481,290,194,96,697132243
25355521,254,183,71,681906095
27099769,347,243,104,734008663
29335609,408,283,125,801290796
27601921,300,194,106,749072247
29079289,297,205,92,793551593
28604209,359,264,95,779222895
26101489,480,323,157,704144429
27850489,350,234,116,756538683
27346369,326,233,93,741401825
28333369,232,145,87,771064421
26607169,338,244,94,719258185
28099969,356,241,115,764040755
25357921,328,228,100,681976939
25868761,424,324,100,697200395
29592889,431,300,131,809066284
26841481,372,259,113,726270921
26356129,338,234,104,711752033
25599961,258,174,84,689187157
25119649,312,209,103,674886735
28604809,435,324,111,779240361
27850729,256,181,75,756545523
28845601,266,181,85,786499295
27346729,326,214,112,741413147
29847241,273,193,80,816760992
28333561,255,177,78,771070019
26608129,354,242,112,719286631
27602089,350,243,107,749076879
29079409,379,266,113,793555085
29336161,278,185,93,801306924
27100201,290,207,83,734021359
26101609,249,175,74,704148395
25358041,277,174,103,681980707
25870321,244,160,84,697247621
26356201,241,159,82,711754517
28604881,335,229,106,779242971
27851041,276,178,98,756555261
28100041,453,320,133,764043203
28334161,296,197,99,771088481
26608201,351,245,106,719289157
26841649,333,217,116,726275673
29594209,409,281,128,809106714
29079649,349,239,110,793562249
28845721,213,138,75,786502679
25600681,347,240,107,689207789
25120201,335,240,95,674903781
27602569,342,246,96,749091619
27347209,474,334,140,741427625
25870441,325,218,107,697250459
29337001,248,168,80,801333156
29848081,371,238,133,816786492
27100369,369,267,102,734026105
25358929,345,233,112,682007305
26102521,275,182,93,704175545
27851881,278,197,81,756581193
28605361,271,180,91,779257119
28334209,352,242,110,771089333
26357521,319,212,107,711794291
28100209,316,214,102,764048351
26608369,436,310,126,719294077
29081161,352,250,102,793607963
27602761,363,255,108,749097367
25870489,412,290,122,697252109
26842369,327,220,107,726296943
25120321,366,257,109,674907003
25601689,277,205,72,689237561
27100609,376,250,126,734033155
29595169,337,230,107,809135904
28845769,329,226,103,786503939
27347401,291,192,99,741433463
27852049,336,245,91,756586065
28605649,414,277,137,779265333
26608969,335,230,105,719312371
28334881,321,215,106,771110057
25359289,309,220,89,682018267
28100521,317,215,102,764057753
29082169,334,218,116,793638173
26358049,219,144,75,711809173
29337169,333,230,103,801337566
25870681,277,183,94,697258235
26103361,512,351,161,704201441
29848249,362,240,122,816791424
27100921,286,189,97,734043049
27603601,270,170,100,749122387
26609521,234,169,65,719329081
27852169,394,270,124,756589719
28606321,316,217,99,779286297
28336081,288,199,89,771145497
25120369,325,226,99,674908509
25602361,323,220,103,689256803
26842561,377,239,138,726303033
28101049,245,157,88,764072819
26358481,289,205,84,711821017
29082601,326,232,94,793650713
28846801,287,202,85,786535381
29595409,423,290,133,809143386
27349249,320,213,107,741488141
25870849,241,180,61,697263089
25359769,340,228,112,682031737
27101089,280,198,82,734047411
29338201,314,219,95,801369446
26104369,333,234,99,704232161
26609809,362,263,99,719336797
28607329,293,204,89,779317313
29848561,361,253,108,816801450
26359321,285,200,85,711848125
27853081,280,196,84,756616347
28101529,270,182,88,764087351
29082769,285,175,110,793656395
28336249,314,215,99,771150843
27604081,430,279,151,749136985
28846969,376,254,122,786539605
25120561,325,212,113,674914017
25602721,275,181,94,689268221
26843161,306,210,96,726321069
27101449,349,244,105,734059369
25871449,318,216,102,697281731
26609881,245,159,86,719339569
25360441,356,234,122,682052149
28608049,284,204,80,779338271
26359369,242,158,84,711849133
27349561,326,225,101,741497201
29338681,331,224,107,801384518
29596249,446,319,127,809168088
27853729,368,260,108,756635907
28101721,401,278,123,764093063
26104801,281,204,77,704244413
29082841,350,245,105,793657895
28336681,261,177,84,771163305
28848121,289,197,92,786575047
29848681,327,211,116,816804828
27102289,352,235,117,734083195
27604249,394,256,138,749141773
26610361,414,299,115,719353759
25121209,253,179,74,674932839
26360209,324,227,97,711873541
28608241,300,206,94,779343671
25603321,362,238,124,689284913
26844889,323,216,107,726371745
27853849,259,179,80,756639567
25872289,416,295,121,697305365
25360609,306,210,96,682057441
29338801,479,334,145,801387836
29083009,419,288,131,793663031
27349681,403,289,114,741501053
26105641,296,199,97,704268815
28101889,393,272,121,764098205
28336849,273,195,78,771169155
27604921,290,196,94,749161599
28848409,463,314,149,786583003
29597089,376,270,106,809193684
26610481,248,193,55,719357407
26360569,293,211,82,711884257
28608721,316,224,92,779357873
27853921,335,220,115,756641451
27102601,297,206,91,734093289
25121881,271,176,95,674954055
29848729,308,219,89,816806538
25603561,457,314,143,689292791
26105809,286,196,90,704274185
27350761,264,192,72,741533225
28102201,332,233,99,764107961
26845009,310,209,101,726375363
25872841,283,193,90,697323617
26610721,321,227,94,719364343
25360729,259,181,78,682061581
28848481,313,204,109,786586051
27605881,298,214,84,749190387
29083321,314,233,81,793672631
26361001,371,246,125,711897913
29338849,299,187,112,801389474
28337761,224,169,55,771196779
29597401,450,314,136,809202960
28609681,351,231,120,779387093
27854401,261,174,87,756656055
27351529,326,224,102,741557459
28104169,358,262,96,764166575
25122241,186,120,66,674964855
26610889,343,244,99,719369611
25604881,268,179,89,689333203
27606121,362,241,121,749198073
27102961,395,281,114,734103075
26361241,302,208,94,711904939
26105881,346,237,109,704276345
28338361,404,284,120,771214947
29849689,284,183,101,816834984
29084281,373,243,130,793701701
26845249,348,244,104,726382389
25874041,341,227,114,697358159
28610401,258,173,85,779409473
25361641,291,199,92,682087803
29598601,353,238,115,809238768
27854569,398,274,124,756661305
28849081,307,216,91,786604237
27351601,402,286,116,741559247
29339041,331,222,109,801394250
28104841,368,255,113,764187287
26611489,274,187,87,719386835
27606721,370,256,114,749215811
25123081,370,262,108,674989343
26361409,240,166,74,711910219
28339081,245,168,77,771236991
28610521,208,146,62,779412533
25605169,387,269,118,689341189
27103441,244,163,81,734118543
26106649,307,215,92,704299253
27855241,402,278,124,756681405
29599201,338,228,110,809257556
27353041,305,218,87,741601945
25362121,312,202,110,682101987
25874209,207,135,72,697362995
26845681,380,265,115,726395625
29085361,408,282,126,793733789
29850409,350,246,104,816857592
25123561,247,178,69,675004367
26362081,321,225,96,711929899
27606769,341,249,92,749216957
28849129,270,189,81,786605653
28611409,393,267,126,779438387
27103561,229,155,74,734121675
26106721,250,169,81,704301569
26612329,265,183,82,719412131
28105729,344,242,102,764213609
29339209,305,200,105,801399038
25605241,330,226,104,689342977
27353089,272,176,96,741603325
29599249,303,207,96,809258672
28339369,372,263,109,771245007
25123729,301,207,94,675008951
26362681,259,186,73,711947971
27855361,347,243,104,756684993
25362289,315,220,95,682106559
27606889,365,267,98,749222099
29085841,277,187,90,793749197
25874689,238,154,84,697376933
26846089,382,254,128,726407913
26106889,436,288,148,704306327
28611529,307,221,86,779442719
26612569,337,234,103,719418731
28106521,288,194,94,764238623
29850529,300,196,104,816861210
25124569,357,252,105,675033161
27103801,268,186,82,734128443
28849321,268,177,91,786611437
25605409,370,243,127,689348377
27606961,296,195,101,749224067
29599441,296,193,103,809264990
26362729,302,199,103,711949489
29339521,280,198,82,801408614
27855601,259,191,68,756692697
29088049,280,193,87,793815173
27353449,304,231,73,741613885
26107489,305,213,92,704324537
28340041,285,196,89,771265629
25363489,366,251,115,682141761
25124689,400,270,130,675036335
28107529,423,300,123,764267417
25875721,202,124,78,697408895
26613241,332,223,109,719438507
26846929,272,189,83,726434409
28849801,317,223,94,786625819
27607561,381,255,126,749241239
28611601,413,273,140,779444867
29600761,300,197,103,809304716
27103969,361,237,124,734133501
27856249,309,210,99,756711617
25606561,343,246,97,689382355
29851249,269,185,84,816883806
25124761,341,223,118,675038483
29088481,318,216,102,793828955
28107601,366,257,109,764269553
25876321,291,196,95,697425905
26107561,312,222,90,704326927
26363401,287,196,91,711969523
25364329,343,242,101,682167897
27353761,364,243,121,741624355
29339809,323,229,94,801417266
26613409,262,183,79,719444609
28849921,212,153,59,786629317
27607729,352,261,91,749246369
28340089,426,303,123,771267507
27104449,279,197,82,734148339
27856441,364,248,116,756717653
25606921,357,250,107,689393353
26847529,265,184,81,726451815
25126369,346,255,91,675086989
28611769,331,223,108,779450213
25876369,291,198,93,697427081
29601049,295,207,88,809314124
29090209,347,236,111,793880519
28107769,385,277,108,764275043
26614009,324,217,107,719462801
29851441,322,219,103,816888510
25364641,306,197,109,682177049
26109241,313,232,81,704376307
27104809,343,228,115,734157567
26363521,332,242,90,711973453
25607401,314,226,88,689408065
27608641,351,238,113,749273327
27857449,316,204,112,756747153
27353881,345,229,116,741627703
25127041,234,177,57,675107377
28851169,417,277,140,786668029
29340049,372,266,106,801424016
29601769,480,326,154,809335046
28340929,305,209,96,771292233
25877881,311,223,88,697472551
28108081,252,170,82,764285519
29090401,325,218,107,793886237
26614249,329,225,104,719469875
26848249,340,223,117,726473571
27106129,351,248,103,734198427
28612249,290,188,102,779463659
25607689,495,330,165,689415889
25127449,280,182,98,675118687
25364761,402,277,125,682180109
27609121,222,157,65,749288411
29852209,336,249,87,816911532
26110081,458,303,155,704401267
25878241,253,175,78,697483237
26363761,287,212,75,711981277
29340529,254,170,84,801438614
29602561,348,249,99,809358224
27857881,242,168,74,756760071
26614561,367,249,118,719479325
27354289,359,250,109,741639253
29090569,336,224,112,793890905
28108609,312,224,88,764299895
25607761,276,186,90,689418709
28853449,314,233,81,786736705
27106801,382,273,109,734218893
28341721,266,196,70,771315843
26849209,274,190,84,726501429
27609481,229,161,68,749298767
25879081,387,256,131,697506961
26110561,269,193,76,704416795
29342041,292,185,107,801485180
28612369,265,179,86,779467817
25127761,260,173,87,675128281
25364809,362,246,116,682181567
26615521,244,174,70,719507945
29091409,384,269,115,793916323
29602609,385,267,118,809359598
25608601,364,269,95,689443591
27107761,306,206,100,734247513
26364361,329,242,87,711998371
29852929,344,251,93,816934140
28109929,346,226,120,764339621
27858049,415,274,141,756764751
28853689,316,208,108,786744145
27354721,250,166,84,741653077
25879681,267,185,82,697526443
27609961,297,211,86,749313659
26110849,353,248,105,704424811
28342441,247,179,68,771337395
26616361,272,195,77,719532811
25609201,366,252,114,689461039
26849761,296,203,93,726518331
26364409,365,236,129,711999595
27108481,253,175,78,734269031
29091721,357,250,107,793926025
25128721,322,219,103,675157225
25365001,240,168,72,682187927
28613041,316,211,105,779487347
29342161,342,236,106,801488312
27858289,440,304,136,756772185
25879849,311,206,105,697530685
28854169,323,220,103,786757873
27610129,281,197,84,749319101
28110289,289,196,93,764350629
29603569,350,237,113,809389358
26618089,319,222,97,719584525
29854129,488,333,155,816970302
27355561,309,211,98,741678403
26365081,300,207,93,712019827
26111089,270,181,89,704433367
25609249,311,211,100,689462137
27108841,405,281,124,734279201
27858889,308,230,78,756791127
28342801,393,266,127,771347283
25880401,347,230,117,697548301
25129129,249,176,73,675170071
29342329,362,239,123,801493292
26849929,329,231,98,726523405
27610969,267,185,82,749343833
28854841,348,256,92,786778609
25366009,471,336,135,682217381
29091841,352,242,110,793928965
26618929,359,259,100,719608969
28110961,325,223,102,764371299
26366761,341,221,120,712069841
25609609,251,160,91,689474383
28613881,278,169,109,779512511
29603641,327,204,123,809392436
25880761,266,178,88,697558807
27860281,259,170,89,756833433
27611761,284,189,95,749366975
26111401,258,172,86,704442001
25129729,344,250,94,675186403
27355969,286,211,75,741690859
27109609,354,249,105,734303897
29342881,336,240,96,801510536
29854441,328,226,102,816979938
28854961,320,227,93,786782071
25610089,470,358,112,689487175
26619601,390,269,121,719630479
26367769,280,187,93,712100405
28112401,292,215,77,764414597
26850289,378,262,116,726534427
28343449,284,191,93,771368217
25366441,326,236,90,682231085
25880929,308,200,108,697563673
27860641,358,254,104,756843843
29091889,333,232,101,793930531
28614601,381,270,111,779535911
25129801,370,250,120,675188923
25610209,302,204,98,689491177
28856209,321,227,94,786819815
29343169,307,208,99,801518894
26368609,350,261,89,712124665
26619721,446,317,129,719633749
27110329,416,275,141,734324375
27611809,231,156,75,749368307
26112769,288,192,96,704482241
28112569,286,203,83,764418893
29604121,441,294,147,809406656
27356401,274,179,95,741702829
25881409,352,251,101,697577071
29854609,306,219,87,816984702
25366609,279,194,85,682236479
27860809,308,213,95,756848247
26850961,259,176,83,726553927
28343569,293,215,78,771371349
25130449,273,184,89,675208087
26370649,410,291,119,712185535
25611769,293,213,80,689538523
28856521,213,141,72,786830153
27110689,309,211,98,734335589
29343409,313,224,89,801525878
27613681,435,297,138,749424253
29092681,380,262,118,793954003
28112809,448,315,133,764426129
28614721,278,173,105,779539319
26620129,370,255,115,719645857
25882081,304,211,93,697598065
29604409,478,345,133,809415302
26113081,332,229,103,704491835
27861289,318,225,93,756862149
27356809,403,283,120,741714931
25612729,361,229,132,689566783
25130569,286,194,92,675212287
27111001,332,213,119,734344571
25366681,327,230,97,682238087
28856689,329,226,103,786834845
26853649,330,220,110,726635087
29854801,312,194,118,816989604
28113289,329,228,101,764440607
27615001,422,291,131,749464573
25882609,273,189,84,697613917
28344289,357,244,113,771392679
26371129,343,229,114,712200625
26113249,432,299,133,704496917
29604649,409,279,130,809422688
27861649,281,193,88,756873783
29343841,366,257,109,801539348
29093089,282,206,76,793966583
25131241,347,236,111,675231943
26620441,227,148,79,719656447
28616569,337,232,105,779594897
25612801,352,247,105,689568925
27111361,292,212,80,734355329
28856809,402,300,102,786838181
27357241,393,279,114,741728029
25883761,363,257,106,697648531
27615121,292,198,94,749468161
28113961,293,218,75,764461301
26853961,335,246,89,726644951
25367161,362,239,123,682253573
26113609,324,227,97,704507627
29605489,399,266,133,809447024
29344009,398,286,112,801544652
27864481,368,245,123,756958875
26371249,268,184,84,712204057
29856121,298,198,100,817030258
25131409,328,219,109,675236581
28344649,311,209,102,771404355
27111529,263,192,71,734360831
25884601,393,273,120,697672549
27615169,268,180,88,749470153
25613569,263,188,75,689591239
29094409,390,278,112,794006409
26620801,280,199,81,719666479
28857529,264,185,79,786860435
26854081,323,218,105,726648233
28617481,325,242,83,779622299
26371321,380,263,117,712205953
27357289,305,209,96,741729799
27864601,356,258,98,756963141
29606089,367,255,112,809465234
26114449,225,147,78,704531753
29344681,343,251,92,801564674
25368001,430,289,141,682277573
25131481,327,225,102,675239095
28114321,293,200,93,764471381
25885609,284,168,116,697702465
25614481,316,226,90,689618207
27615529,351,243,108,749480143
27111961,330,232,98,734373335
29857081,312,205,107,817059736
28344961,280,189,91,771413553
26371489,301,199,102,712210777
25131961,360,247,113,675253651
27865681,326,210,116,756995481
26855761,304,211,93,726697421
26621809,349,233,116,719695711
29606641,246,160,86,809482814
29346601,385,270,115,801622916
25885729,194,131,63,697706215
29095369,277,194,83,794034883
28617649,371,244,127,779626769
25615129,263,175,88,689638619
27615961,362,266,96,749493505
28857889,315,213,102,786870719
25368169,369,249,120,682282721
26115121,333,251,82,704553047
27357961,373,268,105,741751159
25132249,380,267,113,675262357
28114969,294,194,100,764490185
27866329,392,258,134,757014939
26855929,244,168,76,726703187
25886281,305,203,102,697723615
26371801,226,148,78,712221619
29607001,339,238,101,809493890
29347081,199,133,66,801637190
27112369,330,211,119,734385281
25615969,301,217,84,689662607
27616681,314,230,84,749515315
28346161,263,175,88,771448865
29857129,242,179,63,817061710
28617961,211,145,66,779637599
26622649,317,212,105,719721139
25132321,377,271,106,675264265
27358801,384,260,124,741775825
29096281,314,217,97,794062231
26115289,352,247,105,704557931
25368361,382,256,126,682288151
27867121,413,273,140,757037871
28858561,257,185,72,786891205
26856169,414,292,122,726709487
27112681,358,248,110,734395307
25616329,410,276,134,689673947
25887649,369,266,103,697764043
29607841,337,225,112,809518184
27616801,277,192,85,749518651
28115809,343,240,103,764516327
28618081,347,240,107,779640557
26372761,242,162,80,712249015
25132489,372,246,126,675268711
27358921,377,258,119,741780193
29347369,330,234,96,801645848
28346641,262,189,73,771463775
27868369,293,197,96,757075395
26856601,316,214,102,726722417
26623249,336,242,94,719739531
25617649,328,231,97,689712587
27113881,315,233,82,734430311
29857969,382,275,107,817086196
25888081,329,234,95,697776273
26115889,416,288,128,704575217
25368529,390,276,114,682294145
29608321,302,205,97,809532986
29096761,261,188,73,794077975
25133761,338,234,104,675305821
28116841,291,190,101,764548613
28859209,312,220,92,786909763
28618489,230,154,76,779653133
27359161,313,216,97,741786493
26372809,335,224,111,712250971
27617041,316,213,103,749525965
27869041,312,217,95,757095147
27114049,294,194,100,734435459
25888321,296,205,91,697783359
29609449,329,223,106,809566094
29348089,266,183,83,801668582
25133809,333,235,98,675307171
25617769,339,232,107,689716211
28347001,309,214,95,771475187
26623969,424,298,126,719760399
26856649,258,177,81,726723551
28619329,357,242,115,779677663
27359809,260,174,86,741805969
26373481,302,214,88,712270393
25370209,364,259,105,682343057
26117281,317,226,91,704617313
29859601,349,239,110,817136608
28117009,434,304,130,764552927
25888921,353,246,107,697800915
27869209,277,190,87,757100487
29096929,300,218,82,794082691
27114361,268,188,80,734445895
28859881,296,202,94,786931711
25134481,258,166,92,675328235
27617209,258,177,81,749530753
26856769,287,184,103,726727061
26373601,272,185,87,712274035
28347481,345,234,111,771488783
28620169,371,250,121,779703283
27360841,267,180,87,741836353
29609521,394,277,117,809567780
27114721,374,261,113,734455999
27869641,388,279,109,757113741
25619161,232,150,82,689758377
29348929,204,139,65,801693040
26624089,267,175,92,719764791
28117489,312,214,98,764567495
25370809,362,257,105,682360973
26117569,268,192,76,704626151
25134841,253,190,63,675338495
25888969,335,251,84,697802541
29860321,316,198,118,817157938
26374321,270,186,84,712297039
26857681,339,235,104,726755267
29097049,356,255,101,794086357
28621009,282,192,90,779729257
27870481,321,221,100,757140315
28860001,276,191,85,786935203
27617521,358,237,121,749540147
25619449,266,188,78,689767041
28347841,346,229,117,771499571
29349289,368,269,99,801704278
27114889,380,249,131,734460913
28118329,305,221,84,764592917
27361441,385,255,130,741854233
25135441,325,230,95,675357305
29610121,363,253,110,809589524
26624641,227,174,53,719781139
25889089,390,278,112,697806267
25370881,311,213,98,682362947
26858281,433,297,136,726772973
26375521,263,176,87,712331245
28621849,285,198,87,779754103
26120089,389,280,109,704700737
27870721,280,207,73,757147937
25619521,282,197,85,689768955
25135609,333,236,97,675362255
27115201,266,196,70,734470693
29349721,344,230,114,801717670
29861281,285,199,86,817186364
28348009,363,245,118,771504143
28119121,314,208,106,764616041
29097961,265,174,91,794113285
27618649,318,215,103,749574083
25891441,252,174,78,697876001
28860889,345,246,99,786961537
26858329,277,188,89,726775025
27362521,316,206,110,741887227
25621129,267,185,82,689816421
26376169,349,227,122,712350685
25135681,259,181,78,675364445
25371649,284,194,90,682385495
27115729,259,181,78,734486533
26624761,303,200,103,719785015
29611009,328,230,98,809615744
27872209,314,218,96,757191641
29350129,321,224,97,801729838
28348321,199,131,68,771515369
26120161,220,134,86,704703497
28119529,289,199,90,764628401
28622161,400,272,128,779764507
25891849,282,187,95,697888445
29862169,279,208,71,817213088
26859121,360,229,131,726797999
25621369,357,245,112,689822889
26376289,228,161,67,712354057
29098129,290,200,90,794118127
27116161,310,209,101,734499115
27620041,273,186,87,749616251
29350561,270,196,74,801742978
28861249,302,205,97,786972115
28120201,308,203,105,764649173
27363121,353,245,108,741904657
27872569,320,227,93,757202291
25136161,377,256,121,675377891
26120761,293,204,89,704721089
25892521,284,194,90,697909475
25371721,303,220,83,682387979
26625481,285,196,89,719805805
26859529,373,267,106,726809963
29611129,322,220,102,809619230
28348609,249,174,75,771522599
25621801,309,186,123,689836983
29862361,217,152,65,817219088
26377129,365,244,121,712380109
28622329,388,267,121,779769387
27116209,267,195,72,734500993
28120849,345,236,109,764668409
29351281,346,246,100,801764548
25893001,344,234,110,697924973
26120929,340,228,112,704726003
29098609,250,179,71,794132359
27620569,364,254,110,749632145
27364369,369,258,111,741943309
26860201,410,271,139,726829649
25136329,301,204,97,675383051
27872881,247,174,73,757211753
26377201,312,210,102,712382335
28348681,228,171,57,771525383
28862689,276,192,84,787014883
25371889,183,124,59,682392773
29862841,282,198,84,817233884
26625649,349,238,111,719810897
25621969,456,343,113,689841687
25893121,304,197,107,697927895
28121209,334,224,110,764680181
29352121,347,225,122,801790048
29611201,265,190,75,809621180
28622521,302,209,93,779774475
27117241,388,255,133,734532091
27364681,235,150,85,741952171
26861641,277,190,87,726874091
29099401,281,190,91,794157535
26377969,328,225,103,712404697
26121841,328,220,108,704752733
27620881,323,214,109,749641193
27873049,329,215,114,757217393
29862961,473,343,130,817237886
28863529,393,275,118,787040659
25136521,301,180,121,675388403
25622041,311,211,100,689843499
25372561,451,308,143,682412549
28350841,272,188,84,771589297
25893529,233,153,80,697939349
26626009,398,283,115,719821217
28121521,270,173,97,764689043
26861881,418,289,129,726881075
26378641,264,167,97,712425921
29099569,422,327,95,794162275
25137289,242,172,70,675412283
27117841,262,188,74,734550529
29352481,337,219,118,801800278
29863969,325,228,97,817267934
28622689,351,251,100,779780481
29611369,292,207,85,809626316
27364969,317,216,101,741960211
28864201,289,192,97,787061095
26122609,343,252,91,704776189
25893841,286,193,93,697948343
25622209,398,271,127,689849271
26626441,278,192,86,719834537
27621169,266,191,75,749650067
27873169,235,156,79,757221407
28122889,297,204,93,764729307
26378689,309,211,98,712427193
25372729,312,222,90,682417943
26862721,348,237,111,726905615
29100649,390,254,136,794197123
25138129,266,186,80,675436925
28351201,303,216,87,771601003
28865041,283,192,91,787086461
25894801,315,221,94,697976855
28624681,286,207,79,779839755
25622809,246,171,75,689867763
27117889,392,267,125,734552113
29864209,399,288,111,817275680
28123201,286,191,95,764738895
26124169,350,238,112,704822599
27365641,315,224,91,741980715
26626681,214,156,58,719842877
29352649,361,252,109,801805336
25138849,336,233,103,675458057
27873409,260,202,58,757228583
26863201,330,221,109,726920825
29611801,408,290,118,809640122
27621241,373,263,110,749651909
26378809,391,276,115,712430697
25375561,258,173,85,682501673
25894969,236,155,81,697981643
28866961,342,232,110,787142939
29102089,321,207,114,794239489
28352521,345,228,117,771640123
25622881,347,239,108,689869971
28123489,235,170,65,764747589
27367321,290,217,73,742030461
25140481,301,214,87,675506095
26626849,340,235,105,719847071
26864041,289,201,88,726945107
27873721,382,258,124,757237175
28625809,261,176,85,779874219
27118249,233,165,68,734562037
26124361,300,200,100,704828059
25895809,293,216,77,698007713
29864521,277,201,76,817284530
27622681,365,255,110,749694641
29353801,263,182,81,801840632
29102329,340,232,108,794246425
29611969,354,247,107,809644412
28352881,386,261,125,771650635
26379889,381,263,118,712462437
25140889,328,225,103,675518011
28867129,312,204,108,787148777
25375729,276,194,82,682506451
27367369,337,232,105,742031769
26627281,385,263,122,719860229
26864209,259,202,57,726949787
27875401,365,245,120,757286909
25623049,317,210,107,689875431
28123561,370,250,120,764749557
25896529,310,206,104,698028563
28625881,266,191,75,779876151
26124961,382,255,127,704845417
25141201,303,218,85,675529285
27118849,390,272,118,734580043
27367729,268,183,85,742042557
26628289,221,132,89,719890253
28867561,389,287,102,787160803
29102641,417,286,131,794256271
26865409,357,241,116,726985947
29353921,258,176,82,801843548
27875521,292,209,83,757291001
27622729,402,284,118,749695709
29864689,389,275,114,817289804
25375921,365,230,135,682512475
26380201,283,188,95,712471935
28353649,293,193,100,771674551
29612689,313,201,112,809666666
25896649,305,214,91,698031443
25141321,340,253,87,675532327
25623649,356,248,108,689891853
26629129,340,231,109,719914295
27368041,295,183,112,742052055
28626529,257,161,96,779895237
26125009,309,206,103,704846683
28867609,304,219,85,787162735
28124209,275,187,88,764768709
26865721,242,162,80,726996903
29103001,291,199,92,794266459
29353969,301,209,92,801845876
27118921,403,277,126,734582467
29865529,339,216,123,817316078
25141489,367,250,117,675536803
27875761,271,192,79,757298489
27623569,340,239,101,749721935
25896721,345,240,105,698033357
25376401,261,187,74,682527367
26381041,316,207,109,712497171
26629201,354,227,127,719916275
26125369,345,224,121,704857117
28867801,251,170,81,787168525
26866561,263,184,79,727021173
28354201,355,234,121,771692413
29103601,355,240,115,794284363
29613049,419,293,126,809676116
25623889,262,181,81,689899135
29354929,426,324,102,801873668
28626649,391,286,105,779898405
27368161,340,244,96,742055637
25141561,278,185,93,675538963
29866561,255,173,82,817345976
28125001,272,192,80,764793905
27119689,347,241,106,734604391
26630881,300,191,109,719968269
26866729,442,310,132,727025889
25898209,369,253,116,698080043
29103769,302,214,88,794290117
28869121,358,233,125,787210105
28626721,288,204,84,779900445
25376929,287,197,90,682542821
29355169,460,312,148,801880490
27875929,318,225,93,757303193
27624601,304,199,105,749753573
25142041,259,191,68,675552547
25624561,294,209,85,689919337
26381881,367,259,108,712522275
26125681,243,153,90,704866291
27369049,313,207,106,742082895
28355161,423,292,131,771719923
29866729,350,236,114,817352048
29613361,376,258,118,809687102
26631481,368,258,110,719985681
27120361,388,274,114,734624137
25898401,299,202,97,698085689
26867521,313,234,79,727049001
28125169,369,257,112,764797913
25142329,239,157,82,675561199
28629001,338,230,108,779969871
27876241,366,233,133,757312289
29355649,292,207,85,801896012
27369169,248,166,82,742086495
25377241,391,258,133,682551953
29105521,301,199,102,794342509
29867161,247,175,72,817365182
28869481,233,151,82,787220407
25625161,312,203,109,689936935
26631529,314,226,88,719986959
26382409,298,193,105,712537689
27624769,310,225,85,749759519
26126041,375,251,124,704876461
25899169,252,166,86,698107931
27120409,455,322,133,734625439
26867761,407,281,126,727055955
25143241,297,202,95,675587611
28629049,313,230,83,779971257
28356409,288,184,104,771757237
27876361,350,255,95,757315169
29613481,261,185,76,809690624
29356009,313,209,104,801905912
28125841,378,278,100,764818589
29867569,453,325,128,817377062
25900081,314,226,88,698135045
26868241,273,190,83,727071903
27120529,303,214,89,734629381
25377409,331,225,106,682557149
25143721,295,193,102,675602671
26383009,275,190,85,712556029
26631721,297,213,84,719992653
29105689,458,299,159,794347429
27369409,292,207,85,742093263
28630681,369,246,123,780020019
27626089,303,203,100,749797811
25625401,327,227,100,689943889
26126209,336,237,99,704884453
28870321,310,218,92,787245391
29356489,316,217,99,801920894
25900681,266,175,91,698152733
28358401,323,209,114,771817723
29867881,343,243,100,817386584
25144081,340,238,102,675613129
27877249,303,204,99,757343213
26383081,295,190,105,712558225
25378369,260,187,73,682585427
29106361,347,230,117,794367955
26868409,362,250,112,727076661
29613721,294,199,95,809697086
28631401,390,264,126,780041319
27121201,330,219,111,734649385
28126849,298,201,97,764848931
26632201,292,210,82,720007851
25625881,321,212,109,689958339
27369841,365,249,116,742105611
25145401,326,227,99,675653407
29356681,360,236,124,801926324
27626449,506,339,167,749807699
26126641,344,230,114,704896837
28871329,348,239,109,787275679
29868001,229,161,68,817390190
27878089,356,250,106,757368299
25378609,212,140,72,682592807
29107129,333,230,103,794390977
28631521,272,175,97,780045831
27121609,353,254,99,734662687
25901401,469,338,131,698173673
26383681,269,172,97,712577203
28358569,255,166,89,771822823
28127089,365,240,125,764856071
26869081,355,230,125,727098039
25145689,405,286,119,675661585
29614489,320,217,103,809720128
25626841,273,188,85,689987457
25379449,327,224,103,682616925
29358361,385,251,134,801976964
28871809,392,275,117,787290997
26632561,365,248,117,720018813
27627289,339,223,116,749832989
27878209,311,220,91,757372085
27372361,289,181,108,742181577
26127481,422,298,124,704921443
27122209,258,172,86,734680255
29107201,314,212,102,794392999
26384569,311,206,105,712602785
25145761,310,212,98,675663547
29868889,311,211,100,817416998
28358689,381,278,103,771825997
28632529,332,240,92,780076545
25901569,241,180,61,698178233
28127521,302,203,99,764870171
25380601,274,195,79,682651381
25627729,269,188,81,690013323
29358841,366,253,113,801991742
26869369,341,254,87,727105689
28871929,221,140,81,787294537
27122281,319,227,92,734682577
26386609,483,345,138,712663385
27878761,259,187,72,757390233
25146241,315,207,108,675677755
26634001,265,166,99,720061071
29615041,231,158,73,809737348
26127529,332,213,119,704922847
25380769,416,282,134,682656703
27627889,344,259,85,749851127
25628689,239,161,78,690041919
27372529,397,274,123,742186959
29108809,218,149,69,794441835
26869441,247,165,82,727107999
28358929,271,187,84,771833605
28873321,235,158,77,787335709
27122449,387,272,115,734687251
25901929,271,182,89,698189477
28127569,303,207,96,764871407
26387041,322,204,118,712676009
29869009,299,198,101,817420976
28633081,355,245,110,780092667
25146601,356,233,123,675688609
27879721,260,189,71,757417701
29358961,324,222,102,801994892
26634721,302,213,89,720082521
25628761,317,228,89,690044373
25381129,314,211,103,682667329
29108881,287,212,75,794443983
26870449,302,228,74,727137591
26388121,361,251,110,712707833
29616001,342,242,100,809766582
27372769,391,261,130,742193931
25147249,401,284,117,675707485
27122761,391,255,136,734697007
26127721,322,223,99,704929171
28873609,502,360,142,787343821
27628609,380,258,122,749873183
26634889,397,267,130,720087177
25629601,465,316,149,690069651
25902241,242,178,64,698198921
28359241,266,180,86,771843841
28129201,253,165,88,764919683
28633249,366,267,99,780097803
29359129,416,294,122,801999998
29870689,318,208,110,817471766
27879769,292,205,87,757419249
29109481,418,293,125,794462007
25148209,287,195,92,675736141
26388601,358,242,116,712723493
27374449,334,247,87,742243991
27122881,400,277,123,734700661
28873849,265,179,86,787351219
26870881,242,167,75,727150233
25381441,316,227,89,682676815
26635009,319,225,94,720091317
26128321,288,205,83,704946895
29616409,285,210,75,809778036
27630121,285,178,107,749918801
25148449,304,195,109,675742933
29110201,270,172,98,794483673
29359801,299,194,105,802020452
27375121,226,155,71,742264761
26388721,393,284,109,712727165
25902601,330,230,100,698209793
25630201,341,246,95,690087333
26871121,381,269,112,727157961
29870761,423,288,135,817474484
28874161,342,231,111,787360699
27880441,407,280,127,757439073
28361041,327,235,92,771897415
28129249,288,218,70,764921561
26635249,266,187,79,720099075
28633369,391,292,99,780100893
27123289,364,274,90,734712761
25382641,312,204,108,682712541
25148881,260,177,83,675755623
27375721,338,213,125,742283337
26389801,222,143,79,712758797
26871289,318,208,110,727163169
29360041,298,211,87,802027334
29111209,316,202,114,794513827
26128561,372,258,114,704953503
28875169,345,244,101,787391713
27630241,336,226,110,749922005
26635681,287,204,83,720111285
29616889,351,228,123,809792730
25630921,452,295,157,690108861
27880609,278,193,85,757444113
25903081,328,222,106,698224481
25149721,288,185,103,675780757
28361881,341,231,110,771923173
27125569,280,182,98,734781395
29871529,328,231,97,817497590
28129921,264,187,77,764942363
26390281,251,184,67,712772999
27375769,347,230,117,742284575
26871721,449,299,150,727175721
28633441,283,202,81,780103689
25382809,280,196,84,682718847
28875289,336,241,95,787394803
29360641,370,254,116,802046708
26635849,335,234,101,720116733
29111569,269,175,94,794524621
25149889,373,239,134,675785317
26129209,356,254,102,704974155
27882121,225,159,66,757490949
25631449,357,245,112,690124395
27126409,337,248,89,734805881
27631081,361,246,115,749947325
26390569,367,261,106,712781597
25903249,317,206,111,698228987
29617249,318,216,102,809803962
28875361,304,208,96,787396975
27375889,279,188,91,742287725
28362601,296,199,97,771944311
26871961,367,267,100,727183419
26639449,313,230,83,720223827
25149961,299,199,100,675788485
29872081,373,259,114,817514762
28130209,488,353,135,764950443
25383481,300,207,93,682738035
29112049,316,208,108,794539573
25632721,257,163,94,690162585
27882961,391,266,125,757514823
28633609,200,135,65,780108753
27126481,413,280,133,734808161
26391289,350,229,121,712802333
29360809,310,226,84,802053098
26130409,356,244,112,705009069
25150441,353,257,96,675802633
27375961,405,281,124,742289813
26640121,309,204,105,720243927
26872129,251,180,71,727188621
27631249,340,219,121,749953679
25903921,291,190,101,698249021
25633441,307,217,90,690183515
28876009,379,246,133,787416739
27883081,408,260,148,757518279
27127081,422,292,130,734825933
26392081,286,199,87,712826285
29618401,293,206,87,809838846
28362721,319,219,100,771947839
25383649,325,228,97,682742961
28130281,234,144,90,764952981
29872441,277,205,72,817525274
25151281,212,149,63,675826639
26640721,408,275,133,720261369
29361049,172,120,52,802059710
29112169,347,238,109,794542993
26873569,380,269,111,727231547
28634449,367,267,100,780133857
27377281,301,200,101,742329767
25633561,404,284,120,690186983
26130721,300,205,95,705019017
27127129,327,221,106,734827691
26392489,453,302,151,712837871
27631321,274,199,75,749955635
27883969,279,164,115,757546257
25904041,267,176,91,698252099
25384081,415,274,141,682756011
25151569,287,185,102,675836419
28876681,314,216,98,787437853
26640769,271,179,92,720263025
26873641,313,222,91,727233563
25634281,297,212,85,690208859
28362769,346,246,100,771949093
29873209,312,234,78,817548722
29618569,372,250,122,809844354
26392801,381,271,110,712847561
29361529,373,266,107,802074764
27128161,372,235,137,734858129
28130929,376,261,115,764971875
28635049,287,211,76,780152193
27631969,385,250,135,749975429
27885001,275,191,84,757576419
29112241,339,229,110,794545327
27377401,322,219,103,742333067
26131081,318,218,100,705029565
25385329,369,248,121,682792809
26874409,304,211,93,727256547
26641441,276,194,82,720284715
25634449,254,178,76,690213875
25904089,380,251,129,698254379
28363441,368,261,107,771969769
25152289,420,283,137,675858001
26392969,350,248,102,712852793
27885841,441,306,135,757601365
28876849,278,186,92,787442839
25387321,339,234,105,682852629
29361649,335,229,106,802078058
28131121,455,320,135,764977845
28635889,343,250,93,780177243
29873761,292,201,91,817565210
27632641,232,154,78,749994311
29618761,278,194,84,809849244
26874481,518,347,171,727258341
27128641,290,204,86,734873661
25634641,269,194,75,690219437
26131561,235,171,64,705044613
25152481,338,242,96,675863257
27377569,389,295,94,742339085
28365121,275,181,94,772020025
29112841,329,225,104,794565121
26393761,254,184,70,712876715
26641561,390,276,114,720287925
25388281,250,171,79,682880115
25904929,344,248,96,698279081
27886009,315,219,96,757606723
28877041,281,196,85,787448629
25634809,325,225,100,690224669
26875921,341,242,99,727301421
29361721,247,161,86,802080038
25152649,508,352,156,675868009
26394001,413,283,130,712883999
28132129,248,163,85,765007977
27128929,331,220,111,734882241
28365289,327,235,92,772024855
28635961,269,191,78,780178905
27633169,389,270,119,750010025
27378289,259,185,74,742359803
25388329,302,199,103,682881627
29874961,381,260,121,817600580
26642449,318,209,109,720313953
29621881,274,188,86,809944602
27886849,277,185,92,757631947
26131681,281,186,95,705048357
28877689,312,224,88,787468189
29113729,353,250,103,794590765
25635121,318,239,79,690233685
26875969,375,269,106,727302567
25906129,316,218,98,698314167
26395489,335,234,101,712928549
29361889,520,359,161,802085048
25153801,262,167,95,675902521
28365409,425,298,127,772027801
26642569,359,280,79,720317379
27378649,305,216,89,742370171
25389361,462,318,144,682913013
27887161,315,212,103,757641769
28877809,325,216,109,787471189
28132441,330,231,99,765016921
27129601,364,250,114,734901559
26131849,379,278,101,705052911
28636129,367,256,111,780183681
27633481,382,262,120,750019919
26396329,339,234,105,712952915
26877649,417,306,111,727354215
29875801,384,258,126,817625984
29623729,344,247,97,809999694
25154641,269,190,79,675927697
26642641,229,167,62,720319653
25635241,292,189,103,690237435
25906561,329,238,91,698327511
28366249,372,253,119,772054137
27887281,367,251,116,757645027
29113921,343,228,115,794596351
28878049,389,256,133,787479631
29362321,310,213,97,802098320
26132401,260,177,83,705069957
25390201,282,176,106,682938253
26397001,266,178,88,712973189
26878009,387,277,110,727364787
28132561,253,169,84,765020869
27379249,287,198,89,742388705
25154761,346,233,113,675930571
26643121,366,264,102,720333885
27129649,370,265,105,734902975
28636441,380,275,105,780192861
28366801,219,151,68,772070995
27633769,288,203,85,750029039
28878361,435,302,133,787488331
25390369,209,139,70,682942699
26132521,295,206,89,705072567
25636129,335,219,116,690263313
29362369,395,282,113,802099442
29623801,261,181,80,810001638
29875969,446,298,148,817630856
26398129,281,187,94,713007499
25907641,325,230,95,698359575
25154809,369,265,104,675931825
27887329,331,236,95,757646869
26878609,432,314,118,727382085
28132729,283,194,89,765025861
29114929,304,211,93,794626555
27379921,358,252,106,742409087
28366969,250,170,80,772075627
26643241,278,187,91,720336807
26133241,370,248,122,705093879
28636561,423,299,124,780196461
26398369,433,297,136,713014705
27131161,298,201,97,734949259
25155649,321,220,101,675958411
28879369,379,258,121,787518247
27887689,303,219,84,757657033
25390969,376,277,99,682960663
27635281,408,272,136,750073115
26878849,404,280,124,727389393
29362561,345,247,98,802106768
25636489,343,255,88,690274413
28132801,268,193,75,765027679
25907809,423,279,144,698364891
29624449,376,270,106,810021900
28367761,392,275,117,772099243
29876401,310,195,115,817644476
26643289,366,242,124,720338049
26134081,260,168,92,705119271
26398849,285,195,90,713028463
25155841,353,242,111,675963361
29115409,441,303,138,794641237
28637569,291,194,97,780227897
27380641,324,225,99,742430771
27888001,285,188,97,757666579
26879521,355,240,115,727409737
29363041,373,261,112,802119728
27131521,415,293,122,734959885
28879489,320,215,105,787521457
25391209,399,278,121,682967899
28133569,384,274,110,765051115
28368481,343,240,103,772121269
26644081,284,201,83,720363135
27635449,458,333,125,750078275
26134921,337,244,93,705144393
25637809,313,212,101,690313317
25909129,347,230,117,698403899
26398969,310,219,91,713031943
28638409,362,242,120,780252119
26880001,252,162,90,727424287
27888361,441,319,122,757677595
25156009,329,217,112,675968875
29625481,361,252,109,810051762
29363329,378,272,106,802128164
29876449,304,218,86,817646232
29116081,250,171,79,794662417
27380929,291,184,107,742438517
28133641,323,227,96,765053377
26645929,421,304,117,720417819
26135041,259,185,74,705147705
28879561,393,258,135,787523473
28368601,382,252,130,772124443
27133201,320,219,101,735009781
25391689,280,199,81,682982347
27635689,219,141,78,750085745
28639321,309,211,98,780280325
27890041,286,184,102,757727453
25638649,399,260,139,690338493
26881801,380,260,120,727478125
26399689,308,210,98,713054019
29364001,394,269,125,802147688
25909321,320,222,98,698409965
27381769,323,215,108,742463873
26136289,306,218,88,705184729
28134121,311,230,81,765068251
25156321,312,220,92,675977635
26646481,223,158,65,720434591
29625649,300,212,88,810056700
29876809,320,216,104,817657248
27636001,334,224,110,750095909
25392481,229,152,77,683006329
28880329,256,163,93,787547717
28639489,399,262,137,780284939
28368841,451,322,129,772132327
27890521,354,279,75,757742153
29116249,357,256,101,794666821
29365249,340,243,97,802185596
27133369,326,219,107,735015595
27382441,372,261,111,742485017
28134409,206,142,64,765076759
25639441,329,222,107,690362553
26136961,396,280,116,705203919
26881969,259,184,75,727482703
26399881,332,226,106,713059365
25909489,316,214,102,698414351
25392649,327,208,119,683011177
27636289,389,267,122,750103673
25156489,310,207,103,675981949
28639969,309,212,97,780299129
28369849,335,240,95,772162747
26647009,326,218,108,720449777
27891529,287,199,88,757771517
28881001,411,290,121,787567775
29365729,414,285,129,802201040
29625961,354,240,114,810067656
28135489,409,304,105,765108175
29877121,280,203,77,817666164
29116369,354,240,114,794670349
27383689,352,259,93,742521683
26882689,378,262,116,727503829
25393321,354,233,121,683030527
27133801,352,229,123,735028015
25157281,332,222,110,676006135
25639489,318,211,107,690363837
28641169,413,298,115,780335795
26137129,342,234,108,705209193
28370521,343,237,106,772183165
26401201,332,221,111,713099631
25911001,278,176,102,698459621
27637369,322,224,98,750136217
27892201,248,171,77,757792481
29366521,297,216,81,802223480
28137169,301,203,98,765159589
28881841,286,192,94,787593731
27384169,343,230,113,742536335
26647609,292,208,84,720467663
25393369,270,200,70,683032339
26882809,401,281,120,727507819
25157449,220,158,62,676011253
28371361,378,256,122,772207729
29627329,270,186,84,810106854
29117041,445,323,122,794690787
27892321,327,229,98,757795547
29878489,286,214,72,817707712
28641649,220,144,76,780350621
26137561,392,280,112,705222225
25640281,331,230,101,690387897
29367361,291,204,87,802248998
27133969,335,241,94,735032947
28137481,279,195,84,765169363
27638041,380,276,104,750155825
25394041,267,190,77,683052355
25911169,369,278,91,698464871
26401369,288,203,85,713104659
28883089,266,195,71,787631057
25158841,369,255,114,676052587
27385009,379,264,115,742561643
28371841,294,200,94,772223579
26648689,269,194,75,720499859
27892729,303,220,83,757808465
26883361,337,242,95,727525417
28138321,320,211,109,765194533
29367601,412,282,130,802256078
25394569,440,290,150,683067373
26139481,239,156,83,705279201
27638641,270,187,83,750174083
25158961,301,211,90,676056139
29628481,292,181,111,810142644
29117281,350,243,107,794698251
25641529,272,190,82,690425427
26402041,331,210,121,713124783
28883689,354,253,101,787648937
28642321,320,225,95,780370565
29878801,277,195,82,817717702
27385129,331,232,99,742565597
27134521,317,226,91,735049843
25911841,324,217,107,698484749
28372009,365,244,121,772228601
27894169,368,248,120,757852427
28138849,340,240,100,765210313
29368609,374,252,122,802287084
27639361,322,227,95,750197045
25394881,317,229,88,683077339
26649529,298,217,81,720525065
25159009,327,241,86,676057987
26139961,236,150,86,705295485
26402161,340,237,103,713127759
26884369,315,222,93,727554595
27386041,326,203,123,742591715
28372801,329,231,98,772251881
29117449,312,217,95,794703267
27894241,366,260,106,757855265
25641841,274,179,95,690434529
27134881,347,233,114,735060379
29628649,372,262,110,810148110
27641161,366,274,92,750249479
28884601,348,260,88,787675949
29368921,394,272,122,802296834
28642441,264,180,84,780373415
25912009,380,254,126,698489645
28139689,447,306,141,765234445
29878969,447,291,156,817722136
26403001,298,200,98,713153127
25395049,245,167,78,683082409
26140801,303,228,75,705320037
27387361,269,180,89,742633217
25159129,285,187,98,676060921
26650009,285,206,79,720539927
28373209,315,224,91,772265075
29117761,293,198,95,794711811
26884489,274,182,92,727558375
27641209,317,222,95,750250787
28642681,370,264,106,780381587
29369209,256,166,90,802304994
26403721,285,196,89,713175327
28142641,375,263,112,765323449
25641961,339,232,107,690437859
27894721,372,248,124,757868573
25912489,263,168,95,698504183
27135649,283,189,94,735083983
27387649,225,148,77,742641065
25396081,337,233,104,683113273
26141161,352,236,116,705330435
29628769,239,162,77,810152322
28885081,232,155,77,787690889
28373641,333,227,106,772276961
29879089,292,194,98,817726312
29118601,328,226,102,794737287
26884729,280,206,74,727565569
26650801,273,181,92,720563357
25159681,284,187,97,676077331
28643689,390,265,125,780411809
26403841,215,147,68,713178351
29369929,363,247,116,802326930
27642001,257,171,86,750275129
26141329,329,227,102,705334563
25396561,285,203,82,683128729
25642129,327,227,100,690443043
28142689,285,199,86,765325153
28373689,325,210,115,772278449
25913281,304,206,98,698529305
27387889,234,171,63,742648241
26885329,243,166,77,727583839
29118769,267,174,93,794742009
27895081,315,216,99,757879349
27135721,416,298,118,735085573
26403889,303,190,113,713179461
28644289,337,257,80,780429637
26650969,297,214,83,720568499
29370049,372,279,93,802331064
29629321,381,259,122,810168066
28885249,292,186,106,787696169
27642409,353,266,87,750287657
29879809,355,256,99,817747204
26141761,364,255,109,705348483
25159801,421,293,128,676080355
25396729,389,256,133,683133175
26886001,290,212,78,727603915
28373809,309,198,111,772282187
29118961,289,197,92,794748609
26404561,304,210,94,713200647
26651809,382,257,125,720593231
25642801,333,241,92,690462693
28142809,357,249,108,765329065
27388489,526,380,146,742665581
29370721,325,232,93,802351284
25913521,266,177,89,698536013
27642889,356,252,104,750302393
27136561,273,196,77,735111211
27895729,278,200,78,757898693
28645129,343,243,100,780455529
26141809,288,182,106,705349707
29881009,283,191,92,817784360
25397521,341,242,99,683157445
28886449,295,205,90,787732289
25160521,252,177,75,676101977
26404681,257,172,85,713204319
29629441,281,194,87,810170886
28374529,241,169,72,772303703
29120281,332,239,93,794788749
26887249,224,141,83,727642189
26652361,358,223,135,720610217
27389041,241,165,76,742682585
29370769,342,230,112,802353156
27643249,356,250,106,750313649
28143481,246,170,76,765348607
26143009,283,178,105,705385565
25642849,337,235,102,690464013
25913689,345,252,93,698541323
26404849,294,206,88,713208867
27137041,294,215,79,735125455
28375201,324,230,94,772323653
28645681,203,147,56,780473055
27896569,346,249,97,757924499
28886881,338,227,111,787744631
25397569,344,241,103,683158711
29881321,380,267,113,817793378
26887681,396,293,103,727654105
25160881,276,190,86,676113185
26653201,265,188,77,720635735
27643729,285,203,82,750326843
29120449,383,279,104,794793435
29370889,336,232,104,802355994
29629609,281,203,78,810176968
26143321,294,202,92,705394367
28144561,262,188,74,765381865
26404921,288,202,86,713210721
27389881,314,217,97,742708559
25644361,309,211,98,690509549
28375729,443,301,142,772339067
25162729,326,216,110,676167613
28887601,331,239,92,787767545
25397761,250,173,77,683164501
25914121,333,223,110,698553863
26653489,281,185,96,720644003
27137329,393,256,137,735133627
29120569,374,255,119,794797065
29371609,348,252,96,802378410
28645801,357,258,99,780476283
27896689,350,241,109,757927859
26887849,426,296,130,727659583
26405089,337,230,107,713215665
29881441,473,343,130,817796726
26143489,361,240,121,705399455
27644521,366,229,137,750350537
28145209,311,196,115,765401209
25398409,242,158,84,683182687
28887769,271,159,112,787771787
28377001,282,192,90,772378817
29629849,355,247,108,810184630
26653729,346,249,97,720651275
27390889,316,224,92,742738147
25644529,249,170,79,690514511
25163161,240,135,105,676180387
28645849,261,166,95,780477717
26406361,324,218,106,713253993
25914961,370,262,108,698578565
26144281,387,263,124,705423149
29120809,256,173,83,794804307
29881849,432,298,134,817809008
27138049,288,190,98,735155677
25399081,413,286,127,683203165
27896761,270,183,87,757930343
29371729,331,210,121,802381860
26887921,321,234,87,727661509
26654569,389,264,125,720676265
28887889,398,275,123,787775117
28146241,347,252,95,765432211
27644761,330,219,111,750358613
25163569,413,300,113,676192705
26406769,248,164,84,713265969
28646209,245,167,78,780487695
29121241,362,249,113,794816937
29882329,255,161,94,817823738
28378081,280,193,87,772410609
25644649,347,217,130,690517397
29631001,266,184,82,810219400
27391081,216,148,68,742743901
25915849,340,272,68,698604797
26655169,331,231,100,720694151
26144329,337,241,96,705424859
27898369,301,211,90,757978541
25163881,321,221,100,676202191
28146409,283,189,94,765436933
25400281,237,166,71,683238745
27138169,344,236,108,735159133
26407441,353,232,121,713285607
28888129,302,221,81,787782845
28647529,303,200,103,780527931
26888569,345,237,108,727680517
29121409,307,206,101,794822883
29372401,352,246,106,802401984
29882449,295,198,97,817827338
27646081,281,198,83,750397463
27391561,389,275,114,742757251
25164169,392,245,147,676210375
26655241,477,335,142,720695993
27899449,293,185,108,758010281
25645201,289,192,97,690533861
26408281,258,182,76,713310747
28378681,359,238,121,772427961
25917889,423,309,114,698665403
29631529,316,209,107,810235390
28647721,241,173,68,780533721
26888761,324,226,98,727686637
26145289,224,152,72,705453695
28889281,272,193,79,787818419
25400449,282,188,94,683243443
28146721,270,174,96,765446809
27138721,257,183,74,735175537
27646441,195,122,73,750407837
25164409,385,259,126,676218175
29882521,406,281,125,817829198
27899761,349,244,105,758019769
26409121,341,231,110,713334561
26656921,338,220,118,720746189
29122081,396,273,123,794841930
27391681,326,225,101,742761031
29372641,283,193,90,802408704
28648369,317,207,110,780552711
26889241,303,207,96,727701691
25646041,293,204,89,690559487
25164889,328,222,106,676231621
28889569,395,292,103,787826501
27646609,253,179,74,750413125
28379089,431,307,124,772441023
25918369,291,189,102,698680241
26145529,323,225,98,705460421
29882689,316,214,102,817835096
25400761,188,134,54,683253175
26409961,282,216,66,713360439
26657401,272,180,92,720761429
29631841,320,215,105,810244678
27138841,263,187,76,735179167
27900289,256,177,79,758035279
28147849,386,268,118,765480247
28648489,284,192,92,780555573
27391849,305,201,104,742765891
26889361,427,294,133,727704937
29122129,315,215,100,794843280
27646921,210,144,66,750423361
28890649,301,216,85,787858865
29372809,414,275,139,802413894
26410609,188,130,58,713380089
29883121,244,183,61,817847648
25647841,287,200,87,690613081
26657689,300,226,74,720769727
25165561,300,206,94,676252615
27900601,268,188,80,758045239
25918561,312,211,101,698685875
29631961,336,217,119,810247882
27139249,301,206,95,735191533
28379569,314,219,95,772456035
27392401,262,180,82,742782565
26891929,270,186,84,727781481
26145841,301,209,92,705469949
25401889,415,298,117,683286085
28148401,312,219,93,765497803
28650001,320,221,99,780603405
26411449,353,234,119,713404713
27647041,325,212,113,750426367
29122321,417,284,133,794849016
28891081,398,289,109,787871843
26657929,308,196,112,720776633
27392929,300,201,99,742799467
27139681,349,262,87,735204493
29632129,424,300,124,810253780
29883289,344,242,102,817852460
25648009,239,165,74,690618529
27900889,324,219,105,758053489
25166929,431,317,114,676293181
29373241,333,254,79,802426830
25918729,269,188,81,698691173
28379929,386,254,132,772466223
25402969,275,190,85,683317471
26892121,350,241,109,727786771
26145961,310,211,99,705473999
26411641,244,149,95,713410521
27648121,357,253,104,750458733
29122969,308,214,94,794868486
28891129,315,219,96,787873103
26658361,321,216,105,720789431
27393241,357,251,106,742808581
27139729,308,219,89,735206197
29632201,285,196,89,810256960
28148521,377,287,90,765501559
28651561,246,172,74,780649161
27901129,278,185,93,758060473
25648561,265,180,85,690634717
25167409,269,179,90,676307101
26412121,252,171,81,713425223
27648769,343,227,116,750478065
26146129,270,200,70,705478913
29123641,313,232,81,794889798
29884009,288,187,101,817874468
25403281,346,243,103,683327053
25920409,273,183,90,698741537
29374321,327,209,118,802459614
27140521,312,214,98,735229939
27393601,280,210,70,742818811
28381081,270,181,89,772501865
26892289,328,237,91,727791697
28892641,281,209,72,787917857
27901561,246,165,81,758072899
29632969,383,290,93,810279010
26658529,381,262,119,720795239
25167601,333,218,115,676312963
28148689,325,222,103,765506443
26412289,274,187,87,713430071
27648961,314,211,103,750484053
26146801,296,204,92,705498029
28651729,474,356,118,780654009
29123929,310,220,90,794897484
25648921,210,137,73,690645889
25403401,277,193,84,683330455
27394249,284,185,99,742838371
27901729,379,278,101,758078143
29884201,269,179,90,817881632
25168441,284,175,109,676337323
25920841,328,235,93,698754503
26413129,337,235,102,713455397
27141409,285,208,77,735256441
29633809,402,270,132,810304624
28148929,386,264,122,765513169
26892721,269,186,83,727804837
29374921,296,201,95,802478436
28381201,298,217,81,772504679
28893001,368,251,117,787928561
26659081,293,196,97,720811739
29124001,444,288,156,794899428
26146849,309,204,105,705499313
25403809,320,229,91,683342359
27394441,382,266,116,742845373
27649561,199,124,75,750501645
25169041,270,199,71,676355779
25649401,338,242,96,690660409
26413969,295,192,103,713480981
28651921,325,212,113,780659985
27902569,412,286,126,758103475
29884369,285,199,86,817886198
28149409,321,239,82,765527437
29633881,292,196,96,810306556
27141769,443,317,126,735266851
25921249,413,298,115,698765635
29124649,262,194,68,794918472
27395089,432,301,131,742863343
26892769,364,252,112,727805827
25169929,252,178,74,676383769
25404241,279,196,83,683355381
28382041,334,244,90,772530659
25649929,357,250,107,690675493
28893169,437,309,128,787933775
26414809,345,241,104,713505359
29375089,354,267,87,802483620
26147041,433,311,122,705504917
26659249,248,173,75,720816419
29884849,278,207,71,817900616
28149529,364,258,106,765531613
29634529,285,200,85,810326506
27142441,334,216,118,735287203
27650281,326,209,117,750523251
28653241,289,200,89,780699927
29126161,289,192,97,794965116
27903121,239,166,73,758121319
25170121,327,240,87,676388665
27395209,330,230,100,742867537
26415001,453,318,135,713511701
25650409,271,187,84,690689377
25921729,398,285,113,698780185
25404289,234,157,77,683356551
26147881,265,176,89,705531701
29885041,308,217,91,817906214
28151041,357,256,101,765576577
26893441,199,128,71,727826533
28382449,374,276,98,772542839
29636161,309,195,114,810375068
27143209,373,256,117,735310279
28893481,366,253,113,787944359
26659609,298,210,88,720827223
29375161,319,221,98,802485774
29126689,344,238,106,794980752
26416609,420,299,121,713559905
25651081,181,116,65,690709939
25170889,331,234,97,676410847
25405801,297,208,89,683402981
27651961,349,241,108,750575447
26148049,259,179,80,705535901
27903961,340,228,112,758146885
28654081,279,191,88,780725877
29889889,316,221,95,818052344
27395881,367,249,118,742886947
25922929,364,257,107,698816653
29636569,430,307,123,810387662
28151089,328,228,100,765578041
27143881,349,240,109,735330303
26418361,346,243,103,713612159
26894641,312,234,78,727862013
25170961,264,177,87,676412647
25651369,303,194,109,690718543
25406089,259,186,73,683411369
28383601,278,193,85,772577273
27652129,370,264,106,750580079
26148361,276,197,79,705544919
26660041,287,191,96,720839961
28893769,271,184,87,787952771
29127121,292,182,110,794993826
29375641,207,143,64,802499478
29890009,393,282,111,818056286
26418529,274,181,93,713617457
25171129,302,192,110,676417087
29636881,355,241,114,810397778
25651441,250,179,71,690720379
27396121,241,177,64,742894477
25406761,268,185,83,683431271
27904321,275,183,92,758156785
28655041,275,203,72,780754479
27143929,368,240,128,735332289
25923241,313,223,90,698826301
27652321,275,178,97,750585839
26148649,426,298,128,705552983
26895961,300,206,94,727901259
28151281,248,163,85,765583723
29890921,256,175,81,818083642
29127529,411,288,123,795005748
26660089,326,218,108,720841509
26419009,324,227,97,713631773
25171609,277,201,76,676431631
25652041,354,264,90,690738151
28383889,255,169,86,772586111
28894009,280,196,84,787959431
29375809,306,217,89,802504266
29638249,285,205,80,810438954
26149369,285,214,71,705574433
27653089,280,184,96,750608303
26897161,249,164,85,727937683
25407001,278,179,99,683438285
27396961,306,218,88,742919449
27905161,389,271,118,758182501
25924369,274,187,87,698860093
25172449,311,220,91,676457215
27144049,258,174,84,735335823
26419201,355,249,106,713637977
28655929,232,153,79,780780573
26660281,308,208,100,720847599
25652761,347,227,120,690758911
28152121,377,261,116,765609091
29128129,446,315,131,795023508
29891089,374,267,107,818088642
28384969,354,242,112,772618451
29638729,416,293,123,810453180
26897329,443,293,150,727942105
26420209,282,204,78,713668117
29376169,362,249,113,802515498
27653161,313,216,97,750610373
26149489,419,284,135,705577571
28894681,301,201,100,787978787
25653049,325,221,104,690767695
27905809,282,197,85,758202421
28152721,351,225,126,765626563
25407169,491,338,153,683442419
26660449,344,224,120,720852051
29128201,395,278,117,795026850
27397441,282,200,82,742935097
27144289,299,215,84,735342803
25173409,295,211,84,676485553
25924441,266,172,94,698861677
28386121,330,222,108,772653119
29639521,334,222,112,810477282
26897929,232,155,77,727960879
28656049,367,264,103,780783645
26420521,385,248,137,713677021
29891569,460,307,153,818102514
26149729,355,254,101,705584999
29376601,323,216,107,802529162
25653601,283,198,85,690784879
28153129,397,290,107,765638857
27906001,299,197,102,758207395
27653761,278,194,84,750628979
26898601,301,211,90,727981195
28386649,408,294,114,772668959
25407649,292,205,87,683457239
29128369,243,147,96,795032484
28896121,276,203,73,788024041
27397609,353,269,84,742939897
25173649,253,187,66,676492471
26660761,353,226,127,720861297
26420881,392,296,96,713687833
25925089,290,186,104,698880229
27144721,307,213,94,735356079
26150881,254,155,99,705620303
25653721,341,234,107,690788227
29639569,239,173,66,810478566
29376649,320,217,103,802530584
28153729,308,224,84,765657015
28656601,307,220,87,780801339
27906481,291,203,88,758222353
26898769,289,212,77,727986277
25173961,333,226,107,676502071
28386961,312,211,101,772678469
29891761,261,165,96,818109060
27653929,333,220,113,750633827
26421529,349,250,99,713706169
29128969,287,190,97,795048774
25653769,367,263,104,690789559
25407841,325,214,111,683463095
29376769,362,251,111,802533752
26152249,438,308,130,705661083
27397801,334,227,107,742946449
28897201,264,176,88,788056945
27144889,327,234,93,735360839
25925281,354,235,119,698886823
26661289,379,257,122,720877119
25174129,317,214,103,676507099
26899009,364,253,111,727992637
28387081,398,284,114,772681289
26421649,313,220,93,713709895
29640601,227,149,78,810510558
28153969,511,355,156,765663927
27654769,403,276,127,750659537
28656721,266,182,84,780804375
27906601,312,213,99,758225281
29130481,361,247,114,795095946
26154361,250,162,88,705724411
29377009,398,261,137,802540586
25654129,425,294,131,690799423
29892241,274,200,74,818123170
25926049,338,250,88,698910079
25174969,307,191,116,676532599
25408441,294,199,95,683481827
28897801,320,231,89,788073781
26899441,456,300,156,728006221
26422729,339,222,117,713742493
27398281,328,229,99,742960651
27144961,305,209,96,735362855
28387321,351,258,93,772689167
26661601,306,202,104,720886383
27654841,346,232,114,750661181
28154449,284,185,99,765679191
27907609,318,204,114,758254807
29377489,342,237,105,802555970
25176001,339,225,114,676562533
29641201,483,350,133,810528276
29892361,359,242,117,818127034
28656889,373,263,110,780809097
26899681,343,230,113,728013637
26423569,364,246,118,713767669
26154529,319,220,99,705729895
28898041,411,268,143,788080537
29130649,350,252,98,795100806
25926601,319,211,108,698926735
25654441,360,272,88,690810073
27655489,264,184,80,750681461
28387921,318,216,102,772706837
25408609,389,274,115,683486387
26661721,252,167,85,720890169
28154569,279,217,62,765682317
27398809,337,236,101,742975561
27147121,280,181,99,735428405
25176649,301,195,106,676582583
29377681,374,263,111,802562114
27908329,374,255,119,758277673
26901841,262,184,78,728078617
26424241,322,215,107,713789089
25926961,288,206,82,698936485
28898209,379,270,109,788086357
26155201,394,277,117,705748669
28388809,267,189,78,772734743
29641441,372,257,115,810535146
28657561,219,146,73,780829689
25655449,318,231,87,690838975
29892601,366,255,111,818134120
25176841,386,273,113,676588121
25409161,408,290,118,683503271
29130889,365,248,117,795107916
27656329,313,202,111,750705989
26424841,315,226,89,713807509
26661889,309,224,85,720895233
26903209,320,229,91,728118523
27908521,302,203,99,758282707
29377849,338,230,108,802566752
28154641,353,227,126,765684345
28899529,303,223,80,788125807
26155249,319,220,99,705750631
27148081,262,167,95,735456743
27399241,271,185,86,742988893
28389601,316,220,96,772757375
25927801,290,193,97,698962291
26424889,316,209,107,713808751
29642449,297,204,93,810565998
29131369,321,202,119,795123900
27909169,386,272,114,758302063
29378281,183,125,58,802579754
28155241,358,243,115,765704057
25655809,226,147,79,690850225
25409521,343,230,113,683513723
27657121,325,229,96,750730295
26662729,282,192,90,720920313
25177441,258,180,78,676606157
26155369,265,181,84,705754465
28899649,354,246,108,788129431
28658281,266,179,87,780851025
26903641,328,233,95,728131361
29892769,405,280,125,818139202
27148129,318,222,96,735457817
26425249,428,297,131,713818255
27399289,279,186,93,742989913
29642881,333,217,116,810579204
25928401,272,178,94,698980591
28155481,353,249,104,765710459
28390321,339,239,100,772779293
29379121,340,232,108,802605362
27657169,280,191,89,750731819
26156209,224,150,74,705779671
27909289,307,222,85,758306119
28899721,476,334,142,788131477
26903689,376,252,124,728133059
25177609,386,271,115,676610573
29131561,335,223,112,795129474
25410169,305,207,98,683533217
25656409,314,219,95,690867481
26662969,384,254,130,720926949
26425849,388,271,117,713836081
28658401,355,249,106,780855057
27658369,383,271,112,750767393
29893609,389,267,122,818166052
26157289,374,252,122,705811089
28155649,356,251,105,765715295
27148489,252,181,71,735468173
25178161,347,226,121,676628291
27910681,380,258,122,758348239
28900321,297,216,81,788150643
29380801,339,231,108,802655618
27399409,282,188,94,742993615
29643049,334,248,86,810584574
25928569,295,209,86,698985345
26425921,298,212,86,713838613
26663449,442,326,116,720941385
26904049,336,225,111,728143751
28390489,304,202,102,772784237
29132161,310,220,90,795146478
25410289,274,204,70,683536211
25657249,303,223,80,690893161
25178689,340,225,115,676643027
26157721,303,199,104,705824505
28156321,370,257,113,765734975
27658801,238,151,87,750780905
28901881,410,268,142,788197373
28658569,311,209,102,780860577
26426089,467,299,168,713843077
27910801,332,229,103,758351401
26663641,362,263,99,720946995
29895049,367,259,108,818208112
27148801,264,184,80,735477887
29381689,358,255,103,802683488
29133889,325,220,105,795198510
25411129,387,261,126,683561363
27399481,333,216,117,742995511
25929121,272,198,74,699001551
25179529,261,173,88,676668089
26157961,412,264,148,705832023
29643721,414,274,140,810604608
26905369,320,221,99,728182949
28390849,293,184,109,772794599
28156489,221,153,68,765739907
28902001,452,330,122,788200859
27659521,299,222,77,750802085
25657321,269,197,72,690895087
26426689,318,211,107,713861165
26664241,371,244,127,720964731
29382361,265,186,79,802704140
25179841,292,195,97,676677269
27400801,333,228,105,743036305
28659409,320,221,99,780885297
26907169,384,265,119,728237027
29134681,231,153,78,795222654
27910849,377,247,130,758352757
25412209,318,217,101,683593393
29895289,355,240,115,818215276
27148969,319,212,107,735483197
28156969,299,205,94,765755267
28902169,374,254,120,788206061
25929481,446,313,133,699011949
26427409,362,280,82,713881883
26159281,280,201,79,705871925
26664289,427,275,152,720965985
29643769,281,175,106,810606198
27659809,309,224,85,750810431
25657969,335,214,121,690914479
28391281,309,214,95,772807547
27400921,282,183,99,743039689
26908081,305,203,102,728264087
29385049,291,204,87,802783396
25180849,234,161,73,676707859
28158649,285,188,97,765805559
26427601,274,196,78,713887247
29895961,340,242,98,818235058
25929961,344,222,122,699025785
28902721,181,122,59,788223545
26665081,308,219,89,720990093
25412689,282,194,88,683607865
29135521,298,206,92,795247764
28660081,328,233,95,780906885
27911881,391,270,121,758384359
27149329,261,185,76,735494663
26160481,392,256,136,705906653
26908729,291,193,98,728284141
27401089,278,193,85,743044315
26428201,321,227,94,713905817
29385721,279,197,82,802804906
25932481,296,202,94,699101067
25658161,317,207,110,690921955
28158769,319,223,96,765809171
25413049,289,197,92,683618887
27660361,227,158,69,750827189
29896561,304,205,99,818253832
29644441,347,240,107,810626046
28903561,337,255,82,788248577
28391329,433,297,136,772808855
25181209,333,215,118,676718317
26161801,244,168,76,705946703
26665321,311,222,89,720997311
26909401,272,184,88,728303611
27401761,333,226,107,743064703
26429089,347,267,80,713932823
29136361,333,227,106,795273258
25414729,361,231,130,683668381
27150001,411,292,119,735513761
27912361,372,241,131,758399065
28660129,286,201,85,780908103
29386561,270,179,91,802830016
29896729,254,171,83,818258728
28159009,369,266,103,765817583
28903681,229,164,65,788251847
25658641,319,234,85,690935521
25933009,351,232,119,699116643
26161969,373,247,126,705950927
26909569,310,222,88,728308531
27661369,339,221,118,750856901
25182481,373,248,125,676755025
27402169,443,321,122,743076703
26429281,373,253,120,713938451
28391521,253,157,96,772814105
29644801,447,321,126,810636792
25415209,257,188,69,683682835
26667601,288,201,87,721066189
28159441,337,236,101,765829625
27150169,352,249,103,735519365
29386681,285,199,86,802833394
29897449,378,255,123,818280856
28904089,309,210,99,788263475
29136409,294,204,90,795274374
26163001,293,195,98,705982883
27912481,311,203,108,758402551
28660321,330,215,115,780913737
26429449,392,277,115,713943077
26909689,288,192,96,728311999
25658929,364,269,95,690943453
29644969,386,267,119,810641916
25933441,326,214,112,699129579
27402601,410,300,110,743089825
25182889,318,212,106,676767499
25415329,295,223,72,683686699
28159489,273,201,72,765830945
27150769,369,247,122,735537137
27661561,431,291,140,750863411
29386849,378,273,105,802838380
29897641,246,165,81,818287570
28392361,447,286,161,772841095
26163169,359,243,116,705987887
28904521,279,184,95,788277023
26431129,305,211,94,713993753
26667769,360,247,113,721070773
25659649,303,211,92,690964789
29645281,298,198,100,810651408
27912649,321,225,96,758406931
26909761,373,255,118,728313835
29136529,317,215,102,795278004
27151441,390,251,139,735557615
28160281,299,218,81,765855257
28661161,385,250,135,780938121
29387689,348,246,102,802865014
29898241,331,241,90,818305072
26163601,302,222,80,706001021
25933681,310,223,87,699137511
27402649,319,219,100,743091073
26431609,249,178,71,714008609
25183489,324,213,111,676784353
25415569,375,265,110,683693509
28905241,264,187,77,788299349
27661729,452,315,137,750868187
25659769,299,214,85,690969031
28393369,324,219,105,772871083
26910241,336,221,115,728328823
27151489,290,189,101,735559439
26669329,247,167,80,721118831
28160329,352,230,122,765856283
29387929,332,225,107,802871494
26431729,360,256,104,714011315
29898289,387,273,114,818306290
26163649,323,230,93,706002131
29646481,396,280,116,810686598
27912889,499,347,152,758413561
25660009,315,212,103,690975403
25416409,379,260,119,683719213
27403009,369,263,106,743101213
25935121,242,172,70,699180771
29137369,317,234,83,795302958
28661641,333,230,103,780953757
25183729,360,240,120,676793275
26910361,291,199,92,728332237
27151681,444,318,126,735564353
28906249,269,197,72,788328899
28160521,252,171,81,765862325
27662329,372,276,96,750887353
26432449,326,210,116,714032843
29388361,269,189,80,802883842
29899249,392,267,125,818335106
28393801,335,243,92,772884625
25660441,389,265,124,690988297
26669449,283,200,83,721121897
27403489,288,188,100,743116609
25935529,228,137,91,699192417
25417681,265,180,85,683757139
26163769,325,221,104,706005131
26910409,300,213,87,728333677
27914041,275,187,88,758450251
27152161,269,187,82,735578639
26433289,389,262,127,714058091
29647801,339,234,105,810728004
28161961,263,178,85,765905357
29138041,398,266,132,795323226
25184041,244,176,68,676801807
28662001,219,134,85,780964923
25662961,194,131,63,691063225
27404281,249,177,72,743139301
29899321,308,213,95,818337020
29389201,266,186,80,802908868
25417729,347,230,117,683758687
28907041,329,221,108,788353151
26670001,367,244,123,721138085
27663241,282,192,90,750913693
25935841,272,187,85,699202227
26164009,308,206,102,706011737
26910601,280,198,82,728338909
28394521,237,137,100,772905937
26433409,329,233,96,714061745
28162129,325,223,102,765910085
25418521,380,274,106,683781705
25664521,337,238,99,691109577
25184569,365,270,95,676818769
29389249,329,241,88,802910338
27152329,300,211,89,735583511
29899801,445,309,136,818352470
27914209,346,241,105,758454709
27404329,392,263,129,743140891
25936129,318,227,91,699210249
29138089,437,305,132,795324228
29648089,285,198,87,810736158
28662481,239,163,76,780978537
26910769,262,162,100,728343673
26434129,412,298,114,714083243
26164681,251,169,82,706031993
26671681,257,175,82,721188269
28162201,310,229,81,765912809
27663841,410,280,130,750931465
28908601,349,239,110,788400395
25420441,350,246,104,683838405
27405529,306,209,97,743176951
28394689,240,169,71,772911301
25937689,301,217,84,699257271
27915409,311,208,103,758491163
29900641,319,213,106,818377046
29390281,392,262,130,802941478
27153289,252,175,77,735613091
25664689,288,204,84,691114791
26434801,248,166,82,714104003
26911369,257,195,62,728362867
25185169,192,139,53,676836529
28162681,295,209,86,765927773
29138209,351,242,109,795327738
26165521,341,239,102,706057327
25421281,302,217,85,683864289
28663849,368,247,121,781020285
29648161,333,243,90,810738210
25937809,387,261,126,699260607
27406129,250,164,86,743194687
27916081,367,255,112,758510755
26671849,407,276,131,721192901
29900809,281,196,85,818381954
28908961,255,186,69,788411099
27664081,281,191,90,750939361
26435329,373,245,128,714119381
27154009,334,246,88,735633233
26911609,444,309,135,728369881
25665361,336,229,107,691134513
28395529,389,268,121,772935559
29391049,300,205,95,802965652
25185409,379,249,130,676843675
25938049,288,195,93,699267531
25421761,295,208,87,683878257
27408481,267,182,85,743266483
28162969,343,217,126,765936305
27916249,256,177,79,758515537
29648761,312,205,107,810757164
29901601,317,225,92,818406702
26912449,362,231,131,728395613
26166001,273,194,79,706071433
26438449,342,261,81,714212771
29138929,331,224,107,795350152
28665529,301,196,105,781069903
25665721,294,205,89,691144725
26671969,302,210,92,721196477
27664921,314,218,96,750963709
25938529,300,214,86,699281961
27154201,342,232,110,735639335
28909609,192,133,59,788430251
27408721,309,214,95,743272531
25422289,315,218,97,683892877
28163041,248,172,76,765938753
27916921,446,325,121,758536021
29391601,329,229,100,802982656
28395649,292,206,86,772940145
25185889,307,205,102,676857433
29903161,305,209,96,818454246
25667041,219,148,71,691185099
29649769,270,194,76,810787362
26438521,270,188,82,714215303
26913121,219,162,57,728416163
25938721,215,156,59,699286833
26672689,307,212,95,721218203
26166121,349,249,100,706074931
27408889,431,291,140,743277379
28163689,447,304,143,765956447
27918361,247,177,70,758578963
29139049,274,205,69,795353912
28666129,367,258,109,781088011
25426129,289,204,85,684008725
27154681,309,221,88,735653585
29391961,286,195,91,802992904
27665401,222,144,78,750978305
25667209,401,278,123,691190463
29903281,367,239,128,818458200
28909729,385,259,126,788433575
26913889,378,258,120,728438965
25186561,327,231,96,676877341
25939201,241,174,67,699301521
28396201,269,178,91,772956651
27409561,301,214,87,743298109
26674369,347,236,111,721269307
26439289,388,266,122,714236963
29650681,318,217,101,810814622
28164361,335,222,113,765977351
27918409,359,236,123,758580139
25667329,307,214,93,691193667
26167129,354,244,110,706104895
29392969,340,245,95,803024176
29903329,302,208,94,818459370
25426249,253,182,71,684012325
26913961,297,191,106,728441683
27665569,324,210,114,750983165
27154849,378,278,100,735658841
28666201,348,241,107,781090075
29139289,394,275,119,795361346
28909801,473,332,141,788435627
27410041,353,248,105,743312043
28165369,258,183,75,766006793
25186921,412,292,120,676887781
29651449,213,139,74,810837926
27918601,274,186,88,758586763
26674489,335,233,102,721272589
25939321,279,198,81,699304965
28396369,290,199,91,772961979
25667401,261,181,80,691195647
26440129,308,200,108,714262565
29393401,403,284,119,803036626
26914801,268,173,95,728465731
29903449,297,217,80,818463108
27665689,311,215,96,750987605
26167681,269,174,95,706121671
27410209,353,234,119,743316303
25427641,358,244,114,684053095
28165561,375,266,109,766012721
29652841,267,165,102,810879896
27155881,272,185,87,735689785
29140561,411,290,121,795399128
28910449,363,262,101,788456157
28666969,347,234,113,781113427
25667881,424,297,127,691209063
26915401,276,182,94,728483645
25187401,404,280,124,676902775
27918769,315,223,92,758591077
29393449,330,229,101,803037952
26674729,294,204,90,721280119
27665761,345,258,87,750989075
29904169,274,173,101,818484642
25940209,302,205,97,699331941
27410329,285,190,95,743320527
26440369,311,225,86,714270271
28396729,429,278,151,772972029
28166209,323,215,108,766032551
27157489,404,284,120,735738121
25668001,334,244,90,691213113
26168041,267,166,101,706132213
25188529,254,191,63,676936585
25428001,199,134,65,684063793
26915569,310,231,79,728488887
27920281,186,125,61,758636401
28910641,321,227,94,788462109
29653201,345,235,110,810890168
29904289,448,301,147,818487858
27410401,386,270,116,743322795
25940329,294,212,82,699335715
29141809,309,208,101,795437012
28667809,258,190,68,781138911
26675161,295,206,89,721292329
27667201,281,196,85,751032617
25668889,331,243,88,691239765
28167169,324,227,97,766062227
29393809,270,180,90,803048230
27158161,321,218,103,735757873
25189369,388,266,122,676960945
26440969,253,171,82,714287047
26916121,304,206,98,728505915
27920449,375,262,113,758640799
28397401,382,257,125,772992375
26168521,243,158,85,706147057
27411721,312,210,102,743362395
25940401,255,181,74,699337551
25428769,292,204,88,684086965
29905009,291,203,88,818510322
25669681,314,212,102,691264035
29653801,305,213,92,810909002
25189609,237,171,66,676968385
28911481,354,245,109,788486589
28168009,332,228,104,766087169
27159241,315,208,107,735791331
26675569,474,331,143,721304947
27920929,249,159,90,758655719
29394289,308,215,93,803063080
29142121,356,252,104,795445808
26916481,316,217,99,728515539
28668481,302,213,89,781158549
27667369,368,266,102,751037123
27411841,332,231,101,743366085
26442049,344,239,105,714320131
25669921,337,242,95,691271475
25189921,192,124,68,676977157
29905801,375,253,122,818533284
29655049,481,329,152,810946740
26168689,372,263,109,706152043
28397881,325,224,101,773006895
25429441,378,252,126,684106687
25941241,275,200,75,699362613
28912249,255,184,71,788510607
27159409,392,266,126,735795825
28168081,362,249,113,766088909
29395969,326,229,97,803114326
27412081,367,255,112,743373063
25670761,241,179,62,691296327
25190041,417,287,130,676980583
26676241,300,218,82,721324105
26443369,314,216,98,714358543
26917921,315,225,90,728560131
27921121,322,238,84,758662517
29905849,343,232,111,818534922
29655481,342,231,111,810959112
29142481,306,204,102,795456470
28668721,309,220,89,781165653
27667609,412,278,134,751044595
28398889,313,230,83,773036259
27160249,367,250,117,735821013
28168249,437,306,131,766095407
29396161,319,215,104,803119942
25429609,365,262,103,684111253
26168809,432,315,117,706155271
27412249,378,259,119,743378001
25941841,317,219,98,699380481
25190281,331,240,91,676987963
28912321,261,187,74,788512491
26443489,491,364,127,714361273
29905969,378,269,109,818538078
27921601,320,218,102,758676497
25671361,174,114,60,691313751
28669369,308,199,109,781186095
28399009,303,205,98,773040129
27160561,322,223,99,735830973
26676721,368,249,119,721339585
26919481,335,242,93,728606463
28168561,287,192,95,766105019
27413689,374,246,128,743421693
25429849,299,215,84,684118321
25190761,369,251,118,677001675
27669721,302,214,88,751108345
29657161,274,190,84,811010748
29145001,357,249,108,795534248
25942681,346,248,98,699405891
26444161,316,221,95,714382363
26168881,367,255,112,706157329
29396329,366,240,126,803124490
27161521,255,175,80,735858909
27922441,334,218,116,758702201
28399249,385,276,109,773047857
28670209,329,220,109,781211181
28913809,364,258,106,788557875
27414769,343,222,121,743453817
25192129,332,223,109,677042091
25430161,287,199,88,684128077
25671601,281,193,88,691320387
27670729,340,233,107,751138411
29906641,451,314,137,818559468
25943089,350,246,104,699417285
26444329,402,273,129,714387457
26676841,359,244,115,721342513
26919649,281,194,87,728610945
28169521,325,239,86,766132739
27162409,274,169,105,735886047
29657209,408,280,128,811012104
29145481,336,225,111,795549242
28399849,274,190,84,773066187
29396641,358,231,127,803134336
25192441,284,183,101,677052111
28914169,247,181,66,788568663
26169361,320,212,108,706173145
27416041,275,193,82,743492101
25944769,261,170,91,699467781
27922729,421,303,118,758710805
26444569,389,261,128,714395767
27671569,257,187,70,751164631
25672081,352,248,104,691335087
25430281,357,227,130,684131353
28670881,341,229,112,781232151
29907049,431,301,130,818571174
28170361,298,199,99,766158391
26677681,318,211,107,721367019
28400569,435,300,135,773087847
26920489,423,301,122,728635749
27416089,347,232,115,743494345
28914481,358,240,118,788578353
25945201,299,203,96,699482067
27162529,299,200,99,735888987
29397481,285,197,88,803160832
25193281,263,180,83,677076927
25672609,301,203,98,691350969
27671641,364,255,109,751166329
26445049,305,222,83,714410047
26170369,206,137,69,706202377
29146489,420,296,124,795578006
29658241,287,209,78,811044054
27924121,285,172,113,758751731
29908201,253,175,78,818606134
28170529,402,272,130,766163353
27416761,273,183,90,743513629
25431001,340,231,109,684153271
28401601,393,274,119,773118111
25947121,348,238,110,699538605
28915441,267,191,76,788606985
28672249,325,232,93,781273149
25672921,326,223,103,691359903
26678761,347,243,104,721399929
26920609,223,146,77,728640831
29397601,324,234,90,803164666
26445241,253,176,77,714415477
27672649,339,217,122,751196035
27924241,306,207,99,758754821
25193401,277,179,98,677081115
27163921,238,176,62,735931371
29909161,382,251,131,818634862
26170489,316,215,101,706206139
25947601,205,140,65,699553185
27416881,457,327,130,743516749
28402609,268,183,85,773148219
29148001,269,196,73,795624350
29659921,317,227,90,811094026
28915489,285,196,89,788608215
25673929,288,207,81,691389333
28170601,339,241,98,766165237
25431961,270,177,93,684181603
26445409,294,220,74,714420997
29398441,363,254,109,803188934
27924289,403,258,145,758756417
28672681,343,243,100,781286517
26678929,329,223,106,721405155
29909569,352,238,114,818647816
26920681,248,177,71,728642511
27673249,418,298,120,751214443
27417721,435,313,122,743542981
25948609,307,202,105,699581829
25195081,365,252,113,677131071
27165769,312,209,103,735986365
29148121,398,273,125,795627632
25675129,380,273,107,691425369
28403449,270,173,97,773175039
26171329,457,323,134,706230859
28915849,341,212,129,788619021
26445721,375,246,129,714429649
29399449,422,295,127,803219238
27924409,401,300,101,758760905
25433041,371,268,103,684213377
29660689,380,284,96,811116996
27417769,311,209,102,743544763
29910169,353,273,80,818666656
25948801,313,214,99,699588807
28171201,368,265,103,766183759
25676449,321,229,92,691465547
29148841,344,235,109,795650054
26680249,387,274,113,721444125
28672849,355,261,94,781292199
26921161,351,261,90,728656761
25195249,320,227,93,677136883
27674161,410,282,128,751241653
26445889,298,217,81,714434431
28403929,428,303,125,773188971
27166129,250,177,73,735997489
29400169,392,271,121,803242224
28917841,309,208,101,788678955
25948969,249,181,68,699593629
27925489,367,240,127,758792957
26172049,307,216,91,706252681
29910841,250,169,81,818686364
25676569,326,232,94,691468553
27418129,450,340,110,743555125
25433521,259,160,99,684227819
29149801,394,281,113,795678728
26446249,284,205,79,714444769
26680369,271,197,74,721447923
29660929,247,164,83,811124736
28171369,374,261,113,766188439
25195321,363,264,99,677138809
28404289,272,186,86,773199531
27166729,288,193,95,736015089
25949281,292,215,77,699601867
29401129,353,245,108,803270448
26921281,249,153,96,728660769
28672921,416,289,127,781294023
25677121,271,190,81,691485419
27674641,259,184,75,751256107
27926089,264,172,92,758811923
28918129,356,237,119,788687715
26172169,307,201,106,706255603
29150809,360,239,121,795708614
26446729,280,189,91,714458977
25195969,341,245,96,677158033
28171921,381,259,122,766204999
27418441,322,235,87,743564347
25433641,284,200,84,684231599
29910889,318,210,108,818687954
28404721,226,152,74,773212029
27167449,289,198,91,736037229
26681881,284,196,88,721493281
29401369,374,266,108,803277534
27926161,302,194,108,758813831
25677409,310,212,98,691493759
28918849,355,259,96,788709075
29661769,249,166,83,811150518
25950121,326,237,89,699626947
25196161,259,163,96,677163271
26446921,279,191,88,714465283
29151049,319,211,108,795716144
26921329,359,252,107,728662041
28673089,318,219,99,781299381
27674809,401,284,117,751261021
28172449,427,301,126,766220891
28404769,350,237,113,773213499
27168289,337,242,95,736061871
26172409,431,273,158,706263385
29911081,318,220,98,818693672
25434361,304,221,83,684252761
27928441,260,190,70,758882861
25677481,274,184,90,691496171
27419401,253,166,87,743592613
25196761,407,281,126,677181085
25950289,345,243,102,699632365
26447761,373,262,111,714491503
26681929,306,212,94,721495657
29151361,334,219,115,795725318
28920049,340,222,118,788745999
28173289,332,228,104,766245785
29402881,280,171,109,803323386
29662081,266,198,68,811159362
27169081,261,181,80,736084827
28405129,328,196,132,773224569
26922001,383,258,125,728681937
29911561,341,262,79,818708108
27929689,453,328,125,758919179
28673929,348,252,96,781323513
25197169,597,405,192,677192623
27675649,324,217,107,751284745
25677649,494,346,148,691500413
25950481,402,266,136,699637411
26173009,308,220,88,706281331
26448241,274,186,88,714505849
25435321,390,278,112,684280241
27419569,277,194,83,743597251
27170161,369,259,110,736118853
28405561,335,232,103,773237487
25197841,378,272,106,677213047
28920889,455,305,150,788770341
26682049,249,182,67,721498609
28173721,354,255,99,766259795
29912929,365,244,121,818749058
27930169,306,197,109,758933651
28674241,335,235,100,781333515
29153161,283,199,84,795779558
25677961,299,205,94,691510157
25950649,371,249,122,699643099
29403481,418,269,149,803341346
26922361,327,210,117,728692695
29662921,340,252,88,811185060
27675841,351,242,109,751290253
26448601,308,215,93,714515887
26173681,288,190,98,706300967
27170329,374,269,105,736123065
25435369,401,308,93,684282413
25198321,321,215,106,677228743
28405801,346,243,103,773245107
25678249,233,155,78,691518773
27930961,346,214,132,758958369
25950961,327,220,107,699652561
28674361,289,202,87,781337247
29913361,308,203,105,818763230
27420121,224,143,81,743615641
28921201,270,187,83,788780367
26682121,297,209,88,721500985
28173889,313,220,93,766264403
25198441,279,178,101,677231761
26449081,292,202,90,714530827
27170809,338,223,115,736136733
29153329,316,217,99,795784616
28406401,248,143,105,773262429
26923009,271,165,106,728710851
25678801,325,223,102,691535075
29404201,270,183,87,803363558
27931009,358,241,117,758959893
28674769,337,222,115,781349217
29663089,234,161,73,811189674
29913769,363,242,121,818774732
25435561,375,252,123,684288053
26173729,367,242,125,706302353
27676009,259,163,96,751296163
25951801,298,190,108,699677947
25198489,303,200,103,677233483
28921489,331,230,101,788790045
26449369,295,199,96,714538945
27171481,399,283,116,736157343
27421249,384,275,109,743649217
28406641,309,213,96,773269143
25678969,358,251,107,691540157
26683441,355,248,107,721541455
27931201,232,166,66,758965479
28174129,296,209,87,766271015
28675081,401,273,128,781358931
29915761,322,226,96,818836058
25951921,264,181,83,699681301
29153569,415,282,133,795791774
25198609,371,259,112,677236867
26923681,302,207,95,728731657
29404321,315,216,99,803367194
25436569,301,199,102,684318893
26449441,409,259,150,714540595
26174089,473,336,137,706312337
28922041,262,177,85,788805885
29663209,421,309,112,811194120
27676321,259,181,78,751304995
28407961,333,217,116,773309847
25680169,333,250,83,691577369
27171601,336,229,107,736160499
28675369,333,208,125,781367847
25200121,317,222,95,677281183
25952161,275,199,76,699688945
27422641,208,136,72,743691091
29916049,353,245,108,818844332
26683729,411,321,90,721549189
29404489,452,303,149,803372234
26450041,297,201,96,714558201
27931801,351,238,113,758983299
28922209,296,215,81,788810883
28174561,397,270,127,766284149
25680481,274,195,79,691586477
25436881,328,216,112,684328685
26924041,336,217,119,728743105
29153881,299,196,103,795802208
27172009,381,267,114,736173771
26175361,307,217,90,706351601
28408801,234,172,62,773335995
25200169,328,235,93,677282227
29663281,332,246,86,811196208
25952929,334,238,96,699711811
27676489,330,227,103,751310617
29916121,303,203,100,818847206
28676449,319,215,104,781399269
29405041,280,195,85,803388500
26450089,344,232,112,714559581
27932041,286,210,76,758990217
27423001,305,217,88,743701953
28922329,331,226,105,788814579
26683801,348,236,112,721551649
25201369,368,232,136,677317953
27172441,309,210,99,736186113
25680649,342,245,97,691591739
28408969,349,225,124,773340619
29663449,355,231,124,811200492
28175281,272,178,94,766305445
25438561,318,214,104,684376709
25954009,254,178,76,699744547
26925049,496,340,156,728773075
26175769,305,230,75,706363157
29916961,375,243,132,818871278
29154841,293,216,77,795831008
27932689,344,245,99,759010233
26450209,333,226,107,714563973
27676609,320,218,102,751313995
28676761,306,213,93,781409697
25201681,265,191,74,677327943
28923241,279,195,84,788842195
29405209,374,270,104,803393258
28409089,272,193,79,773343961
25438729,310,213,97,684382355
29664289,405,273,132,811226688
25954321,340,228,112,699753841
25680841,338,230,108,691597169
27423169,384,269,115,743706291
26685649,203,149,54,721605649
27172609,247,168,79,736191189
29917729,356,262,94,818894588
29155729,241,170,71,795858266
27933049,268,188,80,759021009
28176409,360,232,128,766338691
26925361,251,176,75,728783149
26176201,384,252,132,706376309
25202521,280,193,87,677352765
25439521,289,198,91,684406577
28410769,314,225,89,773395305
29405401,271,171,100,803399078
25954849,356,241,115,699768733
28676881,332,227,105,781412517
26451289,327,217,110,714595557
29664601,312,209,103,811236540
25681321,245,166,79,691611533
27676849,297,207,90,751321577
28924249,308,205,103,788871775
29917801,329,226,103,818897228
29156521,345,230,115,795881708
27423841,288,196,92,743726265
26686081,260,167,93,721619605
27933361,311,204,107,759029949
25439569,305,194,111,684407567
27173161,216,144,72,736207419
25955521,264,157,107,699788563
28410841,374,233,141,773396733
25202689,365,251,114,677357685
28677049,311,215,96,781417719
28177129,337,245,92,766361515
29406001,246,160,86,803416886
26926201,226,167,59,728807191
29664769,299,220,79,811241430
26176441,311,219,92,706383149
26452609,359,253,106,714635193
29156761,271,189,82,795889244
25681489,341,232,109,691615961
29917969,268,173,95,818901668
27677329,301,217,84,751336487
25203049,269,187,82,677368719
25956169,327,220,107,699807683
25439761,265,175,90,684413363
28924729,410,273,137,788886535
28411681,349,242,107,773422443
28677601,300,208,92,781433961
27424609,261,172,89,743749839
27933721,294,198,96,759040311
26686249,429,311,118,721623817
26926369,398,286,112,728812213
29406409,382,265,117,803430722
29664961,331,234,97,811247040
27173521,359,249,110,736217609
28177801,272,189,83,766382833
26176609,346,233,113,706388183
25439929,387,276,111,684419015
25203361,352,242,110,677378007
29918569,403,286,117,818920172
26455081,270,172,98,714710535
25956289,307,217,90,699811607
29156929,297,198,99,795894464
25681681,281,192,89,691622183
28677721,353,266,87,781437315
27934201,268,184,84,759055389
28413289,307,222,85,773470677
27677449,324,224,100,751339649
29407249,294,200,94,803456798
29666401,344,237,107,811290348
25203649,274,187,87,677386299
28924921,244,166,78,788892481
26686921,320,217,103,721645255
26926489,440,300,140,728815777
25440241,320,247,73,684428027
27425521,387,269,118,743776605
28178089,413,284,129,766390501
27174289,314,211,103,736241081
25956529,284,197,87,699819137
29918641,272,173,99,818922572
28677889,440,309,131,781443021
26177761,212,150,62,706423331
27934369,356,250,106,759059811
28413961,330,219,111,773490495
26455249,355,240,115,714715299
25682161,339,239,100,691635809
29407681,309,204,105,803468468
29157361,295,204,91,795906710
25204369,294,203,91,677407239
29667409,425,305,120,811320480
25440529,314,206,108,684435729
28178641,347,245,102,766407463
27678961,327,241,86,751385849
25957201,372,263,109,699838643
29919121,399,269,130,818937188
28678801,314,217,97,781471005
26927209,252,163,89,728837389
26687329,354,238,116,721656845
27175009,231,163,68,736263797
27425689,327,224,103,743781543
28927369,326,230,96,788966397
27935161,296,209,87,759083973
29407921,294,203,91,803475782
25440769,561,377,184,684443109
26177929,352,247,105,706427759
29668081,238,153,85,811342386
26455921,369,250,119,714735773
28414369,266,167,99,773503293
25204561,519,356,163,677412447
25683001,254,166,88,691661873
28179169,431,311,120,766422163
25957849,299,205,94,699859217
29157409,365,250,115,795907976
27176641,367,241,126,736311563
28679281,290,203,87,781485051
29920081,260,191,69,818966144
26927401,330,232,98,728842999
27935209,347,233,114,759085389
25441249,267,188,79,684457251
27679849,355,242,113,751412501
28927609,380,290,90,788973819
29409241,292,197,95,803515346
26687929,407,293,114,721674167
29668801,431,303,128,811362720
28416049,338,234,104,773554107
27426001,420,296,124,743791539
25958041,373,243,130,699864653
25205041,238,172,66,677427297
26178769,343,231,112,706453355
26455969,313,222,91,714737165
28179769,365,233,132,766440481
27176689,276,181,95,736313651
25683289,356,243,113,691669805
29157769,284,198,86,795919346
29920129,358,263,95,818967170
28679641,388,269,119,781495809
28417561,379,260,119,773600043
29409361,402,290,112,803518664
25958209,365,252,113,699869441
26928409,300,198,102,728873545
25205161,389,305,84,677430639
25442281,337,231,106,684488645
27935329,294,213,81,759089205
29670601,247,172,75,811418184
27680689,286,188,98,751437701
26688769,390,265,125,721698215
28181689,436,287,149,766498633
28929289,261,165,96,789025065
27427009,288,186,102,743821287
29922001,409,274,135,819024754
26178961,273,194,79,706458545
26456161,291,205,86,714742805
28679809,388,275,113,781500249
27176881,250,176,74,736318967
29158081,362,257,105,795928016
25683529,293,183,110,691676411
25205209,378,276,102,677432013
25958641,285,200,85,699881669
27936169,294,206,88,759114069
28418161,424,302,122,773617455
29670649,314,210,104,811419432
26689441,283,206,77,721719321
29409529,410,299,111,803524208
28182961,295,192,103,766537141
25442929,295,199,96,684507323
26929009,361,257,104,728890573
28680121,318,223,95,781510545
27680881,370,259,111,751443581
25205329,415,315,100,677435349
29922769,399,275,124,819048136
25958809,371,254,117,699886727
29159041,318,210,108,795957560
27427801,282,179,103,743844945
28929889,314,222,92,789042861
27936409,432,303,129,759121275
26179801,409,302,107,706483955
26456761,298,210,88,714760319
29670841,310,206,104,811425054
28418329,239,168,71,773622315
27178561,337,229,108,736368857
25684129,254,169,85,691694489
28183009,317,220,97,766538251
26690161,251,171,80,721740957
25205881,287,184,103,677452371
25959721,388,271,117,699914327
29925169,305,206,99,819119996
25443289,248,161,87,684519137
28680409,309,203,106,781519005
26929249,334,227,107,728898007
29410921,316,206,110,803566052
29160121,221,149,72,795989624
27938401,269,183,86,759181665
29671009,294,207,87,811430244
27681361,303,217,86,751457261
26691001,287,194,93,721766451
28418569,339,233,106,773630583
27428209,311,189,122,743857629
25206409,410,296,114,677467971
26180281,298,210,88,706497885
28183369,383,249,134,766549255
28930969,353,261,92,789074889
26456809,329,249,80,714761669
25684849,304,213,91,691716289
25960201,286,208,78,699927767
27179401,323,217,106,736394447
29925289,194,135,59,819123182
28680961,238,164,74,781535223
29160289,327,224,103,795994136
29411209,240,176,64,803574254
27938761,339,251,88,759191379
25443601,339,231,108,684528431
26691121,333,235,98,721769559
25207009,278,201,77,677486223
26929561,325,222,103,728907889
28418881,314,221,93,773639373
29671489,301,202,99,811444602
25960729,325,236,89,699943757
27681721,323,223,100,751468175
27428689,368,277,91,743871489
28681489,243,172,71,781553133
26180449,237,164,73,706502745
29926201,427,290,137,819150338
29411761,322,211,111,803591168
26456929,349,264,85,714765989
25684969,287,215,72,691720069
27938929,377,286,91,759197889
28183801,454,307,147,766562143
28931641,426,285,141,789095019
25207561,334,243,91,677501829
26691361,390,268,122,721776891
27179881,283,194,89,736410611
25961041,280,184,96,699953477
28419049,404,261,143,773644695
29160601,280,193,87,796003916
25443721,252,178,74,684531635
27428881,295,213,82,743878161
29674969,281,179,102,811549458
26929681,301,198,103,728911105
29412121,374,263,111,803601998
29926849,269,180,89,819171932
28681801,328,208,120,781561491
25207729,307,230,77,677506761
26691529,310,228,82,721782567
27939361,375,260,115,759210093
27682489,397,265,132,751490735
26180809,372,256,116,706513809
25961401,344,243,101,699963455
25685041,343,234,109,691722055
28419169,329,231,98,773648079
26459161,323,219,104,714831929
28184041,266,195,71,766569571
27180001,289,198,91,736413359
27429049,329,243,86,743883213
29675521,293,198,95,811566378
28932121,251,163,88,789110415
25443889,280,195,85,684535931
25208401,290,181,109,677526585
29413609,279,183,96,803646414
28681921,322,206,116,781564683
29927041,374,264,110,819177356
29160889,345,250,95,796012958
26929729,398,281,117,728912863
25962889,248,146,102,700007885
26692129,328,216,112,721800147
28419409,332,224,108,773655573
27429361,291,211,80,743892039
27684889,350,235,115,751562763
27940201,201,131,70,759235929
25209241,358,251,107,677551509
26181289,438,311,127,706527819
25686649,341,225,116,691769905
26459689,253,178,75,714847517
28682809,286,207,79,781592059
29928529,337,227,110,819222302
29675641,266,197,69,811568880
29160961,375,255,120,796015082
27180721,284,178,106,736436237
28184209,315,224,91,766574239
28932961,330,215,115,789135867
25963921,238,161,77,700038405
25444129,344,228,116,684542903
26692201,384,262,122,721802295
28419841,295,203,92,773668827
27430321,319,223,96,743921181
29414449,287,192,95,803673092
25209529,309,206,103,677560071
26930089,334,209,125,728924545
28683601,314,212,102,781614871
29675689,312,198,114,811570842
29928889,262,169,93,819232802
28933129,333,230,103,789141375
26692849,384,259,125,721822743
25687201,317,217,100,691785979
26181409,264,184,80,706531809
27685081,327,226,101,751568397
27940249,284,188,96,759237297
29161441,256,180,76,796029686
26460001,324,222,102,714856997
27430729,249,183,66,743934747
28419889,315,227,88,773670015
25964569,353,227,126,700058649
25211041,307,213,94,677604909
27181681,415,287,128,736463417
28184881,355,238,117,766595149
25444561,348,238,110,684555659
28684009,348,229,119,781627651
29675809,277,185,92,811575030
28933321,271,181,90,789147345
29929561,233,169,64,819253038
26693209,252,184,68,721833603
29415121,353,234,119,803693192
26930569,311,214,97,728939029
27431161,297,206,91,743945985
29161609,246,168,78,796034414
25211209,261,180,81,677610117
25688041,265,188,77,691811215
26460121,342,252,90,714860183
26181481,304,194,110,706533939
28420081,319,215,104,773675889
25964761,367,249,118,700064781
27685681,282,191,91,751586925
27940609,380,233,147,759247569
28684609,474,318,156,781646137
26693521,345,226,119,721842663
25444609,336,229,107,684556907
27181849,367,249,118,736468643
29676649,327,235,92,811599912
28186321,264,169,95,766639157
25211281,307,219,88,677612205
29929729,307,208,99,819257382
25688161,306,200,106,691814431
26460289,338,242,96,714865589
27432001,216,149,67,743972799
25964929,312,218,94,700069173
29162569,263,201,62,796063718
26931241,398,281,117,728959177
28934089,406,269,137,789168441
28420849,392,295,97,773697939
29415961,378,238,140,803718680
28684681,278,198,80,781649083
26693809,292,199,93,721851241
26182081,325,224,101,706551693
28187041,255,178,77,766661063
25211449,339,225,114,677618289
27685849,252,173,79,751592457
27940921,396,275,121,759258321
29677561,225,157,68,811627260
26460361,339,238,101,714868127
25965769,390,272,118,700093917
25445281,270,176,94,684577571
27182401,298,207,91,736485509
29930161,378,252,126,819272202
28422409,327,224,103,773744767
25688569,312,221,91,691827061
29162641,416,277,139,796065902
28684849,447,316,131,781653703
27432049,342,247,95,743974281
25212289,376,259,117,677642409
26182249,324,219,105,706556637
28187161,375,265,110,766663919
26932441,286,193,93,728994811
25966249,318,223,95,700108437
28934329,399,295,104,789175821
26460961,319,236,83,714884877
26693881,341,242,99,721853215
29416129,316,239,77,803723288
29678161,425,296,129,811645296
27686569,351,234,117,751613913
29930569,357,273,84,819284166
25445401,366,259,107,684580775
27941449,372,237,135,759273753
28685521,393,278,115,781672897
27433009,384,275,109,744001167
26182801,373,252,121,706573509
25212769,293,196,97,677656785
27182689,261,183,78,736493525
25689889,238,177,61,691866451
28423081,259,178,81,773766277
26463529,251,175,76,714962355
28934761,270,192,78,789188909
29163481,256,183,73,796091408
28187209,351,244,107,766666091
26933449,321,230,91,729024499
29678881,245,171,74,811667754
25966921,295,198,97,700128303
26694049,417,277,140,721858225
25212961,269,184,85,677662695
27433561,228,165,63,744018951
26183329,386,273,113,706588179
29931001,276,176,100,819297288
28686001,326,229,97,781687489
29416801,414,288,126,803743646
27183529,307,207,100,736520237
27687529,283,191,92,751642551
25445569,366,273,93,684586433
26463649,321,222,99,714965411
25690081,282,191,91,691872283
27942049,352,248,104,759292055
28423441,271,196,75,773777005
25214401,250,164,86,677705307
27434089,304,204,100,744033207
29680681,344,229,115,811721866
26183929,298,210,88,706606713
28935169,351,247,104,789201287
29164081,283,202,81,796109102
27184081,245,168,77,736536959
28686529,242,170,72,781703701
28188049,423,287,136,766690643
25967881,259,162,97,700157733
26934049,324,218,106,729042961
25691569,325,231,94,691915409
26694721,276,186,90,721878805
25446241,381,267,114,684606221
27943441,435,321,114,759333491
26464561,436,302,134,714992693
29931049,354,235,119,819298674
25215481,348,231,117,677737917
29417329,460,316,144,803759624
27687601,360,253,107,751644441
26184001,329,211,118,706608927
29681521,267,182,85,811747008
27434401,291,205,86,744043143
28686961,276,196,80,781716705
25692241,309,218,91,691936229
28423921,315,210,105,773791369
27184441,276,196,80,736547555
25446409,340,236,104,684611387
27943969,269,186,83,759348845
29164249,214,144,70,796114664
25217089,344,232,112,677785641
28935601,334,238,96,789214823
26465161,370,270,100,715011329
25968121,223,148,75,700163997
26934289,413,292,121,729049819
28189921,277,188,89,766746491
29931721,218,149,69,819319452
26696041,294,198,96,721916533
26184841,272,196,76,706634523
25692361,352,220,132,691939247
29681689,363,263,100,811751850
28687129,308,210,98,781721763
27184609,380,254,126,736552253
27688201,398,269,129,751662279
25446481,362,227,135,684613175
29417929,287,208,79,803777576
27436081,271,182,89,744093353
25217761,311,218,93,677804955
28424041,351,248,103,773794867
27944401,298,189,109,759362045
26465401,281,189,92,715018517
25694041,313,225,88,691990385
29164921,356,232,124,796133834
25968721,320,211,109,700181901
28936009,345,247,98,789225905
29932681,265,174,91,819347142
28687201,361,247,114,781723671
26934601,278,183,95,729059515
25446649,381,278,103,684618287
25217809,292,205,87,677806677
26696209,329,231,98,721922653
26185009,387,273,114,706639047
28190521,354,239,115,766765241
27436369,345,246,99,744101615
26466049,273,193,80,715038707
27944569,388,267,121,759366911
29418481,251,182,69,803794820
29682361,336,217,119,811772502
27185089,285,174,111,736565345
27688369,328,237,91,751668003
28425049,274,186,88,773826349
25694281,348,240,108,691997261
25218601,379,233,146,677829603
28687801,319,222,97,781741599
29932849,291,210,81,819351600
26466889,318,227,91,715063349
27436441,356,232,124,744103841
27945121,277,193,84,759382811
29418841,207,140,67,803806976
29165161,353,251,102,796141010
25969129,541,374,167,700194525
25447129,405,269,136,684633079
26935969,308,213,95,729099937
26185609,366,246,120,706657173
28936321,290,188,102,789235805
26696401,278,196,82,721929079
28190689,386,284,102,766769945
25694881,273,183,90,692015123
25220161,268,180,88,677877265
29682409,212,135,77,811774296
28689481,346,223,123,781791639
27186769,266,188,78,736615263
26467561,327,230,97,715083977
29933089,418,270,148,819360858
27436609,332,228,104,744110189
27945481,376,256,120,759393813
27689089,371,236,135,751689341
28425289,384,266,118,773833189
29419441,443,303,140,803823656
29168281,288,203,85,796236296
25695289,409,279,130,692026751
25220449,306,204,102,677885593
25969609,314,211,103,700209081
26185681,355,248,107,706658967
25447321,224,147,77,684638431
28689649,321,216,105,781797423
26937121,225,156,69,729135491
26697409,408,270,138,721958413
29682529,415,292,123,811779024
27437041,251,162,89,744123315
26467729,308,216,92,715088333
28936441,322,227,95,789239777
29933929,299,202,97,819385524
28191529,374,260,114,766795169
29420161,256,179,77,803845288
25220521,259,172,87,677887773
27187441,257,166,91,736635639
25695601,297,194,103,692037173
27945649,296,223,73,759398331
27689449,393,288,105,751699163
25970569,187,129,58,700238217
28425601,272,196,76,773842603
26185849,358,236,122,706663659
29169169,323,215,108,796264022
27437089,301,206,95,744124389
26468401,292,208,84,715108895
28689889,339,236,103,781804077
25447969,268,188,80,684658585
29934529,317,225,92,819404850
25221529,381,266,115,677918103
25696441,219,158,61,692062295
29421841,303,209,94,803896846
26697841,289,207,82,721971475
26937241,400,274,126,729138293
29684089,307,215,92,811826334
28936489,367,237,130,789241061
25970809,319,240,79,700245603
28191769,316,213,103,766801967
26187121,263,177,86,706703109
27188281,356,251,105,736660969
27437209,336,242,94,744128529
27945961,299,211,88,759408711
29170849,261,174,87,796314586
28690561,190,128,62,781825419
26469361,253,160,93,715136561
27689881,336,227,109,751713269
25221841,345,238,107,677927097
25696729,314,207,107,692069561
28425961,260,175,85,773853017
29934769,444,333,111,819411792
25971481,474,323,151,700265013
25448329,198,131,67,684668893
26187169,285,202,83,706704477
26938321,245,165,80,729171643
27437929,319,217,102,744148899
26698729,294,204,90,721997419
29422969,213,150,63,803930314
27946129,297,192,105,759413679
25222129,227,161,66,677935665
29685289,387,280,107,811861764
25696969,262,182,80,692077841
28192081,333,222,111,766812527
29171209,310,218,92,796325200
28937449,367,246,121,789269873
27188569,349,237,112,736669357
29935369,279,201,78,819429426
27690721,250,178,72,751737785
26469409,378,254,124,715138157
25449601,249,171,78,684707221
28691161,348,240,108,781843029
26187289,313,220,93,706707885
27438049,369,242,127,744152415
26939089,323,219,104,729193645
28426129,308,227,81,773857907
25972249,355,258,97,700287629
25697281,188,128,60,692087075
27946489,338,225,113,759425019
29171689,308,209,99,796339906
25222969,343,248,95,677961099
26698921,330,230,100,722003179
28192249,441,310,131,766817465
25450681,268,175,93,684739021
27690769,398,279,119,751739369
26469529,342,229,113,715141529
29935921,325,208,117,819446550
29423041,404,271,133,803932588
29685889,358,277,81,811879356
28937521,378,257,121,789271709
27188641,417,301,116,736671637
27438121,351,236,115,744154971
26939641,244,176,68,729209881
26188009,309,227,82,706728939
25223641,248,161,87,677981001
25697809,364,265,99,692102375
28691329,412,314,98,781848507
29173321,317,215,102,796389604
28192369,382,282,100,766820963
25450849,444,317,127,684743959
25972321,343,234,109,700289513
26470441,408,269,139,715168501
27691561,292,204,88,751764239
28426441,358,254,104,773867483
29936089,322,218,104,819451224
27439561,355,247,108,744198589
27946969,338,239,99,759438429
26700361,288,210,78,722047069
28938001,264,186,78,789286949
25223689,399,285,114,677982327
29423809,315,226,89,803955478
27189241,249,161,88,736690267
29686441,279,182,97,811896510
26939761,391,265,126,729213427
25451281,361,252,109,684756325
29173369,270,180,90,796391236
26471089,354,260,94,715188445
27691801,260,166,94,751771157
28192921,274,179,95,766837403
26188369,304,206,98,706739535
25698289,313,225,88,692117285
29936209,327,228,99,819454122
25972489,281,201,80,700294025
28691401,377,264,113,781850253
27947641,260,179,81,759459693
28938529,325,217,108,789303161
25225201,193,142,51,678027789
28426609,395,268,127,773872187
27439609,404,275,129,744199813
26471449,319,223,96,715200037
25452289,300,212,88,684785941
29173489,281,194,87,796394380
26700409,337,223,114,722048149
27692449,319,224,95,751790657
26940601,286,200,86,729239011
28193761,283,201,82,766862139
29686609,436,288,148,811901400
29936449,207,158,49,819461634
27189649,292,215,77,736702297
25225489,292,202,90,678036195
29423881,255,184,71,803957710
27947761,330,213,117,759462915
28939369,359,254,105,789328133
26188801,265,181,84,706752729
25698961,319,236,83,692137157
25973641,253,158,95,700329581
25453009,328,217,111,684808057
29174161,227,151,76,796414000
28692409,263,176,87,781882173
27692569,303,208,95,751793963
27440401,342,219,123,744223885
28426729,351,251,100,773875661
28194961,254,171,83,766898571
26701201,289,206,83,722071735
25226041,230,151,79,678052185
26471881,380,260,120,715212007
29686729,310,218,92,811904706
26940769,358,230,128,729243415
27947809,313,225,88,759464223
29424049,347,228,119,803963440
28940209,269,197,72,789353177
25453969,416,289,127,684835813
27190321,341,245,96,736722367
29937049,411,270,141,819481206
25975009,385,258,127,700371245
25699081,328,226,102,692140805
29174209,328,231,97,796415620
26189041,411,293,118,706759977
28195561,208,135,73,766916085
26472049,416,304,112,715216639
28692841,287,191,96,781894341
27949609,359,254,105,759518493
29686801,370,243,127,811907538
29424529,363,252,111,803977522
25226161,373,239,134,678055335
28940881,350,271,79,789373519
27694969,369,247,122,751866323
27441409,405,296,109,744254155
25454521,330,223,107,684854491
26701249,298,209,89,722073313
28428121,290,194,96,773917649
26941009,390,257,133,729251275
25975849,304,198,106,700395809
29174401,265,169,96,796421602
26472289,273,172,101,715224739
28195729,253,183,70,766920129
27190489,276,196,80,736726987
25699321,279,208,71,692148077
27950449,342,240,102,759542865
28693009,333,228,105,781899693
29424649,331,244,87,803981152
29687401,392,276,116,811925652
29937601,295,206,89,819497616
26189209,347,251,96,706764735
28941529,312,203,109,789392743
25226329,300,207,93,678061173
25455049,366,259,107,684868657
27441481,332,221,111,744256477
26472889,264,173,91,715242775
27695761,346,239,107,751889305
25976161,264,178,86,700405175
26702041,273,179,94,722096263
29174569,408,262,146,796425814
28428481,324,210,114,773928167
27950521,336,226,110,759545961
28693081,371,244,127,781901433
26942281,241,176,65,729289507
29425369,422,298,124,804003700
29687809,441,306,135,811937034
28196281,288,175,113,766938159
27191761,309,216,93,736765855
25699489,441,313,128,692152859
28942201,292,203,89,789413521
27442249,330,211,119,744279175
26189689,304,222,82,706778547
26473561,235,158,77,715262569
25456201,229,158,71,684904657
25976689,379,273,106,700420679
29938561,294,205,89,819526174
25226401,333,233,100,678063039
29175169,254,170,84,796444828
28693921,303,212,91,781926357
27951841,277,202,75,759585033
29425489,370,239,131,804006946
26702449,299,221,78,722107927
27696001,325,212,113,751897477
29688289,259,182,77,811953072
27443089,323,233,90,744304705
26942521,298,221,77,729296767
28428649,333,234,99,773933105
28942489,346,246,100,789421669
25977001,380,263,117,700429913
25456489,329,233,96,684912259
25227001,346,239,107,678080451
25699969,262,173,89,692167847
28196401,274,183,91,766941171
27192481,264,167,97,736787089
29175409,359,241,118,796451986
26473729,309,205,104,715268269
28695241,289,193,96,781966305
26190361,300,220,80,706798815
27443161,371,250,121,744306547
29689129,326,228,98,811978326
26944009,260,194,66,729340999
29940121,368,253,115,819574186
25978129,292,211,81,700463101
28942729,269,169,100,789428707
25456729,257,189,68,684919087
27952801,298,218,80,759614313
26703049,340,236,104,722127289
25227049,331,211,120,678082419
29426209,381,265,116,804028738
27696169,347,240,107,751902295
28695769,402,283,119,781982259
28429249,315,206,109,773951459
26475121,237,172,65,715309225
25700929,327,234,93,692195873
27443929,398,283,115,744329017
25978369,341,226,115,700470127
29175841,287,223,64,796464652
27193321,296,194,102,736812757
26944681,347,218,129,729360583
28196449,358,256,102,766942179
29689969,302,214,88,812003202
25457401,306,190,116,684939631
26190481,235,157,78,706803135
28943041,366,266,100,789438055
25227409,273,188,85,678093321
28697209,392,272,120,782025195
29940481,343,233,110,819584038
26703601,254,173,81,722143597
27952849,245,162,83,759615525
25979521,345,221,124,700504483
27444169,383,252,131,744336673
25458001,390,281,109,684957553
27696481,348,220,128,751912153
26944849,338,230,108,729365815
29427241,309,216,93,804059434
25228849,315,210,105,678135471
29175889,293,193,100,796465798
26475481,403,276,127,715319575
28943569,323,222,101,789455401
25701601,263,175,88,692215457
28430089,395,276,119,773975945
29691001,283,196,87,812035134
26190529,319,213,106,706804245
27193609,319,198,121,736821535
28697281,416,283,133,782027739
28196809,339,232,107,766953501
27444481,283,186,97,744345691
25981201,359,236,123,700555489
26703769,264,180,84,722148223
26947321,328,233,95,729440317
25458721,379,262,117,684979279
28944169,292,204,88,789472513
26475649,373,249,124,715324231
29176249,264,198,66,796477310
27953641,271,187,84,759639411
29941081,235,157,78,819602578
26190649,260,177,83,706807815
25228921,286,188,98,678137283
29691841,241,161,80,812059562
27696649,375,274,101,751917217
28430329,290,201,89,773983897
28697761,242,161,81,782042631
29427841,221,149,72,804077992
25981369,378,268,110,700560907
25701769,321,227,94,692220041
26947561,267,195,72,729447127
27444601,347,251,96,744349183
27193681,354,223,131,736823653
28197289,354,228,126,766968033
25459009,284,209,75,684987811
28944241,408,290,118,789474613
26704129,157,100,57,722159029
26191201,295,194,101,706823793
26475961,391,275,116,715334947
28698049,314,210,104,782051075
29692681,351,244,107,812084936
28430761,341,234,107,773997067
25981489,361,261,100,700564309
25229401,350,236,114,678151929
27445489,398,277,121,744375331
27954481,232,159,73,759665991
26948041,351,225,126,729461161
29176561,348,230,118,796487630
29941129,281,195,86,819603598
27697489,300,208,92,751942381
25460761,429,289,140,685039003
25702321,265,188,77,692236907
29429401,289,202,87,804125482
26193049,290,190,100,706878603
28945249,335,239,96,789505911
27194281,402,277,125,736840645
28198081,387,256,131,766991769
25229761,310,203,107,678162507
25982161,355,237,118,700584331
26704441,263,164,99,722168257
28430929,345,239,106,774002305
29692849,380,278,102,812089394
27445681,403,270,133,744381325
26476081,285,190,95,715338103
29176729,294,192,102,796492184
28698289,210,146,64,782057651
29941801,349,249,100,819623818
26193169,389,276,113,706883643
26948161,302,216,86,729464629
27954889,325,216,109,759677787
27194329,346,246,100,736842565
28945921,273,194,79,789525993
25461769,326,210,116,685069163
25230769,316,218,98,678192771
25702489,361,236,125,692242157
27698521,379,266,113,751971931
27446281,376,255,121,744399211
28198129,304,209,95,766993791
29693329,352,241,111,812104196
29429761,363,239,124,804135778
29177089,390,280,110,796502264
25984921,273,193,80,700666417
26193841,370,265,105,706903161
26705401,350,242,108,722197213
28431649,287,189,98,774024859
29941921,248,169,79,819627406
26476921,324,212,112,715362175
25231201,286,204,82,678204891
26948209,295,204,91,729465937
27194449,361,242,119,736845397
25462369,300,217,83,685087313
27446329,286,195,91,744400969
28698889,334,226,108,782076425
28946761,363,250,113,789551781
28198249,303,193,110,766997367
29694361,354,244,110,812136014
27955201,274,180,94,759687027
25702609,241,173,68,692245661
29177569,361,242,119,796517006
27699361,410,293,117,751999027
25231249,261,174,87,678206547
28432489,374,249,125,774049633
26948329,405,290,115,729469249
29431081,233,170,63,804175644
25985569,194,140,54,700686385
29942089,518,376,142,819631102
26194081,305,195,110,706911017
25462441,364,245,119,685088663
27447169,275,181,94,744426541
26705449,246,171,75,722198719
27196009,243,162,81,736893187
28947361,273,185,88,789569217
26476969,337,240,97,715364791
29695009,241,152,89,812155826
29178241,315,199,116,796537706
25232089,247,166,81,678231297
28198321,575,398,177,766999467
28699729,351,248,103,782100575
28432609,335,241,94,774052843
25703281,356,246,110,692265935
26949889,349,249,100,729516937
25463041,340,227,113,685106255
27955489,327,210,117,759695769
27699961,253,183,70,752016139
25985761,305,212,93,700691659
27196801,281,202,79,736916599
28947601,260,164,96,789576849
27447529,456,319,137,744437377
26194849,337,241,96,706933597
29942161,392,279,113,819635134
29178361,283,191,92,796541432
25232881,369,271,98,678255729
29431249,253,177,76,804180300
26706649,502,357,145,722234083
28199089,328,243,85,767022519
26477161,360,222,138,715370701
25463089,313,221,92,685107443
26950009,356,257,99,729520009
27955561,343,240,103,759697677
29695801,310,226,84,812179172
25986361,288,194,94,700708909
25703329,279,193,86,692267339
27196849,255,184,71,736917823
28948921,389,278,111,789616947
28699969,259,171,88,782108189
28433161,246,162,84,774069919
29179201,389,273,116,796566452
26707129,293,192,101,722249239
28199329,298,203,95,767029059
27700009,265,171,94,752017507
27447841,262,180,82,744446611
25464121,251,173,78,685139387
26950249,346,244,102,729527437
26196361,312,210,102,706978441
25233601,275,194,81,678277241
25703521,307,203,104,692272727
27955729,403,281,122,759702585
29942329,277,186,91,819640480
29432089,401,270,131,804205518
26477641,248,174,74,715385527
28949761,278,183,95,789642009
25986409,387,266,121,700710301
27196969,429,325,104,736921609
26707249,325,233,92,722252395
29179369,362,257,105,796571174
25464721,320,207,113,685157357
27448969,324,223,101,744480991
29696041,296,214,82,812186288
28434169,320,232,88,774099637
28199641,313,218,95,767039247
28700569,281,200,81,782126639
26950921,530,363,167,729546427
25704361,339,244,95,692297867
27700201,324,203,121,752023681
29432281,343,246,97,804211842
25233961,355,253,102,678288431
27956161,263,172,91,759715359
26196529,413,286,127,706983313
28950289,305,215,90,789657933
26707489,282,190,92,722259187
25465129,400,262,138,685168883
29179441,355,231,124,796573028
27449209,405,291,114,744487303
26477929,282,187,95,715393219
29942641,320,211,109,819650020
25987201,349,239,110,700734547
26951521,299,201,98,729565669
28435009,379,251,128,774124741
27197641,361,231,130,736941385
25705369,311,204,107,692327743
27956209,324,223,101,759716523
29432449,332,226,106,804217314
26707801,406,282,124,722268577
29696881,346,234,112,812211212
28200649,283,203,80,767068951
28703761,352,263,89,782222447
25465969,310,211,99,685194629
28950601,224,145,79,789667269
29180089,310,205,105,796592760
27700369,351,232,119,752028691
25235449,417,285,132,678331961
27449641,421,278,143,744500581
26196601,368,245,123,706985455
26951689,322,230,92,729571723
27197809,337,241,96,736946179
25705969,311,216,95,692345899
28435201,347,251,96,774130867
26478481,319,203,116,715409815
26708089,240,154,86,722276617
27956329,333,256,77,759720333
25987249,390,268,122,700736275
29432929,295,202,93,804231756
29942929,278,189,89,819658078
25466281,268,174,94,685203371
27450481,321,224,97,744525523
29180881,389,268,121,796616988
26951761,210,150,60,729573913
25706641,329,227,102,692365195
27198529,299,208,91,736968277
29697049,359,239,120,812217542
28201009,368,254,114,767079967
28435801,232,146,86,774149701
28703929,375,262,113,782227499
25235641,322,231,91,678337967
28951129,337,234,103,789683793
26196769,282,189,93,706990225
27701209,335,222,113,752053783
26708641,366,268,98,722294217
25466569,352,245,107,685211729
29433769,326,224,102,804256356
27956881,368,240,128,759737181
26478649,447,324,123,715415095
27450721,267,179,88,744532951
25987369,325,219,106,700739485
25707529,285,193,92,692392273
26953081,256,171,85,729612969
29943169,299,203,96,819665110
27198889,291,202,89,736978561
29181601,277,186,91,796639362
26708761,321,212,109,722297775
28951609,364,246,118,789697713
25467289,283,191,92,685233803
25236121,298,213,85,678352265
28201609,371,265,106,767099061
28435969,255,184,71,774154591
29699041,311,205,106,812278628
29433961,380,247,133,804261750
28704601,312,202,110,782248325
26197441,305,192,113,707010289
27451321,372,263,109,744550639
27701521,275,179,96,752063413
25708489,287,204,83,692421103
25988041,355,242,113,700759609
27957001,321,221,100,759740661
26953249,301,202,99,729617499
29943481,275,183,92,819674068
26479441,288,183,105,715439353
26708809,321,211,110,722299005
25468801,233,166,67,685279199
27199561,427,290,137,736998859
26197921,281,196,85,707024845
25708561,364,262,102,692423521
25988929,347,244,103,700786225
29181769,293,210,83,796643918
25236481,464,323,141,678361949
26953921,223,160,63,729637845
27957409,271,180,91,759752607
29434609,300,199,101,804282036
28951729,354,246,108,789701595
27451729,372,270,102,744562297
28436209,391,256,135,774161071
26709169,290,196,94,722309571
28202329,225,159,66,767119713
25468921,332,240,92,685282937
29699401,388,253,135,812288924
28704769,366,262,104,782253329
27701689,369,269,100,752067787
27199729,353,243,110,737004091
26480329,321,219,102,715465675
26198089,279,194,85,707029159
25709041,321,235,86,692436985
29943649,391,271,120,819678970
25989049,370,253,117,700789387
27957841,289,202,87,759766137
26954449,365,251,114,729653613
25236961,300,202,98,678377645
25468969,329,226,103,685284971
26709481,317,202,115,722319573
28953241,344,238,106,789747015
29435401,197,132,65,804305730
29181961,291,194,97,796649966
27200161,328,215,113,737017159
27452209,305,198,107,744577019
29699881,345,235,110,812303876
25709161,344,227,117,692440207
25989289,377,252,125,700796263
28437049,349,239,110,774185833
28705009,449,315,134,782260961
28202521,394,286,108,767125659
27958009,332,237,95,759772431
27701809,331,223,108,752071609
26954761,318,236,82,729663165
26709769,274,186,88,722327667
26198209,318,219,99,707033467
26481289,378,269,109,715494139
25238089,352,245,107,678411353
28953289,433,319,114,789748659
29944489,391,257,134,819704272
29436409,394,282,112,804336540
25469161,230,161,69,685289843
25989961,368,253,115,700816361
27200401,399,299,100,737024497
29182609,286,167,119,796669256
28705321,360,248,112,782270141
29700409,388,278,110,812318894
25709401,241,159,82,692447543
26954929,261,165,96,729668565
27453241,307,217,90,744608135
26710441,296,206,90,722348121
28202689,344,244,100,767130639
28437649,271,181,90,774204697
27702481,289,201,88,752091379
27958681,308,208,100,759790785
28953409,359,241,118,789752001
29437129,332,231,101,804357762
26199049,316,244,72,707058733
26481361,213,154,59,715496007
28707529,415,297,118,782336333
25710889,329,229,100,692493113
25238641,332,228,104,678427823
29701561,373,267,106,812354132
26955289,395,280,115,729678381
25469761,292,195,97,685306961
25990561,266,173,93,700834091
27455401,338,243,95,744673467
29182801,426,303,123,796674398
29945281,329,217,112,819728788
27201721,357,231,126,737064895
28203001,332,236,96,767140359
28438321,357,240,117,774225307
26710609,385,262,123,722353437
25711249,380,254,126,692503787
28709041,272,170,102,782382321
27702721,304,191,113,752099047
28953649,365,227,138,789758481
26955601,340,223,117,729688293
29701681,327,220,107,812357744
27455569,286,194,92,744678099
26481841,265,178,87,715509927
27958849,273,188,85,759795843
29437249,256,184,72,804361548
26199721,273,193,80,707078077
29182969,334,238,96,796680698
27202081,255,160,95,737075041
25239001,359,252,107,678437693
28203841,259,183,76,767165913
25470169,423,271,152,685319423
25990609,411,285,126,700835123
28438489,290,195,95,774230071
29945521,258,171,87,819736054
28709641,316,199,117,782400261
27455929,356,251,105,744688995
26711161,396,263,133,722370561
27202249,457,320,137,737079853
28953961,372,264,108,789768195
29702089,359,240,119,812369264
26958121,263,189,74,729763631
29183641,381,279,102,796700828
25711729,373,257,116,692518739
27959521,368,255,113,759816201
26482129,357,271,86,715518261
28204201,350,246,104,767176995
27703369,248,168,80,752118391
29437921,349,232,117,804382734
28438561,316,208,108,774231745
26199769,321,221,100,707079265
25239601,229,161,68,678456065
25471489,341,241,100,685358723
25990729,358,263,95,700839125
27456361,285,191,94,744702159
28711201,285,204,81,782447407
28954129,355,234,121,789773691
29702401,276,189,87,812379410
29184241,252,175,77,796718558
26711281,286,211,75,722374173
26959129,344,230,114,729792995
28204369,316,204,112,767181867
27202561,327,213,114,737089885
29946121,272,184,88,819755536
28439161,320,209,111,774249583
26482369,337,243,94,715525527
25713361,367,268,99,692566193
27961081,241,170,71,759862805
27705049,271,198,73,752169403
25239649,276,188,88,678457493
26199889,302,216,86,707083393
27456409,359,237,122,744703635
28712041,381,258,123,782472577
29438641,296,207,89,804405792
29702521,226,150,76,812382608
26711449,360,253,107,722378805
29184289,330,207,123,796719770
26959249,291,202,89,729797867
25471681,262,176,86,685364015
27202849,264,184,80,737098157
28954489,281,178,103,789784407
25990969,278,181,97,700846265
28204681,368,242,126,767190249
25713769,359,238,121,692578427
26482801,397,270,127,715538607
28712161,304,211,93,782476237
26711689,260,184,76,722385357
29947129,275,186,89,819785896
28439329,410,296,114,774254389
27456769,254,176,78,744714675
29703241,291,199,92,812404652
26960809,304,209,95,729844451
29185081,271,181,90,796743430
27961441,373,258,115,759873887
27202921,357,269,88,737100353
25240321,338,233,105,678476717
25714369,333,237,96,692595929
28205689,394,271,123,767221959
26200441,317,237,80,707100901
27705169,393,288,105,752173195
28954969,395,282,113,789798135
25472281,315,212,103,685381643
25991281,328,229,99,700855475
29439169,351,233,118,804420738
26712001,284,196,88,722395629
26961169,230,141,89,729855233
28712569,345,257,88,782487409
29703529,387,274,113,812412206
28440001,350,246,104,774274495
29186329,290,201,89,796781962
27203521,283,187,96,737118215
25714441,288,201,87,692598047
26483209,417,272,145,715551105
25991401,354,249,105,700859483
27457081,329,220,109,744723273
29947201,303,203,100,819787642
25240681,278,191,87,678488397
28955929,293,196,97,789828105
27962449,346,238,108,759903623
26200609,401,265,136,707105035
25472329,234,162,72,685383407
28205809,263,181,82,767224527
27705841,251,170,81,752193427
26961481,278,186,92,729864461
26712529,310,201,109,722410917
29439481,402,281,121,804430422
28713169,335,217,118,782506345
28440409,448,307,141,774287425
29187001,411,303,108,796802362
25714609,366,261,105,692603291
25991809,375,262,113,700871183
29703601,303,199,104,812414804
27203569,345,229,116,737119619
27457201,314,211,103,744726753
26961769,334,211,123,729873383
26483521,259,177,82,715560483
29947681,259,180,79,819802528
28713241,369,271,98,782508931
26713009,318,213,105,722424771
25241449,221,151,70,678510621
28956601,335,225,110,789848263
25714921,276,182,94,692612837
29187481,318,205,113,796816630
28440721,242,164,78,774297559
26200729,316,232,84,707109157
25473529,288,180,108,685419599
27962881,289,202,87,759917075
25992409,285,182,103,700889643
28206361,332,229,103,767242149
27706849,277,201,76,752223377
29439601,310,219,91,804434424
29703769,417,294,123,812419784
26962009,292,203,89,729880493
27457609,229,158,71,744739391
29947849,286,198,88,819807802
28713889,379,254,125,782529061
25715881,247,164,83,692640557
26483689,360,238,122,715565559
27204601,391,280,111,737149961
28441681,328,214,114,774324931
29188441,374,268,106,796845232
25993249,442,327,115,700914477
25241521,438,336,102,678512355
26713201,277,202,75,722431173
28959361,461,318,143,789931019
29440321,291,195,96,804455508
25474201,274,188,86,685439603
26200969,343,260,83,707115997
26963329,327,227,100,729919723
27962929,372,264,108,759918329
25717609,265,184,81,692692649
28206889,359,230,129,767257077
27707089,260,183,77,752231045
28714249,311,200,111,782539201
27458089,316,229,87,744753809
26484361,340,234,106,715585701
25993321,226,158,68,700916523
28441729,287,200,87,774326305
29948209,342,231,111,819818122
29705089,334,236,98,812459906
25242169,367,245,122,678532179
29188681,308,204,104,796852852
27205921,296,205,91,737189075
29440849,340,241,99,804471006
26963449,391,265,126,729922993
25717729,282,194,88,692696465
26713969,310,206,104,722455071
28959841,258,174,84,789946181
28716241,430,293,137,782599015
26484529,311,209,102,715590555
25474369,385,260,125,685444241
27458449,380,268,112,744764771
26201281,356,248,108,707125099
28442929,278,193,85,774363979
25993489,310,208,102,700920867
27963049,301,203,98,759921753
25242289,344,236,108,678536301
27707401,315,213,102,752240021
28207561,318,224,94,767277573
26964001,269,185,84,729939559
29442289,363,259,104,804514324
25718281,301,205,96,692712815
26484649,196,129,67,715594327
29705881,275,197,78,812483756
29190001,314,217,97,796892152
28960849,286,204,82,789977009
27459049,419,313,106,744782207
29948881,278,198,80,819837916
28716601,463,301,162,782610043
27206209,369,253,116,737198189
28443241,327,216,111,774372601
26714641,402,279,123,722474655
25474849,270,183,87,685458641
26201401,349,237,112,707128867
25993921,323,227,96,700934541
28208161,318,226,92,767294955
26964169,341,255,86,729943861
25242361,290,191,99,678538563
25718449,312,207,105,692717135
29443129,265,178,87,804540286
27963121,288,195,93,759924171
27707689,246,174,72,752248163
28960969,352,252,100,789980207
26484721,296,200,96,715595923
27460441,311,203,108,744825269
28444921,355,263,92,774423253
26201569,376,276,100,707134789
25242961,299,195,104,678555537
28208569,301,213,88,767307657
25719241,230,159,71,692741101
25994929,281,191,90,700964601
26964841,346,248,98,729964987
29190169,343,242,101,796896742
29706601,276,195,81,812505824
27207121,455,319,136,737224437
29950561,270,186,84,819888946
28717081,295,181,114,782624647
26714881,317,216,101,722481693
25475641,245,150,95,685482507
29443801,304,203,101,804560290
28961041,344,240,104,789982367
26485321,285,199,86,715613527
26202289,263,168,95,707154769
28445041,337,231,106,774426643
25243129,375,262,113,678560919
27963721,297,196,101,759942219
26965129,262,159,103,729973699
27708361,380,254,126,752268293
28209169,340,229,111,767325459
25995001,477,343,134,700966365
25719961,273,170,103,692762969
27460969,428,295,133,744841409
28717201,413,278,135,782628043
28961689,346,243,103,790001357
26485369,275,175,100,715614997
27208729,288,207,81,737275053
26203081,396,293,103,707178445
25243849,370,269,101,678582075
29190961,301,218,83,796921366
25475689,379,254,125,685484121
29707441,401,264,137,812531500
26715049,334,232,102,722486481
28445281,387,269,118,774433363
29951209,490,345,145,819908542
26965201,378,287,91,729975397
29443969,316,213,103,804566224
27708529,365,263,102,752273111
25720801,251,172,79,692788049
25995769,305,203,102,700989825
28717921,278,207,71,782650231
27964441,338,244,94,759963909
26486401,409,289,120,715645537
25245049,349,225,124,678617823
26203129,303,205,98,707180515
28210249,389,282,107,767359503
28445449,426,293,133,774438715
27461281,313,210,103,744850931
26965681,324,234,90,729989857
26715529,282,202,80,722500605
25720921,337,223,114,692791175
27209449,374,270,104,737295795
27709081,320,211,109,752289143
25476049,198,138,60,685494327
28961809,374,257,117,790005077
25997329,383,261,122,701035923
28718089,268,173,95,782654899
29192209,375,258,117,796958926
29707729,321,207,114,812540788
26486569,286,195,91,715652191
25245361,268,175,93,678627525
29951401,343,241,102,819915436
26203249,338,237,101,707183959
29444689,359,224,135,804588148
27965449,294,200,94,759994485
28445761,221,146,75,774448687
26965801,291,203,88,729993655
26715649,306,202,104,722504151
25721329,362,251,111,692803061
28210729,335,220,115,767373843
27710041,367,265,102,752318599
27461449,375,270,105,744855671
25476361,235,156,79,685503543
25246561,347,252,95,678662847
28718449,274,186,88,782665297
26487049,325,231,94,715666285
29708449,246,177,69,812561938
28962049,229,165,64,790011977
25997449,296,196,100,701039985
27210409,330,216,114,737324337
26203321,324,216,108,707186527
28445881,295,197,98,774451909
25722481,239,163,76,692839121
29192521,259,193,66,796969570
29952889,429,302,127,819959776
26969329,265,189,76,730098347
29447401,247,166,81,804668996
25247041,263,178,85,678677055
27711721,382,271,111,752368105
25476481,273,186,87,685506489
26487841,355,245,110,715689013
28720129,358,257,101,782716273
27965569,265,174,91,759998205
26715889,326,229,97,722511711
29709289,229,151,78,812586808
28210849,440,317,123,767377353
25722601,308,222,86,692842277
27461641,344,254,90,744861527
28962361,304,213,91,790021613
28446289,307,205,102,774464761
25997689,383,265,118,701046981
25248001,257,170,87,678705263
27211081,308,213,95,737344689
26204809,332,237,95,707230615
27711889,425,300,125,752372785
26487889,436,285,151,715690555
26971081,283,198,85,730152467
28720441,294,213,81,782725567
29193529,311,213,98,796999090
25477369,255,175,80,685534203
26716561,275,186,89,722532567
25722769,321,225,96,692847161
29953081,423,282,141,819965740
29709481,313,202,111,812592490
29448049,366,255,111,804688022
28962529,337,245,92,790026167
28446721,333,236,97,774476647
27965809,282,186,96,760005939
25248721,242,155,87,678726827
27711961,336,232,104,752375359
26488921,436,302,134,715720903
28210921,358,239,119,767379279
27462289,396,280,116,744881195
28720801,252,171,81,782736571
25999009,277,177,100,701086551
25723849,452,312,140,692878571
26718409,260,165,95,722587085
26971729,351,242,109,730171673
26205001,299,200,99,707237011
27211321,314,229,85,737351469
25248841,287,172,115,678730163
25478161,257,173,84,685556847
29710249,401,265,136,812616262
28446961,274,180,94,774484045
26489929,371,248,123,715751977
27712129,193,147,46,752379583
27967129,211,155,56,760045539
29194489,318,220,98,797028706
28963321,311,192,119,790050809
28720969,311,200,111,782741545
29953849,261,185,76,819989074
29448169,291,177,114,804691586
28211401,293,187,106,767393703
25724161,203,140,63,692888429
25249849,314,217,97,678759617
25478329,380,265,115,685561905
27462481,342,240,102,744886481
26205481,281,180,101,707250673
29710921,285,199,86,812636656
26972089,291,204,87,730181903
26719009,277,215,62,722605241
26490241,304,206,98,715761289
27712441,304,205,99,752390635
28447609,259,177,82,774504211
27211489,424,292,132,737356311
29195329,306,218,88,797053156
28721401,306,206,100,782754019
27968089,366,256,110,760074279
28211929,277,189,88,767409591
25249921,320,233,87,678762347
25478569,271,191,80,685569759
26206321,334,233,101,707275891
28964041,404,268,136,790073651
25725169,383,244,139,692917571
26972401,245,170,75,730192133
26490361,360,233,127,715764265
29711089,293,187,106,812641516
29448241,290,191,99,804693596
29953921,332,238,94,819990952
27713641,346,239,107,752427289
28721809,388,263,125,782767537
27463129,277,199,78,744906627
29196169,406,293,113,797079322
27968761,276,179,97,760095039
26719081,273,189,84,722606831
26207521,315,227,88,707311075
28213921,240,178,62,767469453
27211801,253,169,84,737367813
28448281,279,190,89,774524779
25479049,369,263,106,685583475
28964161,293,196,97,790077377
26973361,364,248,116,730220051
25725289,358,240,118,692921217
26491369,383,261,122,715794505
29711761,342,242,100,812663314
27714121,307,222,85,752441821
29448889,423,279,144,804713582
28722121,350,244,106,782777131
26208001,298,199,99,707326045
25481089,367,243,124,685644231
29196241,356,261,95,797081770
29954569,299,211,88,820010296
26973769,250,153,97,730232327
28214041,329,228,101,767472411
28964329,312,216,96,790082111
27463801,299,215,84,744926319
25725529,386,281,105,692928219
26491441,242,166,76,715796623
26719921,366,242,124,722632205
27969769,255,171,84,760124655
27714289,337,228,109,752446339
29711809,315,200,115,812664388
27211969,222,148,74,737372259
28448809,321,239,82,774541555
29449009,445,325,120,804718154
26208121,343,238,105,707328823
28722241,289,197,92,782780419
25483201,314,224,90,685708555
26974081,254,168,86,730241669
29196841,344,247,97,797099050
26491921,263,179,84,715811665
28214089,400,261,139,767473683
25725961,362,260,102,692942109
28965169,297,206,91,790106765
27714409,424,310,114,752449927
29713681,518,358,160,812720146
27970009,367,269,98,760132407
27212641,320,222,98,737392203
29955529,413,284,129,820038820
29449249,281,207,74,804725474
27463921,324,225,99,744929949
28722289,319,232,87,782781535
26720521,315,204,111,722650181
26208529,300,204,96,707341225
25483369,374,262,112,685713043
26974609,362,252,110,730258481
28449409,330,227,103,774559357
26492041,343,229,114,715815139
28215961,325,227,98,767530931
28966009,409,289,120,790131569
27714481,293,204,89,752452123
25726369,355,248,107,692953461
29714449,300,215,85,812744200
29449561,300,194,106,804734702
29197249,244,160,84,797110840
28723129,592,418,174,782806951
26208841,301,200,101,707350647
25484209,281,185,96,685737583
26975281,338,238,100,730278299
27213601,271,178,93,737420805
27970609,417,299,118,760148799
28449649,325,245,80,774567163
26492281,342,236,106,715822399
27464161,369,256,113,744936537
26720689,299,201,98,722654777
27715969,297,201,96,752497883
28217401,207,137,70,767574381
29956081,267,180,87,820055356
28966921,297,194,103,790158947
25726801,272,168,104,692966877
29449921,328,234,94,804744962
26209201,420,287,133,707361591
25484929,355,245,110,685758709
29715001,309,224,85,812760424
28723249,250,172,78,782810563
26975761,324,235,89,730292789
26492449,338,248,90,715827145
28450249,240,186,54,774584917
27716641,332,244,88,752516939
27213649,221,155,66,737422161
28967089,381,291,90,790164371
27970681,308,219,89,760151817
29197561,299,201,98,797121688
28217809,370,249,121,767585841
25726849,307,204,103,692968191
25485049,275,177,98,685762093
26722081,219,144,75,722697401
27464761,251,172,79,744956175
26975929,362,234,128,730297529
29715121,440,327,113,812763592
28723969,303,197,106,782831581
29450089,393,269,124,804749900
26210881,284,195,89,707412813
29956441,349,230,119,820066588
26492881,344,243,101,715839493
27971329,314,213,101,760171413
28451641,268,196,72,774626477
28967569,364,269,95,790179599
28218121,376,249,127,767595495
25485961,315,220,95,685789717
25727809,267,182,85,692996955
26976049,246,162,84,730301081
27214009,203,128,75,737432445
27718441,224,151,73,752571281
29715289,433,307,126,812768848
28724929,377,250,127,782861617
29450521,319,228,91,804764324
26211481,431,327,104,707430837
29198761,248,177,71,797158456
26493121,438,297,141,715846333
26722921,191,130,61,722721707
27465481,309,214,95,744977595
27971521,304,203,101,760177713
28451809,283,190,93,774631577
25486609,253,173,80,685808915
28968241,252,166,86,790199669
25728049,337,218,119,693003921
28218409,420,298,122,767604195
29957089,375,265,110,820086178
27719521,256,174,82,752603765
26976121,369,232,137,730302875
29450569,272,166,106,804765518
26493601,216,154,62,715861699
29716129,272,186,86,812794546
28725481,347,240,107,782877571
27214321,263,187,76,737442315
29199529,363,262,101,797180554
25728529,333,229,104,693018501
25486729,358,243,115,685812683
26211529,285,202,83,707432493
28452841,295,202,93,774662195
27972169,239,179,60,760198041
28220089,285,214,71,767654847
28968409,331,226,105,790204613
26723449,299,202,97,722737937
27720001,248,179,69,752617907
26976601,307,215,92,730316693
27465601,317,210,107,744980481
26494441,282,196,86,715886635
29716201,326,227,99,812796442
28727689,312,209,103,782944687
29450929,308,202,106,804775502
29957209,385,273,112,820089622
25488289,317,236,81,685859309
25728721,355,251,104,693023967
29199601,379,266,113,797182204
28453489,227,160,67,774681635
28220329,411,293,118,767661297
27214849,365,251,114,737457321
28970209,375,241,134,790258421
27720361,254,171,83,752628791
26977441,314,228,86,730341455
26211721,266,181,85,707437683
26494561,285,192,93,715889707
27972961,232,166,66,760220769
26723929,305,197,108,722751971
25488409,235,177,58,685863101
28728001,239,154,85,782954131
25728889,299,191,108,693029001
29716369,322,213,109,812800900
27465769,339,235,104,744984993
29452249,339,232,107,804815780
29200609,229,146,83,797213406
28220641,290,200,90,767671017
27215161,263,180,83,737467875
28454161,376,264,112,774701309
27720841,364,268,96,752643599
28970881,327,228,99,790279019
29957761,252,167,85,820106494
26977729,193,135,58,730350359
27973201,275,183,92,760228269
25489081,319,219,100,685882973
25729201,235,150,85,693037833
28728121,413,295,118,782956771
29717041,292,193,99,812821738
26212321,323,190,133,707455875
26494729,355,255,100,715894579
26724721,213,144,69,722776271
29200921,223,149,74,797222256
28971049,368,236,132,790284353
27467161,322,227,95,745027665
29452441,299,196,103,804821336
28454281,446,303,143,774705521
27721009,313,207,106,752648489
27215449,320,199,121,737476113
25489969,380,247,133,685909273
26977969,338,261,77,730357619
25729321,305,213,92,693040773
28220761,332,222,110,767674557
27973801,303,212,91,760245129
28729009,312,219,93,782983929
29717641,383,255,128,812839852
26494969,371,265,106,715902379
26724889,317,215,102,722780657
29957881,365,259,106,820110334
26214169,298,194,104,707509755
28971601,363,253,110,790301335
25490161,407,293,114,685915111
29452609,256,180,76,804827348
25730041,335,235,100,693063717
26978449,271,192,79,730371989
27973969,370,269,101,760250439
28220809,384,259,125,767675907
28454449,268,175,93,774710687
29201281,309,213,96,797233716
27216001,259,169,90,737492073
27721201,286,201,85,752654201
27467281,341,231,110,745030959
26725129,421,287,134,722788013
28729681,328,229,99,783004253
29719489,457,345,112,812896336
26495281,318,215,103,715911079
25490809,343,244,99,685934293
25730209,385,283,102,693069513
28971721,279,187,92,790304575
28221169,313,213,100,767687343
28455001,340,233,107,774726875
26979481,293,194,99,730404059
29453209,358,244,114,804844490
27721801,362,237,125,752672263
26215729,304,217,87,707556349
29957929,247,156,91,820112608
26725561,366,250,116,722801639
27974641,315,229,86,760271097
29720401,428,282,146,812923894
28729969,364,263,101,783012929
26495641,309,218,91,715922095
25490929,257,184,73,685938121
27216121,344,234,110,737495073
29201449,425,291,134,797238684
27467689,348,249,99,745042305
25731049,275,197,78,693093273
28972729,362,251,111,790333609
28221481,270,189,81,767696385
28455289,346,225,121,774734825
26980801,195,131,64,730443191
27724321,306,196,110,752747707
29453761,333,232,101,804861470
26726281,396,287,109,722821871
29721409,280,193,87,812953996
25491001,393,271,122,685940167
27974689,338,220,118,760272477
26216521,298,212,86,707580127
28730809,300,187,113,783038805
25732081,281,201,80,693124083
29959441,310,224,86,820158682
26496649,289,195,94,715952803
28455961,304,206,98,774756557
27216361,277,187,90,737502819
28221601,310,227,83,767699577
26981089,345,238,107,730451135
27724369,280,186,94,752749069
28972969,384,276,108,790341121
29453881,376,283,93,804864890
26726449,293,194,99,722827169
27468121,364,269,95,745055403
29201929,281,198,83,797252676
25491601,335,232,103,685957489
28730881,300,192,108,783041115
27975529,310,206,104,760297441
29721721,361,257,104,812963800
25732249,290,201,89,693128403
26217601,334,236,98,707613067
28221769,250,161,89,767704533
27725041,286,194,92,752769643
26981161,265,184,81,730453769
26496961,276,182,94,715962193
28974241,278,191,87,790380355
26728081,267,169,98,722876117
29454049,264,170,94,804870392
27218041,351,240,111,737552991
28456369,367,271,96,774768493
25492321,356,243,113,685978297
29959801,334,221,113,820169428
28731049,268,194,74,783045609
27975721,245,180,65,760302883
25732921,314,212,102,693148839
26218249,370,245,125,707632051
27470689,278,188,90,745132295
29722009,294,192,102,812972566
29203129,421,296,125,797289468
26497921,281,187,94,715991491
26728249,280,187,93,722880863
27726241,293,190,103,752805397
26981641,332,229,103,730468463
28974289,283,193,90,790381747
29454721,300,213,87,804889748
27218209,349,244,105,737558133
25492609,337,237,100,685987219
28456969,421,291,130,774786979
28731361,272,203,69,783054621
28222609,348,237,111,767731515
27978169,348,239,109,760377877
26219041,325,221,104,707655055
25733089,543,368,175,693154203
26497969,247,161,86,715993045
26728969,297,214,83,722902665
29960641,280,197,83,820194310
26981761,307,209,98,730471667
27728521,422,293,129,752873557
27471529,346,231,115,745158245
29722081,273,182,91,812974596
27218809,332,256,76,737575923
28974481,410,267,143,790387825
29457121,317,214,103,804962660
29203441,272,185,87,797299420
28733161,364,249,115,783108495
25493161,288,195,93,686005183
26219761,302,201,101,707677747
25734361,198,130,68,693191965
27978721,320,208,112,760394977
28457641,244,147,97,774806653
26498761,405,283,122,716015971
28222681,316,213,103,767733873
26982001,241,163,78,730478857
27729241,398,286,112,752896021
29723569,310,213,97,813018990
28975081,309,208,101,790405345
25493329,288,190,98,686009485
26729641,303,205,98,722922819
29457289,380,260,120,804967916
27220321,359,243,116,737622291
28733329,268,172,96,783113763
25734409,271,182,89,693193501
26219929,334,234,100,707682475
27979249,294,201,93,760410577
29961289,430,274,156,820213876
27472321,415,285,130,745181111
29203561,236,159,77,797302378
26498809,271,187,84,716017789
27729769,306,199,107,752911549
26982481,245,170,75,730492987
28458361,267,176,91,774828391
29723689,345,235,110,813022096
28222849,325,228,97,767738301
26221801,338,222,116,707738459
25734529,333,247,86,693196339
28975489,328,214,114,790418113
26729809,285,204,81,722927973
28733401,314,215,99,783115743
29458249,323,240,83,804996878
29204281,350,239,111,797323360
25493449,397,278,119,686013487
26499001,303,220,83,716023903
27220489,325,216,109,737626083
27979561,268,172,96,760419703
27472369,321,208,113,745182815
26982649,334,230,104,730498093
27730081,294,204,90,752920891
26221969,310,219,91,707743133
29961649,231,152,79,820225414
29723929,247,163,84,813030220
28223161,340,234,106,767747241
26729929,351,237,114,722931201
28976089,439,305,134,790435693
28734049,319,218,101,783135711
25734601,237,153,84,693199189
28458481,448,306,142,774831499
29458489,397,267,130,805003352
29204401,313,226,87,797327206
26499169,383,274,109,716028043
26222281,279,203,76,707753633
27979729,381,253,128,760424527
25493521,258,178,80,686015437
27730201,284,182,102,752924773
28224121,289,186,103,767775905
29724241,341,235,106,813039202
26983009,260,172,88,730509079
27220729,355,237,118,737633445
28734169,278,182,96,783139245
25736281,320,209,111,693249169
26730601,283,193,90,722951373
27473401,289,191,98,745215221
29205289,254,170,84,797353690
29458921,423,294,129,805017014
26499769,382,252,130,716046261
29961961,329,223,106,820234810
28976161,359,230,129,790438027
26222809,385,276,109,707769359
28458649,348,264,84,774837679
27981601,359,244,115,760480289
27730369,379,278,101,752929459
28224529,349,247,102,767788529
26983321,342,229,113,730518427
25736761,342,247,95,693263077
29724601,302,200,102,813050088
26731321,433,305,128,722973261
28734841,274,190,84,783159999
25494841,234,159,75,686055331
29205409,316,219,97,797357344
27221041,240,173,67,737643879
27474001,286,183,103,745233035
26223409,370,273,97,707787067
28459369,334,236,98,774858265
27982369,351,241,110,760502921
27731281,437,311,126,752956037
28225009,397,279,118,767801735
29459161,357,266,91,805024142
25736881,236,158,78,693267403
28976329,358,238,120,790444135
28735009,379,276,103,783165411
26731609,384,248,136,722981223
29962081,358,254,104,820238080
29725081,299,199,100,813064476
27221209,349,251,98,737648259
29205961,426,299,127,797374272
25495369,367,256,111,686069899
26983849,266,183,83,730534147
27474409,342,230,112,745244483
26223481,372,248,124,707789185
28459729,277,201,76,774869365
25737121,381,265,116,693274033
27731761,348,227,121,752970791
27983089,331,225,106,760526057
28977601,349,253,96,790481143
28225969,348,236,112,767831267
26732161,313,203,110,722998485
28735921,351,235,116,783192681
27221569,305,203,102,737659079
29460481,327,240,87,805064336
29206081,279,177,102,797377338
29726881,296,179,117,813119112
26223649,334,223,111,707793859
25737601,351,265,86,693288559
25495969,301,212,89,686087671
28460041,210,141,69,774879859
27731929,224,142,82,752976143
29962129,455,323,132,820239454
27474841,250,160,90,745257569
27983881,313,217,96,760549391
26984449,303,212,91,730552507
28977649,361,252,109,790482397
27222001,229,164,65,737672051
26732689,268,177,91,723014321
28736401,343,229,114,783207465
29460649,235,163,72,805069456
26225161,349,240,109,707838271
28226641,256,169,87,767851901
29206921,291,182,109,797404284
29727121,382,262,120,813126966
28460161,263,177,86,774882913
25737769,358,254,104,693294043
27733441,310,209,101,753021185
27984049,234,168,66,760554425
27222241,313,219,94,737678759
25497361,307,223,84,686130643
28978441,322,225,97,790507351
28737529,288,193,95,783240225
26733001,304,216,88,723023363
26985169,325,224,101,730573087
29461489,368,251,117,805094752
26225809,266,185,81,707857471
27475081,397,265,132,745263893
29207641,298,199,99,797426592
28227481,281,172,109,767876757
29962969,292,195,97,820264366
29727601,325,224,101,813141066
25738129,273,176,97,693304141
27733801,379,259,120,753032081
28460209,285,196,89,774884503
27222721,294,184,110,737694317
25499041,340,243,97,686180611
28978681,327,233,94,790514449
26985289,295,185,110,730576999
26733121,348,229,119,723026809
28738081,310,213,97,783256695
26226481,301,226,75,707877877
29461681,327,226,101,805100362
28227649,323,224,99,767881425
29208001,254,184,70,797437674
27984889,216,142,74,760578953
29727721,306,227,79,813144648
25738441,325,229,96,693313933
27475249,368,257,111,745269479
27223081,365,252,113,737704409
27733969,288,190,98,753039077
25499161,321,228,93,686183815
29963161,282,199,83,820270924
26986009,364,253,111,730598833
26733529,267,176,91,723038599
28979329,259,163,96,790533723
26227441,305,210,95,707907151
28739089,434,299,135,783288021
28227889,361,233,128,767888325
29461849,379,242,137,805105576
28460569,320,211,109,774894643
29208649,415,302,113,797457750
25738729,229,157,72,693322543
29727889,415,270,145,813149286
25499209,398,286,112,686184997
27224689,399,272,127,737752229
27984961,271,194,77,760580909
26733961,326,222,104,723052525
26986369,264,184,80,730609849
27734569,350,234,116,753056591
26227489,354,227,127,707908321
27475849,348,252,96,745287959
28980169,324,230,94,790559385
29462161,269,175,94,805115464
28228729,219,150,69,767914635
28739209,481,327,154,783291411
29209489,218,143,75,797482416
28461241,362,240,122,774915205
29964001,334,230,104,820295878
29728129,424,290,134,813157164
25739401,296,200,96,693342151
27225241,348,252,96,737769897
26734129,375,264,111,723057649
26986681,376,253,123,730618675
26228329,350,235,115,707933197
27476401,304,230,74,745304885
28980841,418,300,118,790579041
27735121,479,321,158,753073157
29462449,241,164,77,805123426
28739281,295,188,107,783293745
28229161,254,174,80,767927649
27987121,298,200,98,760646105
28461889,233,156,77,774934501
29209681,332,239,93,797487672
25739569,321,229,92,693347811
29728561,387,275,112,813170214
27225769,336,220,116,737786865
26736889,298,219,79,723139543
26986969,327,224,103,730627465
26229001,391,267,124,707954359
27476521,298,206,92,745308191
27735481,333,222,111,753083165
28981129,313,218,95,790587381
29964841,335,242,93,820320200
28229569,278,188,90,767939829
29462689,241,170,71,805130842
28739929,301,200,101,783313731
25739809,342,239,103,693354981
28462561,375,259,116,774954367
27226249,358,247,111,737800929
29729809,348,247,101,813209958
26737729,411,304,107,723164041
26229121,230,151,79,707957905
27987649,362,250,112,760662203
29210281,289,206,83,797505840
26987209,422,298,124,730634653
27477409,345,252,93,745333505
28981201,315,207,108,790589583
27736801,299,201,98,753122813
28230721,350,228,122,767973591
28740289,341,231,110,783324159
25741489,277,200,77,693404325
29463121,325,202,123,805144468
27226369,256,155,101,737804487
28462729,308,200,108,774959539
26738401,324,238,86,723184705
26229529,303,206,97,707970373
29730121,305,201,104,813217992
29966161,280,188,92,820361070
27479761,222,145,77,745405617
29210449,288,200,88,797510364
26990209,280,192,88,730724389
27737089,308,224,84,753132197
28981969,293,194,99,790614219
28231081,362,243,119,767985111
25741801,335,245,90,693413607
28740721,324,212,112,783337779
27987961,307,214,93,760672061
29463169,354,241,113,805145728
28462921,284,188,96,774964873
27226609,372,249,123,737810949
26739721,316,223,93,723225295
26231641,375,274,101,708032935
29730409,329,232,97,813226518
27479929,220,161,59,745410405
27737329,402,265,137,753139007
28982689,344,237,107,790636977
29210689,367,258,109,797518062
28231249,375,273,102,767989005
25743649,290,204,86,693467559
26991169,368,254,114,730754509
29966689,376,256,120,820377060
28740889,282,201,81,783342225
29463961,457,334,123,805170528
26740009,308,225,83,723234751
27988321,284,192,92,760681667
26233369,434,305,129,708083947
27227281,282,181,101,737831103
28463569,411,286,125,774984607
27480049,286,181,105,745414431
29731129,311,207,104,813248114
27738001,304,192,112,753158345
28231561,327,225,102,767999361
29211121,283,181,102,797530980
28983049,420,296,124,790647615
25745281,291,192,99,693517305
26992081,304,208,96,730780199
29968009,366,246,120,820417308
28741729,332,230,102,783367449
29464129,436,318,118,805175532
27988921,294,203,91,760700063
26740921,359,247,112,723260353
26233489,321,224,97,708087751
27481561,395,275,120,745459443
27738481,299,209,90,753173153
29731489,415,282,133,813258194
25745329,256,174,82,693519207
27228889,348,235,113,737878633
28231921,286,198,88,768009843
29211529,304,199,105,797543754
28983529,277,171,106,790661791
28464529,361,262,99,775013191
28742401,285,188,97,783387825
29968801,403,298,105,820440738
26992249,368,266,102,730785101
29464681,231,164,67,805192200
26234161,365,246,119,708107801
27988969,331,220,111,760701113
26742769,231,151,80,723315895
27482281,312,204,108,745480227
27738649,221,141,80,753178271
29731969,331,241,90,813272714
27230569,274,185,89,737928127
29212801,277,190,87,797582184
28232401,300,202,98,768024081
26992921,377,257,120,730806263
28464769,390,272,118,775021639
26234569,268,185,83,708120569
25745689,321,226,95,693529215
28742569,423,296,127,783392295
27989161,339,221,118,760707815
29464969,318,216,102,805200612
26743081,286,198,88,723325963
28983649,371,257,114,790665031
27482641,338,245,93,745490889
29968849,251,159,92,820442094
29732161,442,322,120,813279422
27739009,304,203,101,753189581
27230641,366,248,118,737930893
29212969,335,223,112,797586918
26993089,300,206,94,730811999
28232521,400,290,110,768027513
26235241,366,257,109,708139633
28465609,430,290,140,775046455
27990169,305,194,111,760738663
28742641,324,225,99,783395073
29465521,290,186,104,805217076
26743609,338,227,111,723341095
25746001,270,184,86,693538719
27483121,241,168,73,745505613
27739321,274,190,84,753199523
28984489,357,247,110,790689049
29732641,240,154,86,813293888
27231121,285,206,79,737945287
26993401,349,229,120,730821485
29213521,325,217,108,797603532
28233409,334,219,115,768055281
28466281,330,230,100,775067035
26236681,253,174,79,708183379
27990601,278,190,88,760751521
28743289,360,249,111,783413859
29465809,371,266,105,805225086
29968969,377,249,128,820446276
26744089,356,250,106,723355519
27483241,282,192,90,745508643
27231289,337,235,102,737950141
28986721,255,157,98,790757309
26993689,381,252,129,730829501
27739441,341,227,114,753202859
25746169,363,251,112,693543819
26236849,308,205,103,708187927
29214529,310,224,86,797633202
28466929,259,181,78,775086205
28234201,368,271,97,768079311
27990769,320,228,92,760756519
29734489,442,297,145,813349568
28743961,227,150,77,783434713
27483409,310,215,95,745514835
26744449,294,214,80,723367423
29466889,302,209,93,805258392
27231481,346,239,107,737956351
27739681,332,236,96,753209765
28986889,340,233,107,790762169
26993761,295,204,91,730832015
26237521,334,242,92,708207949
29214649,333,226,107,797636880
29969041,337,223,114,820447992
28236289,269,179,90,768141663
28467121,263,181,82,775092217
28744129,389,275,114,783439705
27990841,334,240,94,760758247
29734609,310,221,89,813353456
27483649,313,209,104,745521249
25746289,510,345,165,693546969
26745049,381,269,112,723383539
29468161,410,278,132,805296582
27231649,282,201,81,737961709
27739849,390,272,118,753214067
26994361,301,211,90,730849823
28987009,325,226,99,790766441
26237569,298,218,80,708209791
28236889,378,267,111,768160431
29215201,221,156,65,797654280
28467601,361,260,101,775107223
28745329,385,261,124,783475195
27991609,360,256,104,760780823
26745601,234,155,79,723401419
27484921,323,222,101,745560391
29468401,358,245,113,805304178
29970529,337,237,100,820494264
27740521,324,227,97,753234353
26994601,304,207,97,730856567
27231961,327,213,114,737971621
29734681,270,177,93,813355484
25746529,358,239,119,693554331
26237929,316,227,89,708220667
28987681,398,272,126,790785279
28237129,377,260,117,768167715
29215321,325,221,104,797657466
28468129,384,252,132,775122961
27992161,354,241,113,760797275
28746649,320,216,104,783516919
27485089,346,233,113,745564903
26745721,370,265,105,723404281
26995081,280,191,89,730870829
27740689,389,256,133,753239255
29469409,508,352,156,805334712
26238241,306,199,107,708229883
27232081,333,223,110,737974651
28987921,292,217,75,790793337
28237609,318,219,99,768182511
29216041,330,231,99,797679228
25746841,272,193,79,693564057
28469401,377,252,125,775161265
29970649,352,257,95,820497702
27992329,318,217,101,760802399
29734849,273,183,90,813360416
28746769,313,212,101,783519901
27486001,283,195,88,745591519
26745769,333,220,113,723406067
26995369,314,208,106,730879517
26238409,317,228,89,708234023
27232489,349,247,102,737986231
27741361,279,199,80,753259193
29469841,284,196,88,805347216
28988521,307,208,99,790811757
28237801,307,206,101,768187599
29216881,240,152,88,797705628
28469449,271,199,72,775162921
27993841,290,207,83,760848281
28748449,268,200,68,783570313
26745889,275,191,84,723409445
27486649,302,217,85,745611145
26996041,364,232,132,730898435
29735281,243,174,69,813373568
25747849,381,251,130,693593419
26239249,307,205,102,708258857
27741529,250,179,71,753265355
27234169,296,194,102,738036811
28988929,358,246,112,790823055
29470009,318,210,108,805351794
29972209,316,239,77,820544284
28238281,331,222,109,768202095
28470241,334,221,113,775186717
27995041,298,208,90,760884225
26746969,362,266,96,723440333
26996449,413,283,130,730912211
28748521,362,259,103,783572521
29217049,259,185,74,797709684
27487609,449,335,114,745640017
26239921,267,191,76,708279827
27234841,297,203,94,738057133
27742201,377,264,113,753285299
29735449,320,232,88,813378254
28989409,376,270,106,790837767
25748209,264,195,69,693604363
28238569,384,254,130,768210963
29470681,255,178,77,805372818
28470289,278,182,96,775188127
27995521,285,206,79,760897965
26747569,306,217,89,723458125
26996881,288,215,73,730924153
26240089,431,300,131,708285233
27487849,342,228,114,745647241
28749169,342,244,98,783591985
27236161,281,195,86,738097483
29217241,292,195,97,797715618
29972881,325,208,117,820565008
29736001,238,154,84,813395378
27742369,290,212,78,753289673
28990201,347,238,109,790861827
26747641,271,187,84,723460831
29470921,381,274,107,805379928
27995689,354,244,110,760903347
28471081,231,158,73,775211979
26997121,477,304,173,730932565
26240761,273,187,86,708306581
27488161,292,207,85,745657147
25748521,339,217,122,693614515
28749529,359,239,120,783602653
27236281,377,259,118,738100759
28240489,358,244,114,768268357
29218081,372,255,117,797740716
27742801,276,189,87,753303011
28991041,336,226,110,790886937
29736529,245,168,77,813410444
26748649,354,238,116,723492181
27995809,402,287,115,760906647
29974249,360,244,116,820606480
28471249,337,242,95,775216545
29472241,340,234,106,805419054
26997601,309,211,98,730947085
26241049,287,205,82,708314363
27488281,460,327,133,745660465
27236689,350,236,114,738113101
28749841,320,216,104,783611879
29218249,317,209,108,797745512
27743641,311,216,95,753327929
25748641,350,233,117,693617671
29736841,323,211,112,813419846
28240801,288,185,103,768278155
28991089,354,229,125,790888083
26748961,313,212,101,723501385
27996721,263,174,89,760934517
28471321,447,297,150,775219191
26997769,377,277,100,730952731
26241889,270,186,84,708338513
29472409,345,232,113,805424370
27489841,292,210,82,745706281
27237169,389,268,121,738127147
28749961,282,200,82,783615029
27743809,222,151,71,753333875
29218729,304,210,94,797760146
29975089,251,170,81,820631116
26749081,336,231,105,723504613
29737009,363,263,100,813425030
28240921,354,254,100,768281401
28991449,303,192,111,790899315
25748689,326,226,100,693618859
27997201,275,198,77,760949085
28471489,446,289,157,775223427
26997889,267,177,90,730955677
26242561,299,216,83,708358895
27489961,298,191,107,745710193
29472601,423,296,127,805429572
27237841,334,246,88,738147403
27745321,401,283,118,753377837
29219089,274,184,90,797770940
29975401,295,203,92,820641724
25749721,455,317,138,693648553
29737129,382,263,119,813428942
28992049,374,268,106,790917519
28241761,279,186,93,768307035
27997729,307,207,100,760964937
26243401,353,243,110,708383357
26998129,334,230,104,730962757
28471969,295,204,91,775238535
27238009,317,215,102,738152563
27490369,265,172,93,745722763
29473369,415,280,135,805453404
27747721,267,175,92,753452099
29219689,314,219,95,797790068
29975761,304,212,92,820652860
26243449,258,178,80,708384833
26998729,371,259,112,730980147
27998569,286,199,87,760990071
28995481,296,205,91,791021373
29737801,348,244,104,813448986
28242001,434,316,118,768313833
28472329,350,229,121,775248813
27238129,342,240,102,738155947
27490849,253,165,88,745737403
29473441,550,385,165,805455120
27748009,258,174,84,753460175
26243809,349,217,132,708395819
29220361,352,244,108,797809424
26999449,397,276,121,731001465
27999409,298,207,91,761015031
28995649,239,170,69,791026875
29975929,238,168,70,820657678
28242601,290,204,86,768332427
29737849,358,241,117,813450522
28474321,355,253,102,775308311
27240049,451,297,154,738212863
27491041,329,235,94,745742809
29474281,244,165,79,805481640
27748081,245,160,85,753462503
26244241,322,211,111,708407301
26999641,393,269,124,731006757
27999841,259,180,79,761028279
29220409,301,211,90,797810720
28995961,282,205,77,791036115
28474489,302,208,94,775313765
28242649,327,226,101,768334059
29738041,308,191,117,813456264
27240361,280,190,90,738222391
29976241,321,228,93,820666690
27491209,349,240,109,745749703
29475601,269,181,88,805521800
27748561,221,137,84,753476279
26244289,366,243,123,708409065
29221081,434,308,126,797831282
28996249,347,236,111,791044485
27240529,288,197,91,738228469
28243009,298,207,91,768344463
28476121,291,184,107,775362563
29738689,414,287,127,813476166
27491521,377,283,94,745758535
29976361,352,237,115,820670386
27748729,404,272,132,753480683
29476561,308,220,88,805550556
26245081,293,193,100,708433881
27241321,467,321,146,738251167
28996969,245,170,75,791066793
29221441,436,309,127,797841458
28243441,334,218,116,768356961
29739361,282,196,86,813497778
28476169,335,232,103,775364537
27491881,392,277,115,745768909
29976409,380,277,103,820671790
27748849,352,231,121,753484247
26245249,291,202,89,708438051
29476729,335,235,100,805555644
27241369,284,192,92,738252601
28998001,385,259,126,791097201
29224609,404,292,112,797936792
28243849,260,177,83,768369741
27492481,221,154,67,745787017
29739889,294,201,93,813513252
28476361,233,157,76,775370381
29976769,319,200,119,820682332
26245489,315,205,110,708445395
27749521,312,223,89,753504683
29477281,309,213,96,805572786
27243001,365,236,129,738301183
28998169,419,292,127,791102451
28245169,337,210,127,768409411
27493489,260,159,101,745817041
29224801,312,227,85,797943062
29740369,364,255,109,813527862
28476841,300,194,106,775385357
29977201,264,184,80,820695610
26245801,380,265,115,708454791
29477449,346,222,124,805577838
27243049,291,196,95,738302425
28998649,286,192,94,791117271
27493729,400,254,146,745824307
28245289,374,266,108,768412501
29226121,310,210,100,797982888
28477129,423,293,130,775393925
29741161,341,234,107,813552168
26246089,286,201,85,708462867
29978041,429,322,107,820721086
27243889,276,201,75,738328453
29477809,402,281,121,805587828
28999489,248,170,78,791143011
27494041,341,231,110,745834015
28245361,331,232,99,768414901
26246761,254,180,74,708484977
29226289,292,194,98,797987334
28477201,240,158,82,775396451
29742001,325,222,103,813576876
29978281,274,197,77,820728388
27244729,363,242,121,738353551
29478961,390,287,103,805622454
28999609,394,273,121,791146503
27495049,389,277,112,745864183
26247841,345,225,120,708516543
28245961,375,270,105,768432895
28477849,320,232,88,775415309
29226409,270,189,81,797991216
29742409,227,158,69,813589998
27245401,277,183,94,738373267
29979289,318,226,92,820758922
29480161,475,319,156,805659420
27495241,292,208,84,745870147
26248009,295,204,91,708521223
28246849,350,246,104,768459571
28478809,333,243,90,775444973
29227489,264,175,89,798024546
29743561,277,185,92,813624948
27245521,396,267,129,738376633
29979601,371,244,127,820768330
26248489,404,306,98,708535503
27495889,287,187,100,745889317
29480809,342,230,112,805678128
28247809,396,281,115,768488383
28479361,289,207,82,775461635
29227921,373,247,126,798036744
29743921,271,190,81,813636372
27245929,407,270,137,738389083
29979769,332,239,93,820773766
26248609,405,282,123,708539427
27496009,437,317,120,745892449
29481169,272,185,87,805689228
28247881,362,231,131,768490753
28481329,390,278,112,775519877
29228761,182,117,65,798062148
27247609,368,249,119,738439701
29744521,272,196,76,813653982
29979889,242,155,87,820777612
26249449,350,241,109,708563873
27496561,333,234,99,745909357
29481481,350,231,119,805698876
28248361,365,262,103,768506047
28481569,350,234,116,775527749
29228809,274,196,78,798063276
27248041,322,226,96,738451875
29744569,373,255,118,813655206
26249521,290,191,99,708566879
29980801,308,204,104,820804510
27496681,336,233,103,745912651
29481841,237,161,76,805709850
28249489,372,256,116,768540535
28482001,258,178,80,775540619
27249121,178,129,49,738484473
29229169,391,275,116,798073206
29746369,267,175,92,813710830
29980969,340,248,92,820811182
27496921,228,151,77,745920115
29483161,459,325,134,805750860
28249729,234,161,73,768547441
28482049,360,269,91,775541741
27249289,344,237,107,738488589
29229601,274,188,86,798087198
29747761,298,199,99,813751024
29981569,363,239,124,820828846
27497521,340,225,115,745938349
29483281,301,213,88,805754208
28482409,439,305,134,775553237
27249889,440,309,131,738508221
29229769,367,234,133,798092076
29748049,349,223,126,813759574
27497689,399,276,123,745943095
29981641,480,333,147,820830844
29483329,394,274,120,805755606
28482721,314,232,82,775561919
29230009,381,269,112,798099906
29748289,411,280,131,813767368
27498769,332,237,95,745974787
29982289,292,191,101,820850392
28482841,316,228,88,775565729
29484121,329,240,89,805779426
29230321,378,263,115,798109524
27499609,261,196,65,746000375
29748601,254,186,68,813777106
29982649,296,210,86,820861000
28483681,386,273,113,775590707
29484361,266,193,73,805786242
29230681,312,212,100,798120098
27499921,222,150,72,746009057
29749729,303,199,104,813810658
29983249,319,209,110,820878682
28483849,252,176,76,775595501
29484841,368,242,126,805800252
29230849,344,226,118,798127370
29983969,294,227,67,820900630
28483921,315,213,102,775598027
29485009,238,153,85,805805188
29231161,351,258,93,798137186
29984089,285,189,96,820903558
28484569,227,158,69,775616495
29485369,217,141,76,805816786
29232001,281,198,83,798161768
29984761,290,210,80,820925044
28484761,436,312,124,775622261
29485801,300,199,101,805829536
29232289,310,203,107,798170372
28485241,327,221,106,775637513
29984809,434,287,147,820926160
29485969,361,271,90,805834696
29232361,340,245,95,798172346
28485361,334,216,118,775641365
29985481,282,201,81,820947526
29487361,312,219,93,805876966
29233681,307,196,111,798211574
28485601,314,212,102,775649483
29986321,293,210,83,820971952
29487529,352,236,116,805881982
29233801,267,186,81,798215492
28487449,294,212,82,775704363
29986849,313,215,98,820988122
29487721,418,280,138,805887880
29234041,331,241,90,798222506
28487929,348,231,117,775718721
29987161,427,287,140,820997842
29487889,306,216,90,805893268
29235049,356,249,107,798252458
28488289,288,202,86,775729491
29987329,338,236,102,821002750
29488201,259,173,86,805903360
29236729,319,221,98,798303866
28489129,215,164,51,775755909
29987449,425,297,128,821006524
29488321,274,184,90,805906300
29238241,479,322,157,798348464
28489441,323,214,109,775765131
29987521,372,245,127,821008594
29488729,281,187,94,805917916
29239009,356,250,106,798372992
28489729,357,246,111,775773267
29988169,319,224,95,821028358
29489329,301,204,97,805936426
29239681,248,164,84,798393890
28489969,373,255,118,775781211
29989009,331,254,77,821053894
29489569,373,239,134,805943674
29239849,330,228,102,798398318
28491289,370,264,106,775819965
29989681,409,297,112,821072896
29490049,304,209,95,805958320
29239921,337,222,115,798400442
28491409,355,244,111,775823985
29989849,399,264,135,821078050
29490841,317,204,113,805982010
29240089,398,278,120,798404930
28492129,375,248,127,775845267
29990881,351,243,108,821109202
29491009,299,209,90,805987260
29240401,306,206,100,798414908
28492249,351,249,102,775849659
29491921,283,206,77,806013722
29991361,210,138,72,821124076
29240929,400,294,106,798431300
28492921,406,302,104,775869171
29492689,364,260,104,806037158
29991649,343,249,94,821133952
29241529,276,181,95,798448976
28493089,319,204,115,775874769
29493361,396,272,124,806058458
29991889,298,197,101,821140690
29241769,296,207,89,798455870
28493761,321,210,111,775895265
29494081,256,177,79,806080694
29992201,272,181,91,821150788
29242249,272,199,73,798470582
28493809,303,196,107,775896315
29495041,287,179,108,806109962
29993881,224,158,66,821199928
29243041,330,226,104,798493826
28495681,301,206,95,775951817
29495281,264,186,78,806116304
29994241,307,202,105,821211052
29243089,363,257,106,798495572
28495849,444,298,146,775957529
29495449,276,187,89,806121908
29994721,325,229,96,821226490
29243449,233,159,74,798506426
28497121,264,176,88,775994585
29496121,356,239,117,806141888
29243761,402,274,128,798515978
28497361,309,212,97,776001989
29994841,320,228,92,821229888
29496601,313,210,103,806156012
28497841,243,171,72,776017121
29244049,340,242,98,798524732
29995249,314,227,87,821241834
29496889,343,238,105,806164460
28498201,269,200,69,776027375
29244121,326,204,122,798526160
29995561,411,262,149,821251212
28498369,343,243,100,776032229
29497561,455,327,128,806186144
29244289,391,262,129,798530984
29999881,405,300,105,821380782
28498969,284,205,79,776052077
29497729,336,234,102,806190470
29244769,280,189,91,798545924
28499041,271,184,87,776053883
29498569,270,187,83,806215130
29244961,392,255,137,798552164
28499209,371,270,101,776059091
29499289,351,231,120,806237498
29245441,262,181,81,798566240
28499641,220,139,81,776072267
29246281,335,215,120,798592294
29246401,364,253,111,798595276
29247241,248,152,96,798620056
29247409,253,181,72,798624850
29248081,388,266,122,798644788
29248321,200,147,53,798652840
29248969,447,325,122,798672550
29249161,410,288,122,798678136
29249329,356,258,98,798683680
29249641,292,185,107,798694054
30000049,334,209,125,821388693
30250081,272,181,91,828962657
30500521,379,251,128,836555691
30750001,315,213,102,844126779
31001161,354,260,94,851752915
31250521,268,175,93,859332287
31500361,340,244,96,866933149
31750009,361,241,120,874531923
32001001,504,337,167,882177891
32250289,378,272,106,889778355
30000721,234,164,70,821408029
30250249,312,206,106,828968399
32500441,290,197,93,897413677
30500689,441,298,143,836561697
30752521,449,330,119,844203161
31001329,443,303,140,851758027
31250689,490,360,130,859336661
31500529,299,221,78,866937605
32750761,301,208,93,905055785
31750489,292,195,97,874546755
33000241,400,263,137,912680317
32001481,287,200,87,882193401
33250561,371,255,116,920335805
32250409,346,224,122,889782975
33500209,329,223,106,927976773
30000769,410,287,123,821410129
30250369,354,244,110,828971543
30501409,306,212,94,836582511
30753241,319,231,88,844224581
31001569,311,222,89,851765287
33750529,406,294,112,935644477
31252201,302,209,93,859383353
32500801,357,245,112,897424429
31501009,302,205,97,866952491
34000009,333,231,102,943292441
34251121,274,189,85,950995739
32750929,330,223,107,905060951
31750681,240,181,59,874552131
34500001,445,290,155,958634763
33001249,311,209,102,912710917
34750081,349,247,102,966317493
32003161,338,238,100,882244275
33250681,287,204,83,920339441
30002809,378,262,116,821471947
30502441,393,267,126,836614275
31001881,297,188,109,851775463
30754249,301,204,97,844254203
30250921,339,224,115,828988289
32250481,383,252,131,889784979
31253161,281,191,90,859412649
33500329,459,327,132,927981033
34001041,341,240,101,943323035
33750649,280,195,85,935648215
32501449,332,230,102,897443401
34251169,364,273,91,950997179
31501201,392,272,120,866958077
34501681,343,238,105,958686039
33002041,402,273,129,912734869
32751049,329,245,84,905064773
32004289,275,181,94,882279057
31751281,255,157,98,874570875
30003481,330,234,96,821493229
31002001,338,234,104,851778661
32251081,301,208,93,889803351
30502921,264,185,79,836628891
30755929,345,235,110,844305641
34750921,399,262,137,966343521
30251761,349,242,107,829014515
33250729,315,219,96,920340671
34001689,364,237,127,943342613
31253569,323,219,104,859425075
34251289,401,279,122,951000707
33002881,362,251,111,912760789
33501001,340,248,92,928001785
34502161,284,196,88,958701573
30004921,301,226,75,821537161
32751601,214,151,63,905082371
32006209,258,168,90,882336709
32501641,291,211,80,897448711
33751489,350,246,104,935675037
31501849,342,227,115,866978219
31003081,399,270,129,851812539
30756289,249,173,76,844317647
31752001,325,232,93,874592769
30503089,296,207,89,836634255
32253649,343,224,119,889882077
34001809,336,202,134,943346285
30252121,277,189,88,829024085
34252369,475,324,151,951032777
33501841,314,211,103,928027975
33003049,305,203,102,912766567
30005089,272,191,81,821541769
31253881,392,271,121,859434705
34751089,352,240,112,966348933
32752129,402,275,127,905098307
33251689,332,231,101,920370965
31003249,316,210,106,851817339
32006809,257,172,85,882355825
30756721,414,289,125,844330223
34503121,283,201,82,958731885
32501809,330,227,103,897454981
31502689,376,251,125,867003077
33752161,297,206,91,935694633
31752169,333,239,94,874597227
34001881,406,306,100,943348841
30006841,441,307,134,821593069
33003121,428,306,122,912768949
31254049,307,200,107,859439271
30503449,294,212,82,836644851
32752609,358,235,123,905114393
31003561,247,149,98,851826705
33501889,349,250,99,928029379
32253841,252,172,80,889887387
30756769,313,199,114,844331921
30252721,376,259,117,829043385
34252849,287,190,97,951048395
32006881,292,209,83,882357757
34751161,229,155,74,966351123
33251761,295,198,97,920373053
30007321,359,237,122,821607847
34002049,350,239,111,943353557
31502881,250,171,79,867009557
33003601,330,225,105,912782995
32502121,289,186,103,897464671
30503761,285,201,84,836654709
34503169,337,229,108,958733121
32752969,315,224,91,905123969
30757609,277,200,77,844356665
31752289,451,303,148,874600047
33752209,324,244,80,935696661
31003681,277,187,90,851829999
31254241,352,238,114,859444785
32007049,366,243,123,882363085
33502009,415,304,111,928032571
30253801,357,263,94,829076307
32254009,380,278,102,889892187
30007609,252,171,81,821616931
34252969,234,154,80,951051545
34002649,432,302,130,943373027
33003961,404,270,134,912794533
33252409,387,275,112,920393807
30504769,346,240,106,836684117
30757801,430,290,140,844362137
34751329,343,235,108,966356199
31503361,350,253,97,867024629
31004689,332,213,119,851860349
32754289,378,256,122,905163827
31752529,399,280,119,874608615
30255481,253,175,78,829126731
32503249,262,185,77,897498811
31254409,388,279,109,859450569
33502081,491,346,145,928034575
32007529,345,246,99,882378109
34504369,338,233,105,958767769
33753001,418,293,125,935720271
30009121,277,185,92,821663915
34253041,319,215,104,951053921
32255329,451,322,129,889933101
33004129,413,290,123,912799477
30758401,362,261,101,844381195
31004761,320,212,108,851862551
31503529,312,208,104,867029225
30256081,359,228,131,829145415
30505561,344,223,121,836708195
32008201,318,213,105,882398185
34003561,284,204,80,943400189
34505209,407,295,112,958794061
33253201,369,247,122,920417477
33502561,283,199,84,928049653
30009841,247,171,76,821685131
32754409,331,232,99,905167319
31754209,325,235,90,874660755
34751809,200,141,59,966371433
31254889,313,196,117,859464549
32503321,399,275,124,897501151
30759481,241,161,80,844415065
33004969,449,306,143,912824881
33753241,229,142,87,935727021
31005241,329,219,110,851877347
34253209,263,175,88,951058685
30256249,377,264,113,829150257
30505801,277,195,82,836715557
32255449,453,318,135,889936767
32009041,260,161,99,882423973
33502849,365,251,114,928058239
31504201,291,190,101,867049181
34004161,305,212,93,943419047
30010681,391,265,126,821710685
33253609,340,245,95,920429969
30760129,383,251,132,844433155
33005281,288,205,83,912834805
34505689,265,187,78,958810015
31005361,334,225,109,851881163
31255921,351,238,113,859496937
31754641,280,193,87,874673211
34752001,313,220,93,966376821
32754481,366,248,118,905170109
30256969,393,281,112,829172091
32503489,459,317,142,897505861
30506569,323,227,96,836739607
34253809,291,192,99,951076493
32009401,255,174,81,882434509
33754081,375,255,120,935752305
33502921,293,197,96,928060753
34004209,356,257,99,943420283
32255689,320,219,101,889943967
33254281,383,266,117,920449751
30760921,255,183,72,844457317
31505329,437,331,106,867083813
30011041,344,240,104,821721395
31005409,423,283,140,851882579
30257089,293,210,83,829176045
33005569,287,187,100,912842881
30507121,326,215,111,836756401
31754809,349,226,123,874677567
31257769,328,233,95,859552515
32754961,307,227,80,905184947
34506361,364,262,102,958829869
34253881,332,212,120,951078257
33503089,254,177,77,928065499
34752841,280,193,87,966402213
32503969,276,192,84,897520243
32010001,283,211,72,882453103
30760969,295,206,89,844458763
33254929,365,257,108,920470259
34004329,389,280,109,943423739
30257641,351,252,99,829192311
31505569,435,280,155,867090251
33754681,242,155,87,935772309
30507241,329,214,115,836759953
31005529,333,228,105,851886911
32256001,461,321,140,889953477
30011809,258,167,91,821744441
33005809,267,186,81,912851299
31258369,317,208,109,859570479
33503401,376,244,132,928075051
30761161,270,189,81,844464571
31755049,245,159,86,874685955
33255049,278,185,93,920473697
30257809,385,259,126,829197867
31506841,363,243,120,867129825
32755081,402,280,122,905188115
34506529,374,260,114,958835221
32505001,331,220,111,897552343
32010049,317,223,94,882454549
32256529,356,250,106,889970683
34255369,343,231,112,951125033
34753441,327,231,96,966421323
30507289,399,277,122,836761975
31258609,412,273,139,859577865
33007969,284,202,82,912916759
34004401,354,246,108,943426409
31005769,349,258,91,851893541
33754729,274,180,94,935773713
33503689,357,237,120,928084297
30011881,275,169,106,821747591
30761761,425,303,122,844483021
30258169,414,279,135,829208231
31755481,283,196,87,874698639
33255121,422,290,132,920475767
31507009,357,245,112,867134709
31259881,272,199,73,859616583
32257681,320,217,103,890004901
32010241,264,176,88,882460081
34004569,261,191,70,943431245
30508921,289,184,105,836811235
32755321,356,239,117,905196461
33008161,331,232,99,912922723
32505481,321,216,105,897566857
34507321,375,251,124,958860091
33504409,397,267,130,928105447
34255489,294,192,102,951129023
34753681,264,178,86,966428991
31007089,268,190,78,851932889
30258769,400,277,123,829226231
30012721,359,259,100,821771939
31755721,436,285,151,874705809
33255601,262,174,88,920490467
33754921,431,296,135,935779149
30762001,276,199,77,844490755
31507081,387,279,108,867136581
31260049,395,283,112,859621735
32258641,285,192,93,890034179
30509329,353,235,118,836823463
32010409,381,272,109,882464887
34005001,379,260,119,943444553
33505441,317,222,95,928137871
30259849,294,206,88,829258691
33009169,393,274,119,912954157
32505769,384,260,124,897575623
32757169,298,195,103,905251987
31757161,350,243,107,874749417
30012889,290,191,99,821777399
31007929,416,280,136,851959475
33256609,287,187,100,920522105
34256161,325,228,97,951149795
34508209,356,269,87,958887067
31507561,299,216,83,867151305
34754521,341,238,103,966454767
32258689,338,240,98,890035025
30762169,321,220,101,844494943
32010889,302,201,101,882479509
33755089,327,233,94,935783907
31260721,329,248,81,859642285
30511009,272,173,99,836874169
30260281,340,227,113,829271615
33009649,299,201,98,912968629
32757649,322,222,100,905266621
34005721,334,223,111,943467329
31758721,301,204,97,874797183
33507121,508,365,143,928188647
33256801,389,272,117,920528477
31507921,282,191,91,867161859
34256401,246,162,84,951157565
30013201,236,171,65,821786849
32507329,342,234,108,897623167
31008049,378,282,96,851962961
32259481,409,281,128,890059883
32011249,341,250,91,882490597
34508401,382,278,104,958892989
33755401,266,182,84,935794767
30762481,372,264,108,844504483
34755169,400,270,130,966473853
30511441,303,214,89,836887537
33010609,277,195,82,912998683
32758009,404,294,110,905277049
31759249,292,218,74,874813047
33507601,242,165,77,928204301
33257569,379,275,104,920551601
31260769,352,243,109,859643665
30261289,381,269,112,829302395
31508569,238,184,54,867182499
34257001,375,244,131,951175943
32260489,487,326,161,890090759
34005841,273,187,86,943470515
30013561,386,268,118,821797571
32011921,465,333,132,882510709
31008121,274,186,88,851965547
32508169,270,197,73,897648163
30511489,312,226,86,836888671
30762601,238,159,79,844508749
31759681,337,233,104,874826661
33010849,240,164,76,913006591
33755521,364,239,125,935798217
33507889,351,230,121,928212179
34509001,333,231,102,958910893
33258961,336,230,106,920593677
32758321,313,212,101,905288065
34755961,356,257,99,966498435
32260561,305,198,107,890093783
30261841,313,223,90,829319669
31262281,428,302,126,859689595
34257049,371,242,129,951176987
30013729,287,204,83,821803433
31509529,436,277,159,867211125
32012089,342,224,118,882517537
30511849,395,266,129,836899759
30762841,360,247,113,844516069
31760569,217,126,91,874854397
34007569,364,243,121,943523879
33011281,218,151,67,913019899
31008889,344,218,126,851988047
33259321,376,279,97,920604261
33756361,329,232,97,935823733
32508529,201,133,68,897660301
33508729,322,231,91,928238429
32261041,307,206,101,890107739
32758681,328,219,109,905298943
30014209,216,157,59,821818199
34510009,348,229,119,958942057
32012401,290,197,93,882526765
30513289,354,229,125,836943211
30262009,376,262,114,829324523
31262449,348,233,115,859694851
30763009,357,249,108,844522111
34756849,268,182,86,966526785
31761241,255,185,70,874874365
31509601,374,263,111,867213939
33011449,245,170,75,913024567
34257241,410,280,130,951183305
33259969,333,235,98,920624193
33508801,323,236,87,928240565
32262049,358,229,129,890137289
34007761,314,231,83,943529513
31010281,258,173,85,852030491
30015169,483,343,140,821846765
32758849,340,232,108,905304307
32012521,348,225,123,882529609
32508961,347,229,118,897673099
33756769,392,289,103,935836741
30763321,255,179,76,844531165
31762369,311,233,78,874908631
31511041,350,241,109,867257079
30513529,352,246,106,836950873
30262201,400,277,123,829330469
34510681,412,277,135,958962547
31263649,299,217,82,859732303
34257721,359,238,121,951197687
33509401,382,251,131,928259627
30015241,312,212,100,821849519
34008529,282,197,85,943553741
33013369,256,173,83,913083433
32759161,333,249,84,905314429
34757521,316,215,101,966547827
32013529,305,205,100,882559919
33262321,283,200,83,920696719
32263081,394,260,134,890168773
31010401,268,193,75,852034205
31762921,327,212,115,874925215
30764281,363,258,105,844560681
33757081,285,195,90,935845759
31511089,264,171,93,867258489
32509201,248,174,74,897679585
30016009,348,235,113,821872087
30514009,353,234,119,836965081
34257841,318,214,104,951200993
33509569,297,191,106,928264043
34009081,359,252,107,943569677
30262681,297,206,91,829345265
33013681,309,206,103,913092277
32760001,288,187,101,905339371
31264489,347,260,87,859757365
32015041,347,232,115,882606095
34511761,302,201,101,958995897
31763881,390,270,120,874954663
33757249,267,186,81,935850703
31511281,407,303,104,867264753
33262441,291,194,97,920700391
34757641,318,221,97,966550791
30016681,304,206,98,821892409
32263249,423,295,128,890174539
31010809,288,198,90,852046067
30764329,329,236,93,844561899
33510409,290,193,97,928289819
34009369,253,173,80,943578587
33013801,485,351,134,913095505
34257889,309,199,110,951202319
32509681,295,190,105,897694621
30514129,363,242,121,836968651
32760121,290,204,86,905342431
30263041,298,211,87,829355525
32016601,244,168,76,882655439
31763929,341,237,104,874956103
31511881,311,223,88,867283617
31264801,290,177,113,859766911
30017761,355,252,103,821924383
34513201,403,278,125,959039451
33263161,285,186,99,920722351
33757369,474,325,149,935854447
33510481,247,172,75,928291871
33013969,434,280,154,913101211
34010929,290,209,81,943627727
31011649,280,206,74,852072233
32264569,377,254,123,890215627
30764449,316,203,113,844565985
30514801,332,232,100,836989325
34757881,367,253,114,966557493
32760361,263,175,88,905350669
34259689,330,220,110,951258143
32016889,441,318,123,882662321
31512121,318,222,96,867290619
32510521,344,246,98,897721075
30018409,304,202,102,821944735
30263209,341,229,112,829360223
31764121,278,201,77,874961989
31264969,443,306,137,859772797
33511129,300,203,97,928311539
30515209,384,269,115,837001409
33263521,300,207,93,920733619
34011961,272,179,93,943659515
34513249,250,169,81,959041731
32760529,307,207,100,905355481
33014809,329,237,92,913126831
32016961,331,233,98,882664961
31512289,315,214,101,867294897
34259761,345,232,113,951260147
31012129,281,185,96,852087227
33759049,335,224,111,935905699
30019081,414,290,124,821965165
30765001,305,208,97,844581837
32264689,399,287,112,890219149
34759369,334,208,126,966603591
32510641,312,232,80,897723823
33511249,374,260,114,928315229
30516049,323,227,96,837026807
30263809,256,175,81,829378955
33263689,352,227,125,920738077
34012729,385,256,129,943682347
32760961,307,208,99,905368639
31764289,412,279,133,874967221
33015481,243,158,85,913146607
32017129,301,208,93,882670121
31265761,334,229,105,859796137
31512601,372,260,112,867305613
34260361,403,269,134,951278051
30020041,277,194,83,821994319
34514041,338,204,134,959065311
31012321,366,259,107,852092513
30765169,290,207,83,844586805
33511321,362,250,112,928316981
30516481,311,221,90,837039821
33759289,304,206,98,935913157
32265769,314,223,91,890251969
32761129,291,200,91,905373551
33264001,271,205,66,920748469
34014289,263,171,92,943729201
32510809,338,225,113,897728851
30264049,525,354,171,829385807
34760161,377,269,108,966626931
33015721,366,268,98,913153777
32017441,250,163,87,882679709
31512769,395,251,144,867310251
34260601,254,169,85,951286295
31765609,303,204,99,875007473
31266481,260,173,87,859818013
31013089,328,206,122,852116237
30765841,403,277,126,844607283
34514209,297,212,85,959070699
30020761,270,184,86,822016843
33759721,368,260,108,935926351
30518209,314,207,107,837092549
32761369,299,192,107,905380973
34014961,276,195,81,943751411
33264169,306,222,84,920753605
33512641,329,223,106,928357505
32266081,250,171,79,890262361
32017561,277,174,103,882682595
33016369,361,248,113,913173449
30265201,328,228,100,829421863
31013809,355,258,97,852138041
34261081,438,318,120,951299603
32511649,345,227,118,897754123
30766009,312,213,99,844612215
34762681,548,372,176,966704281
31513561,347,227,120,867335211
30021289,260,173,87,822031975
33760561,391,260,131,935952571
31266601,359,244,115,859820971
31765801,218,150,68,875013455
32762209,359,260,99,905406461
34016161,316,226,90,943787891
33264289,248,168,80,920757523
30519001,310,204,106,837116099
34514929,292,209,83,959092029
31013929,230,160,70,852141653
30766201,389,262,127,844617447
34262209,379,259,120,951334625
33017161,243,167,76,913198319
33512929,412,285,127,928366331
32266609,354,244,110,890278053
32017729,404,265,139,882687569
30021889,347,237,110,822049459
30265489,312,211,101,829430197
33760609,341,241,100,935954011
32512369,346,254,92,897776695
32763361,339,249,90,905441297
31766641,352,241,111,875037941
34016929,291,211,80,943810535
30519169,351,228,123,837121097
31514401,300,217,83,867360531
34762921,371,256,115,966711609
31268449,215,149,66,859878177
31015489,372,252,120,852187629
33265129,407,270,137,920782549
30767041,403,273,130,844643295
34262281,298,203,95,951337115
30022441,249,175,74,822066193
32017801,302,206,96,882690089
34515289,389,256,133,959103465
32763529,321,214,107,905447579
30519409,388,278,110,837128447
33018001,328,224,104,913224755
33513841,250,168,82,928394669
32267761,285,197,88,890312595
30265561,264,174,90,829433005
34017001,224,145,79,943813079
31015609,310,209,101,852192471
32512489,324,221,103,897780391
33761641,355,246,109,935985013
30767641,306,215,91,844661607
31767289,247,166,81,875058329
33265369,232,163,69,920790487
30023449,220,158,62,822097495
34262881,420,290,130,951355375
31514449,313,220,93,867361953
31268689,246,170,76,859884591
32017969,368,251,117,882694349
34763401,326,218,108,966727785
32763889,396,277,119,905458079
30519721,249,178,71,837138395
31015681,326,218,108,852194535
34017169,333,234,99,943818635
32513209,360,263,97,897802647
30767689,308,213,95,844663731
34515601,343,225,118,959112687
30267169,401,303,98,829481323
30023569,220,154,66,822101089
33018721,354,255,99,913245911
32268121,336,220,116,890323941
33514609,372,285,87,928419107
34263121,344,251,93,951363547
33266041,314,220,94,920809729
32018281,337,243,94,882704207
33762649,346,250,96,936016717
31514641,260,187,73,867367485
31767409,340,233,107,875061737
30520561,320,222,98,837163649
32764561,359,224,135,905479119
31269529,326,213,113,859910871
31015849,326,234,92,852199409
30767881,318,212,106,844670325
34763569,320,243,77,966732345
30024289,315,217,98,822122233
30267409,351,243,108,829489369
34017481,367,262,105,943827953
34263769,360,261,99,951382927
32514169,335,232,103,897830331
32018449,316,218,98,882709253
31515241,350,245,105,867386193
33266209,312,211,101,920815321
31767649,254,175,79,875068983
34515769,463,338,125,959117343
30520921,329,235,94,837175211
33018889,375,262,113,913250783
32269129,349,255,94,890354721
30768481,362,257,105,844687617
33516121,249,183,66,928464869
31016281,358,242,116,852212015
33764089,386,259,127,936061357
30024481,320,219,101,822127603
32765209,248,167,81,905499069
31270009,319,210,109,859926285
30268561,354,263,91,829523059
32018809,213,146,67,882720995
31516081,290,203,87,867411363
30521521,333,227,106,837193601
31767961,341,221,120,875078565
33267649,352,226,126,920859107
34763689,290,197,93,966735813
30769489,318,204,114,844718241
34017649,317,211,106,943832423
34264441,390,263,127,951403651
32514241,332,239,93,897832611
31017529,214,150,64,852250547
33764641,309,204,105,936078283
30268921,331,227,104,829533439
34515889,348,230,118,959121531
32269441,340,244,96,890363883
33019009,302,224,78,913254785
30024961,299,208,91,822143977
33516289,241,167,74,928470239
31768081,372,259,113,875081769
32020081,353,256,97,882759413
31516129,376,261,115,867412467
30521761,391,271,120,837200549
31270201,414,285,129,859932399
33267721,400,274,126,920860931
32765401,351,240,111,905504319
30769729,287,204,83,844725225
31018681,272,190,82,852286409
33765601,272,172,100,936107857
30269089,306,205,101,829538539
34764241,321,245,76,966752367
34017769,349,251,98,943835885
32514409,439,297,142,897837945
31768249,364,256,108,875086833
34264609,340,252,88,951408385
32020801,255,172,83,882781583
30523201,333,241,92,837243191
33516529,449,323,126,928477349
33019249,310,199,111,913261991
30770041,297,201,96,844735203
32269561,310,201,109,890367495
33267889,489,341,148,920866745
30026761,313,221,92,822197731
34516129,382,261,121,959129487
31517641,262,175,87,867458123
31019041,246,174,72,852297317
30269761,342,232,110,829559359
31270849,265,182,83,859950653
32765569,332,241,91,905509779
33766441,339,238,101,936133567
31768489,281,195,86,875094807
30523609,354,248,106,837256955
30770161,314,230,84,844738737
33516841,296,201,95,928487177
34018489,391,285,106,943859171
33268321,286,193,93,920880317
31518001,412,275,137,867468971
34764409,303,216,87,966757593
32020921,386,255,131,882785045
32514721,323,219,104,897848073
30027001,245,163,82,822204283
30272449,312,213,99,829641307
34265449,367,263,104,951434233
32269609,267,193,74,890368947
33019561,290,200,90,913271609
31019689,298,208,90,852317687
34517401,280,185,95,959168181
31769161,336,236,100,875114961
33766609,374,259,115,936138805
31271641,354,239,115,859974275
30524041,313,215,98,837269747
32766001,345,228,117,905522949
33516961,211,131,80,928490831
34019281,309,227,82,943883111
31518481,333,220,113,867484013
30027169,358,234,124,822209275
30770881,255,166,89,844760823
33269161,284,186,98,920906543
30273049,339,222,117,829659901
31019881,283,194,89,852322937
32515081,298,199,99,897860253
32020969,356,235,121,882786281
31769809,304,216,88,875134881
34764601,322,207,115,966763167
33020089,371,272,99,913287995
32269969,324,233,91,890379267
32766049,379,264,115,905524287
34266241,276,164,112,951458611
33517681,270,196,74,928513271
33767521,522,364,158,936165697
34020001,255,168,87,943906139
31518601,321,204,117,867487307
30273601,317,229,88,829676221
31271689,262,181,81,859975751
30524929,353,235,118,837296321
34517809,417,294,123,959181021
30027649,351,253,98,822223279
31020361,301,206,95,852337115
33269329,351,241,110,920910485
30771409,303,203,100,844776051
32515921,308,198,110,897884985
31770169,347,258,89,875146029
32766841,306,201,105,905547177
34266289,327,219,108,951460075
32021641,282,197,85,882807863
31519321,431,290,141,867508897
34020169,312,198,114,943910747
33767689,490,352,138,936170797
32270809,334,222,112,890405421
31020481,334,245,89,852340817
34765249,361,237,124,966783243
33020929,400,277,123,913314077
30274129,441,310,131,829691461
33270049,375,265,110,920933689
30028489,345,240,105,822249883
33517849,313,209,104,928518227
32516761,447,310,137,897910341
31271809,413,296,117,859979321
30528241,383,255,128,837395699
31770769,277,178,99,875163435
34518241,336,229,107,959194101
30771721,351,240,111,844785957
32767921,337,234,103,905580633
31519441,448,313,135,867512623
34266409,304,208,96,951463897
34021129,402,261,141,943938569
31021369,365,249,116,852366485
33769009,265,189,76,936210587
30029161,334,232,102,822270139
32022481,325,227,98,882832547
32517241,263,195,68,897925197
30274801,425,310,115,829712497
32271121,219,134,85,890415855
31771609,289,209,80,875189631
33270889,368,268,100,920957563
33021409,313,214,99,913328303
34765369,342,239,103,966786207
30528961,268,180,88,837418175
31272361,474,318,156,859997609
32768929,267,191,76,905611247
33518209,333,226,107,928528961
34267081,418,306,112,951485275
31021729,418,293,125,852378251
34022641,255,179,76,943986173
30771841,258,172,86,844789719
33769849,340,249,91,936235925
34518409,373,251,122,959199477
30029281,344,236,108,822273853
31521001,323,224,99,867560843
30275281,201,141,60,829727011
32518201,284,198,86,897955447
32271241,346,243,103,890419053
31773361,286,193,93,875242953
32022769,334,232,102,882840863
32769409,360,266,94,905626253
34267249,280,202,78,951490219
34766209,275,179,96,966813039
30529129,386,262,124,837422759
33769969,360,243,117,936239525
34023361,247,167,80,944008697
30276121,311,207,104,829753329
33271081,359,239,120,920963773
33022081,255,175,80,913348955
31022881,368,249,119,852413405
31272721,279,213,66,860008135
33520321,308,218,90,928593299
32271409,301,211,90,890424195
30031201,319,230,89,822332613
30771889,322,221,101,844790739
32518441,312,219,93,897962017
31522129,267,196,71,867594655
34519249,370,261,109,959225841
32769601,318,231,87,905632599
31774849,367,244,123,875289045
34267489,332,207,125,951497077
30276241,333,234,99,829756563
32022841,481,316,165,882842723
34023529,274,192,82,944014091
33770521,276,175,101,936256781
30529321,168,113,55,837429265
34766881,327,230,97,966833595
30031681,323,210,113,822346319
31023721,318,216,102,852440915
33022609,335,241,94,913365547
33520369,290,188,102,928594751
32271649,355,258,97,890430819
30772009,387,271,116,844795005
31272889,362,262,100,860013427
33272761,396,277,119,921014989
32769769,427,320,107,905638269
32518609,301,216,85,897967915
31523209,339,224,115,867627495
34267921,274,188,86,951511015
34519321,371,250,121,959228025
30530089,359,247,112,837452095
34024729,370,275,95,944049755
33770641,361,240,121,936260429
30031801,351,249,102,822350135
31775521,380,263,117,875309247
32272129,387,265,122,890445699
30276289,360,250,110,829758255
30772081,317,238,79,844797183
33520489,353,231,122,928598561
32023609,426,297,129,882868613
31024009,337,233,104,852448757
34767121,307,205,102,966840801
32770081,320,229,91,905648211
33023041,359,251,108,913378507
31274041,350,242,108,860047105
34268161,301,210,91,951517603
30530161,423,300,123,837453841
32518921,364,254,110,897977305
33274081,225,150,75,921055675
34025161,310,223,87,944063597
33772201,243,170,73,936309629
32272321,292,194,98,890451543
30032209,271,179,92,822362741
31523521,322,208,114,867636669
30772249,393,268,125,844802439
33520561,368,256,112,928601231
34520089,583,394,189,959251395
31776049,501,351,150,875324259
30277081,357,236,121,829781157
32024449,324,228,96,882894131
33025561,347,237,110,913454651
32770201,291,194,97,905651409
31024681,316,220,96,852468971
32519449,302,197,105,897993085
30033481,296,192,104,822400607
30530641,294,201,93,837469669
34025881,381,265,116,944084537
33772369,308,215,93,936314609
34767769,267,198,69,966861579
32273809,343,220,123,890496581
30772681,354,233,121,844814367
31274161,320,231,89,860051221
33275041,386,263,123,921085301
34268329,278,191,87,951522037
33521401,307,199,108,928626095
31523881,323,224,99,867648687
33025609,283,214,69,913457387
32024689,457,316,141,882900779
30033649,305,190,115,822405713
30531601,253,158,95,837499069
31776889,394,272,122,875350513
30277801,284,206,78,829804257
30774241,248,163,85,844861893
32274001,303,215,88,890502503
34026001,308,198,110,944088953
34520809,375,262,113,959273757
33773161,431,299,132,936338651
32520601,200,129,71,898028095
32770921,323,210,113,905672817
31024729,335,239,96,852471395
34767961,397,278,119,966867951
33275881,314,200,114,921111497
31274401,380,263,117,860058565
33026401,330,224,106,913480673
32026009,300,216,84,882940787
30532609,372,256,116,837529555
33523921,342,249,93,928703551
30774361,324,236,88,844865151
34268809,284,177,107,951536473
32274481,299,208,91,890517209
31524049,414,304,110,867653667
33773569,289,182,107,936351839
34026049,343,243,100,944090507
32520721,376,269,107,898031143
30033721,282,211,71,822407753
30278089,420,274,146,829812549
31777321,341,227,114,875363755
32771041,389,271,118,905676027
34521001,310,215,95,959280381
31025521,383,264,119,852493741
32026369,336,208,128,882950795
33026449,270,194,76,913482251
33524089,295,200,95,928708699
30532681,389,252,137,837531529
30774769,310,215,95,844879341
31274569,341,231,110,860063089
32275609,245,177,68,890551433
34768441,431,296,135,966882477
33275929,317,218,99,921112445
33775921,266,173,93,936423221
34026409,373,237,136,944101235
32521729,362,249,113,898062565
30278329,306,225,81,829819431
31524721,433,299,134,867672663
34268929,416,287,129,951541093
32771281,246,166,80,905683563
30034201,388,274,114,822422759
30533161,396,282,114,837546553
31777489,372,261,111,875368981
32026801,233,152,81,882964535
33524401,309,205,104,928718051
32277001,352,220,132,890594573
30775369,285,197,88,844896453
31026529,368,258,110,852524423
33776401,367,242,125,936437471
31276249,313,213,100,860116081
34521649,287,199,88,959300703
33277441,316,223,93,921159053
34768561,343,228,115,966885927
33028249,276,194,82,913537273
34026721,291,206,85,944112035
32522401,356,251,105,898083235
30279841,309,209,100,829865341
32772721,316,208,108,905727761
32026849,415,276,139,882966299
31525201,363,258,105,867687825
30776209,377,243,134,844921833
33525361,264,193,71,928747673
30533281,298,196,102,837550231
34269769,306,200,106,951567671
30034369,300,206,94,822427349
31777729,263,172,91,875375443
33028969,374,261,113,913558423
32277361,287,202,85,890604617
33277729,247,180,67,921167855
34027561,281,190,91,944137115
32523121,302,225,77,898105567
31026769,259,182,77,852531647
31276561,332,228,104,860125357
33776689,277,188,89,936446759
32027041,395,287,108,882971717
32773129,309,217,92,905739425
34521769,390,281,109,959304195
30533449,361,266,95,837555067
34768609,412,290,122,966887625
30281161,224,147,77,829905355
33525529,482,321,161,928752125
30776761,340,235,105,844939689
34270009,292,203,89,951574475
31525489,340,226,114,867696231
33029089,364,244,120,913562029
30034489,275,188,87,822431063
32523241,375,261,114,898108699
34028521,425,281,144,944166155
33277969,377,259,118,921174995
32773441,287,200,87,905748863
31778209,252,165,87,875390695
32027209,340,228,112,882977171
30282289,328,230,98,829938949
32277529,381,277,104,890609537
31027081,301,205,96,852542075
33526201,378,254,124,928772621
33776929,341,221,120,936454001
31277089,435,293,142,860141131
30533521,289,218,71,837557227
34270321,350,240,110,951584189
30776881,271,193,78,844942809
33029329,289,210,79,913569709
34522849,345,236,109,959335665
34768729,435,301,134,966891249
32523961,450,313,137,898131289
30035041,239,155,84,822448367
34029601,327,219,108,944199755
30282361,345,245,100,829940713
32773561,325,223,102,905751899
31526881,306,209,97,867739011
32027641,322,216,106,882989897
33777241,242,171,71,936462935
33527041,302,209,93,928798739
30533689,317,220,97,837561685
31778401,384,259,125,875396461
33279121,282,191,91,921210869
31029121,390,262,128,852602853
32277961,285,197,88,890623931
33030601,384,262,122,913608235
34270609,373,249,124,951593585
31277761,317,224,93,860162035
32524489,381,260,121,898147681
34030201,335,212,123,944217515
30282529,288,194,94,829945705
30776929,310,215,95,844944615
31528729,317,230,87,867795207
30037561,338,249,89,822524477
34523689,400,285,115,959361915
32774569,316,202,114,905783401
34768969,305,215,90,966898401
33527881,332,237,95,928824635
30534001,306,216,90,837571267
31029289,346,255,91,852608121
32027689,308,210,98,882991841
33280129,307,224,83,921242027
32525089,311,222,89,898164943
33777769,347,227,120,936479327
31779889,284,181,103,875441671
30282841,335,247,88,829955545
34031089,294,196,98,944244737
34271329,264,171,93,951615683
31529089,285,213,72,867806745
33031321,265,170,95,913630717
32278201,324,220,104,890630771
31278241,284,195,89,860175877
30534169,336,241,95,837576823
33527929,392,279,113,928826219
30777601,358,260,98,844964103
31029721,465,333,132,852621237
32028049,357,243,114,883003223
30038521,468,337,131,822554093
34769809,427,311,116,966924753
33280321,456,310,146,921246671
32774641,257,175,82,905785561
34524001,278,193,85,959372949
30283849,332,244,88,829985533
32525161,357,232,125,898166971
31529521,316,230,86,867819045
34031929,355,239,116,944270457
34273849,279,192,87,951691835
33528049,314,213,101,928830287
31780081,504,338,166,875447479
33778249,526,375,151,936494213
31030561,285,185,100,852647775
33031441,283,177,106,913634101
32278969,436,290,146,890653439
31278361,368,251,117,860179051
32029201,285,194,91,883038407
33280801,277,193,84,921262979
34770289,391,275,116,966939357
30534529,223,153,70,837587437
30777889,299,211,88,844972029
30285529,351,242,109,830037655
30038689,456,325,131,822559631
32525761,286,196,90,898185511
32775241,435,298,137,905803933
31530409,277,194,83,867846465
34032289,371,263,108,944281317
33528289,425,298,127,928837157
34524169,318,210,108,959377221
31030801,335,214,121,852655011
32029321,327,230,97,883041467
31780249,344,241,103,875452957
33280921,435,311,124,921265847
34274521,304,224,80,951712829
30285649,320,227,93,830040637
33778369,266,181,85,936498353
32526001,302,200,102,898193521
34770409,385,269,116,966943095
31531249,425,304,121,867870771
32279521,386,281,105,890670449
32775961,294,209,85,905825917
31278409,313,208,105,860181151
33031849,291,203,88,913647109
30535129,249,185,64,837605641
34032601,321,220,101,944291799
30778129,440,311,129,844979967
33528721,409,288,121,928850243
30039769,287,196,91,822592043
31031449,315,219,96,852675491
33280969,421,287,134,921267437
31531369,313,209,104,867874311
32030209,272,193,79,883070069
32526601,340,230,110,898211449
32280481,356,253,103,890701031
34524289,405,283,122,959381157
34770481,306,206,100,966945393
30286369,335,227,108,830062603
32776129,259,177,82,905830429
34032769,339,229,110,944296215
31780561,324,221,103,875462671
33779281,310,213,97,936525125
31278601,312,214,98,860186161
33528769,320,207,113,928852493
33032521,312,227,85,913668269
34274641,313,221,92,951715949
30535801,473,334,139,837625099
30778441,261,176,85,844988919
30040441,336,220,116,822611909
31032241,312,223,89,852698003
31531921,328,205,123,867892671
30287041,355,254,101,830083507
32526649,253,167,86,898212979
32776321,309,224,85,905835943
34771081,339,233,106,966962913
33281329,285,186,99,921277529
34033561,294,195,99,944321049
32281369,347,253,94,890728067
32031409,388,275,113,883105715
33033289,390,249,141,913691489
34524361,196,131,65,959383347
31780729,457,323,134,875467957
31279441,268,202,66,860212237
31032649,356,246,110,852710153
33780121,316,216,100,936552909
30535849,312,212,100,837626929
31532089,319,216,103,867897297
33528961,350,251,99,928857767
32527489,347,238,109,898238671
30041041,336,241,95,822630269
30779569,373,280,93,845023425
34275049,359,226,133,951729047
32777089,341,226,115,905861197
30287209,346,246,100,830088613
34033729,271,185,86,944326011
32281729,422,279,143,890738447
32032249,373,241,132,883131129
33281641,393,266,127,921288251
34771129,352,239,113,966964527
33033529,323,210,113,913698917
31032961,320,223,97,852720419
31280449,395,270,125,860242873
31532209,347,247,100,867900573
32528689,345,241,104,898275397
31781089,483,321,162,875478139
32777761,215,155,60,905880991
34525201,380,261,119,959407359
34034281,353,245,108,944342727
30536521,290,207,83,837647569
33780289,506,350,156,936557367
30041281,310,219,91,822637493
32282161,331,233,98,890751251
33281929,321,239,82,921296885
30780289,271,176,95,845044955
30287329,380,281,99,830092105
34771249,404,286,118,966968181
33529609,221,161,60,928877615
34275529,398,287,111,951743699
33034681,382,264,118,913733603
31280881,358,255,103,860255965
32032729,238,165,73,883145769
31532881,301,207,94,867921351
31034161,302,209,93,852756341
32529169,369,253,116,898289935
32777809,299,198,101,905882455
34035121,303,194,109,944367993
32282401,427,299,128,890759453
31783249,246,167,79,875544205
33282649,300,193,107,921317929
30287401,313,202,111,830094391
30041761,315,225,90,822651833
34771921,402,257,145,966988935
30536809,285,181,104,837656467
34525801,319,216,103,959426979
30780649,320,227,93,845056135
31533721,325,227,98,867947595
33034849,285,202,83,913739765
33530401,329,219,110,928903385
31281721,236,169,67,860281153
33781441,310,223,87,936592603
34276321,288,208,80,951767837
32529361,365,270,95,898295509
31034329,403,282,121,852761069
32032921,382,276,106,883151151
32777929,387,271,116,905886721
32283001,213,138,75,890777645
34035481,392,261,131,944378667
30288241,276,184,92,830119675
34771969,301,200,101,966990609
31533769,313,225,88,867949509
33530449,340,220,120,928904657
34525849,377,258,119,959428425
34277209,433,314,119,951795743
30537361,357,261,96,837674417
31784089,306,221,85,875569165
33035209,283,193,90,913749879
30042049,317,241,76,822661007
33282841,256,180,76,921323827
30781081,386,267,119,845069881
32283049,295,210,85,890779409
31281889,290,206,84,860285635
32778481,299,196,103,905903431
33782449,328,239,89,936623617
30289081,308,221,87,830145301
34035961,340,233,107,944393791
32529961,230,156,74,898314223
31034761,335,243,92,852774053
34772161,368,246,122,966996561
32034601,290,202,88,883202199
33530569,422,297,125,928907861
34525969,334,244,90,959431893
30537649,414,282,132,837682655
34279081,366,241,125,951852965
33035881,440,289,151,913770243
31534441,252,177,75,867970089
32283169,330,237,93,890783885
30042121,425,310,115,822663251
31784209,352,253,99,875572693
32778769,263,175,88,905912725
31034929,308,187,121,852778871
30781129,429,291,138,845070949
33283441,241,173,68,921342793
34036081,364,234,130,944398003
31282729,332,225,107,860312755
33532129,290,203,87,928955397
30289681,410,278,132,830164147
30538201,310,195,115,837700007
34772761,229,146,83,967014681
33782569,358,254,104,936627049
34526209,343,234,109,959439201
32530369,326,223,103,898327301
34280089,396,266,130,951883655
32035921,294,206,88,883242947
32283241,358,246,112,890785967
33036361,363,275,88,913785621
31035601,264,170,94,852800063
34036921,366,259,107,944423239
32779849,374,258,116,905945065
31534561,364,260,104,867973425
30043441,347,235,112,822703313
31784761,378,251,127,875590399
30538489,357,251,106,837707807
30289921,263,192,71,830171041
33532489,326,220,106,928965753
33285001,339,227,112,921390787
30781321,366,250,116,845077501
34773169,416,282,134,967026987
31282969,262,186,76,860319913
34280401,304,211,93,951893555
31035649,329,236,93,852801533
33782641,338,236,102,936628861
34527049,432,316,116,959464857
31534729,352,246,106,867978219
33037321,246,168,78,913816155
32780161,350,241,109,905955205
32530681,361,255,106,898336559
32284009,321,211,110,890808197
32036761,375,261,114,883267883
34037161,257,181,76,944431711
30538561,245,163,82,837710537
30290089,269,187,82,830176111
31785289,341,226,115,875605963
30043729,278,208,70,822711701
34280569,350,245,105,951898595
33532801,335,233,102,928976649
30781489,388,260,128,845082197
31035769,393,279,114,852805037
33285529,436,296,140,921406867
31283401,372,254,118,860332511
33037369,293,212,81,913817571
32780521,239,171,68,905966299
30539209,362,248,114,837729785
30290521,392,290,102,830188651
34773481,336,226,110,967037451
34037761,336,246,90,944449615
31786801,417,293,124,875650585
32284729,363,245,118,890830223
31534801,281,204,77,867980715
33782809,242,158,84,936634195
32530969,329,205,124,898344575
34527529,255,176,79,959479709
32036881,456,315,141,883271489
34282201,318,222,96,951947471
31036009,434,313,121,852812363
33532921,375,235,140,928979823
30043969,440,289,151,822717929
30539329,443,290,153,837732833
32781361,374,249,125,905992687
30781801,372,258,114,845092151
34038601,335,235,100,944474947
33039889,245,170,75,913893143
32284849,347,225,122,890833877
31535809,514,392,122,868010811
31787641,353,242,111,875676425
31283569,326,214,112,860337743
33286369,384,246,138,921431563
30291241,368,253,115,830211265
33783649,331,217,114,936658801
34773601,322,202,120,967040517
33532969,378,261,117,928980951
34283089,268,188,80,951975323
30539401,327,217,110,837735365
32531041,277,188,89,898347065
32036929,344,232,112,883272917
32782369,288,200,88,906022111
34528201,414,266,148,959500375
31036321,233,156,77,852821471
30044281,347,244,103,822728897
34038649,320,225,95,944476753
32285689,433,297,136,890859697
31536481,439,284,155,868030845
33040009,341,253,88,913896071
33784081,377,255,122,936672553
30782161,312,220,92,845102777
30291361,260,162,98,830214661
34773841,324,218,106,967048323
31788241,314,196,118,875695733
33286849,339,225,114,921446359
31283809,350,225,125,860344475
33533161,395,267,128,928987899
30539881,351,248,103,837750497
34283449,346,245,101,951988295
32782801,299,210,89,906035959
32286601,353,239,114,890887975
34040329,357,247,110,944528671
32531641,389,279,110,898365785
32037121,256,161,95,883278491
30044809,408,279,129,822744815
31037161,293,197,96,852846941
33784129,272,191,81,936674311
31537921,339,239,100,868073919
34528321,273,177,96,959503807
30291409,292,201,91,830216017
34774681,391,275,116,967073211
33287209,335,229,106,921459019
33533329,271,162,109,928993029
30782761,306,231,75,845120849
33040081,345,246,99,913897949
30541081,312,222,90,837787031
34283881,288,187,101,952000631
32782969,412,279,133,906040183
32286769,342,240,102,890892547
31788409,257,167,90,875701319
31284289,315,202,113,860359639
34040521,389,267,122,944534659
33784249,365,243,122,936677465
31538161,268,172,96,868081863
30291601,347,235,112,830221129
31037521,334,230,104,852857177
33287689,466,326,140,921472807
33533641,248,177,71,929002443
32531689,313,207,106,898366799
32037289,359,244,115,883283741
30045481,358,249,109,822764189
34774849,446,310,136,967079829
34285129,352,257,95,952039175
32287609,407,281,126,890917861
34528369,387,273,114,959505049
30782929,350,246,104,845125631
34041121,315,205,110,944553115
30541249,358,241,117,837791663
33040729,417,309,108,913918955
32783041,335,234,101,906042463
31284961,449,301,148,860379505
31788961,244,164,80,875718443
30291769,421,281,140,830226817
33784969,330,219,111,936699419
33288529,306,196,110,921498193
31037689,387,264,123,852863777
31538329,333,234,99,868086495
32531809,364,249,115,898370405
32287921,296,196,100,890927383
33533761,396,272,124,929005491
30045649,418,285,133,822769247
34285729,372,267,105,952056941
34528729,296,200,96,959515963
34775281,334,225,109,967091991
32038441,387,264,123,883319471
34041169,363,248,115,944555215
31285081,262,182,80,860383345
31789081,329,212,117,875721671
33040921,325,221,104,913924481
30783769,313,218,95,845151239
30541561,351,251,100,837801553
30292201,385,266,119,830240035
33288649,341,242,99,921502195
32532481,323,229,94,898390133
32784049,329,216,113,906073405
32288209,435,306,129,890936005
31038121,271,197,74,852877409
31538641,262,179,83,868096569
30046321,405,276,129,822790523
34529881,262,185,77,959552077
33785161,281,197,84,936706445
33534169,388,259,129,929017755
31285249,314,227,87,860388331
34286281,302,212,90,952073921
31789321,262,171,91,875729195
34775329,287,202,85,967093647
33041929,358,241,117,913954997
32038729,318,216,102,883328249
32532889,265,195,70,898402955
34042009,239,160,79,944580835
33288721,296,205,91,921504769
30541729,237,168,69,837807097
30784441,348,231,117,845171297
30292369,373,234,139,830245039
32289121,317,225,92,890963383
31285801,285,204,81,860405701
32785201,217,152,65,906108757
31789921,317,235,82,875747339
34286809,478,334,144,952090249
33534481,370,258,112,929026923
34530169,313,224,89,959560981
33042241,293,189,104,913964849
30046801,270,179,91,822804969
31038841,309,216,93,852899219
31539649,330,223,107,868127191
33785761,289,189,100,936724271
32533321,470,337,133,898416077
30542569,332,231,101,837832219
33289561,443,318,125,921528913
34776361,294,191,103,967125243
32289601,333,240,93,890978359
32041081,324,217,107,883401015
31285921,357,239,118,860408389
31789969,295,196,99,875748791
34042969,307,195,112,944609473
30784849,328,221,107,845183075
30293089,389,282,107,830266927
33534841,381,273,108,929038623
34531009,402,268,134,959586691
33042409,257,171,86,913969709
30544201,358,253,105,837880969
32785729,420,286,134,906124525
34288249,417,281,136,952134295
30046921,288,208,80,822808317
33290329,370,255,115,921554083
31040209,346,241,105,852941117
33786481,255,167,88,936746999
31540009,379,256,123,868138219
32290801,623,432,191,891015049
32041249,340,243,97,883405743
32533489,359,243,116,898420955
31286329,364,247,117,860421433
31790329,333,217,116,875759291
34531561,267,178,89,959603191
33535009,448,285,163,929043171
34777681,255,181,74,967166685
33042769,386,269,117,913980395
30293449,332,224,108,830278165
30786169,335,232,103,845224349
30545929,387,272,115,837933233
34043641,362,231,131,944630717
33291409,494,357,137,921586279
33786601,451,310,141,936750065
30048001,264,159,105,822840753
32042089,350,263,87,883431675
31286641,250,167,83,860430793
32291569,387,261,126,891039163
31540441,289,187,102,868151125
32786209,323,218,105,906139951
32534881,243,163,80,898464389
31040689,237,166,71,852955517
34288321,382,256,126,952136833
31790809,356,264,92,875773835
34533361,357,230,127,959658781
33043081,341,233,108,913990931
33536161,299,219,80,929078901
30048769,292,201,91,822864429
32043841,410,277,133,883484961
30546049,341,238,103,837936665
31286809,269,182,87,860435665
33787849,333,234,99,936788397
32292961,298,201,97,891080353
30294049,317,217,100,830296475
30786841,390,258,132,845244317
34778041,335,237,98,967176577
33291889,343,236,107,921601129
32535001,340,234,106,898467965
34043881,319,217,102,944638373
31540489,387,266,121,868152337
33043609,348,238,110,914006567
31040809,399,271,128,852958907
32786881,273,185,88,906160837
34533769,348,227,121,959671525
30048841,326,234,92,822866901
34288921,368,253,115,952155205
32044321,217,152,65,883500327
33536449,315,222,93,929087589
32293249,327,220,107,891089623
33788329,249,167,82,936803835
31790929,317,213,104,875777771
32535721,206,146,60,898489213
34779049,300,222,78,967208203
30546289,362,258,104,837943541
31287001,317,223,94,860442013
33292081,274,181,93,921606427
30295729,335,231,104,830347889
30786961,365,254,111,845247101
30049009,378,259,119,822872289
34534081,241,168,73,959681467
34045729,294,182,112,944694233
31541161,331,237,94,868172989
32293969,271,185,86,891111847
33043921,270,180,90,914016449
33537121,365,262,103,929108979
31791169,358,241,117,875784929
32045161,338,238,100,883524717
33790201,353,233,120,936860259
31041529,305,210,95,852981197
32535889,370,255,115,898494787
32787721,346,228,118,906185403
34779361,302,182,120,967218325
33292561,283,188,95,921621289
34289809,367,236,131,952182451
30546961,348,231,117,837964157
30049441,366,245,121,822884445
30296281,384,285,99,830364203
31287481,317,224,93,860457451
30787369,431,291,140,845260745
34534369,220,143,77,959689795
32294329,359,259,100,891122095
33044761,330,223,107,914042339
33537529,364,251,113,929120559
33791809,279,197,82,936911505
31791481,433,296,137,875793851
34779649,292,220,72,967226443
32536849,341,228,113,898523755
31541281,411,289,122,868176457
33293569,280,181,99,921651313
34046161,327,236,91,944707673
31041889,399,275,124,852991409
32046169,247,177,70,883554951
32787841,307,202,105,906188457
30049681,460,313,147,822892095
32294761,330,231,99,891135373
34534921,380,270,110,959707735
33045049,328,234,94,914051177
34290001,288,200,88,952188439
33537961,297,193,104,929134419
30547609,321,220,101,837984521
30296569,350,236,114,830372783
33791881,386,263,123,936912885
31288489,369,261,108,860486641
30787849,267,174,93,845276057
32537521,368,244,124,898544533
34780321,313,220,93,967246975
33293761,243,174,69,921658501
31792489,288,186,102,875825579
31541449,325,230,95,868182313
32294809,336,257,79,891137389
30050281,435,294,141,822910629
31042489,261,171,90,853010591
34536049,308,214,94,959742049
32046361,264,179,85,883561623
34048249,361,238,123,944770815
34290169,326,218,108,952193131
33538009,350,216,134,929135847
33045289,391,258,133,914059211
33792721,258,185,73,936937875
32787889,429,287,142,906190167
32537761,298,206,92,898551967
30547969,249,166,83,837993953
34781401,292,205,87,967280665
30297121,331,220,111,830388641
31288681,337,235,102,860492743
30788209,290,197,93,845287199
33293929,312,216,96,921663049
31793329,374,256,118,875850497
30050329,225,153,72,822912633
32295481,326,229,97,891157897
31542001,360,244,116,868198975
33045889,340,231,109,914076659
34291441,381,278,103,952231657
32537929,393,287,106,898556851
32046841,326,223,103,883576365
31042729,419,276,143,853017215
33793561,368,252,116,936964383
33538129,192,126,66,929139735
34536121,250,166,84,959744275
34048849,380,250,130,944789091
34781569,301,201,100,967284787
32788681,362,249,113,906214833
31794361,322,225,97,875881181
30050689,403,277,126,822922293
31289281,194,126,68,860511415
30548641,337,242,95,838015361
30297481,301,205,96,830399585
32296009,361,244,117,891173905
30788521,245,160,85,845295707
33046129,330,225,105,914083871
31543009,304,199,105,868229263
33294241,374,262,112,921672823
32538409,308,213,95,898571703
32047009,376,272,104,883581075
34292161,322,227,95,952254043
31043041,280,183,97,853026827
31795681,327,233,94,875922413
34782721,291,213,78,967320267
31289449,374,252,122,860516407
33794881,411,303,108,937004403
33538801,413,292,121,929159271
32296321,347,240,107,891183577
34536721,411,287,124,959763529
31544041,319,240,79,868261051
33047449,406,284,122,914124551
30052201,299,204,95,822967129
32789689,355,231,124,906245095
30549121,234,160,74,838030433
34049401,305,227,78,944806647
32047201,365,255,110,883586679
30297649,413,303,110,830404535
30789049,373,255,118,845311541
32538601,364,270,94,898577271
34293001,343,246,97,952280379
31043209,397,251,146,853032131
33295369,310,216,94,921707773
31290841,346,250,96,860558779
34782841,259,171,88,967324203
31795849,342,238,104,875927297
31545049,516,356,160,868292863
34537561,359,238,121,959787415
30549481,347,246,101,838041965
32047681,344,230,114,883600983
32539249,341,236,105,898597047
32789761,313,218,95,906247453
33540889,412,284,128,929223191
33795409,444,318,126,937020459
32296681,357,240,117,891195313
30052369,283,202,81,822973803
33048121,393,259,134,914144879
30298249,320,223,97,830422331
30789361,336,229,107,845321585
34293121,334,232,102,952284249
34050241,284,191,93,944832435
31291009,362,249,113,860563843
31043329,393,294,99,853035503
34782889,251,172,79,967325385
31546369,319,219,100,868333057
32048521,390,274,116,883627409
34537969,272,188,84,959800801
31795969,399,268,131,875931299
33295441,490,332,158,921709345
32540041,306,201,105,898621317
30550489,420,291,129,838071275
33541201,333,221,112,929233655
32789929,324,220,104,906252433
31291129,344,244,100,860567269
34293289,302,217,85,952289355
33049969,415,285,130,914201143
30052849,378,272,106,822987147
32297281,314,217,97,891212515
33796249,397,266,131,937046049
34783009,376,262,114,967329651
31547161,295,207,88,868356661
30298321,232,164,68,830425097
30789529,266,189,77,845326193
31044049,230,159,71,853057835
34538809,327,237,90,959826859
34050361,329,220,109,944835783
32542441,240,162,78,898695267
33541489,319,219,100,929241665
32049889,353,224,129,883668977
31291969,307,215,92,860593471
31796041,383,263,120,875933339
33297049,327,230,97,921759193
32790601,436,306,130,906273211
30551641,317,221,96,838107887
33051769,305,209,96,914256451
31547209,311,228,83,868357867
30298921,263,185,78,830443751
34293361,353,233,120,952291209
31044721,308,220,88,853077827
30052969,355,258,97,822991275
34539289,247,173,74,959841181
32542969,471,322,149,898710717
32297449,424,300,124,891218329
33542401,335,237,98,929269181
30790321,341,220,121,845350241
34783249,334,249,85,967336455
33796921,415,291,124,937066599
33297601,278,200,78,921776425
31292689,317,209,108,860614789
32791441,345,242,103,906299743
34051441,349,252,97,944868417
33052009,356,233,123,914263309
31549009,335,234,101,868412431
32050489,241,174,67,883686287
31796641,416,291,125,875951567
31045249,257,185,72,853093919
30552001,360,241,119,838118285
34540321,309,210,99,959872033
34294009,406,278,128,952311009
30299089,422,301,121,830448425
32543569,325,215,110,898729107
30053209,364,253,111,822997899
31293049,368,262,106,860625827
33297769,370,249,121,921781003
32791921,372,269,103,906314185
30790729,384,279,105,845361713
32297521,280,187,93,891220801
31549081,342,234,108,868414315
32051329,341,233,108,883712423
33543049,334,233,101,929289239
31797529,331,242,89,875979329
33797689,372,250,122,937089423
34783729,428,303,125,967352259
31046761,261,181,80,853138793
33052321,276,173,103,914272567
34051921,310,214,96,944884335
34540921,243,170,73,959891569
32544121,233,158,75,898746597
34294129,290,197,93,952315053
30552481,267,185,82,838133093
30299329,304,204,100,830456501
30054361,373,236,137,823034547
32792209,317,221,96,906323341
33298609,346,240,106,921806509
31549561,309,226,83,868430671
31797889,471,341,130,875989457
31293529,377,255,122,860639351
33543841,355,266,89,929313857
30791329,406,281,125,845379839
32051881,314,223,91,883729943
33052441,480,340,140,914276197
32298169,421,311,110,891240247
34784401,335,213,122,967372365
31047529,328,243,85,853161603
32544649,351,247,104,898762359
33798361,310,217,93,937110519
30055489,261,166,95,823068081
34541641,298,215,83,959913715
34052761,365,242,123,944909685
33299281,293,200,93,921827245
30553441,360,228,132,838161647
34295809,219,160,59,952366891
31798201,350,245,105,875999747
31549729,368,261,107,868434937
32792449,443,300,143,906330445
30299641,420,293,127,830466299
33544081,345,231,114,929321339
33052849,359,252,107,914289073
31293649,332,222,110,860645099
31048201,297,191,106,853182747
32544961,274,195,79,898771875
34784521,314,205,109,967375791
32052721,332,247,85,883755497
30792241,340,234,106,845407061
32298361,312,206,106,891246139
30055561,328,222,106,823070247
33299401,265,201,64,921831199
31550401,271,196,75,868454809
31798561,294,203,91,876010523
34541761,307,202,105,959916673
34052881,330,237,93,944913153
33798529,372,267,105,937115811
33544729,296,186,110,929341361
30553489,357,243,114,838163063
31048609,336,231,105,853194987
33053281,367,263,104,914302717
31295161,386,286,100,860690963
34296481,365,252,113,952387165
30299761,348,218,130,830469911
32793049,318,215,103,906349615
32545489,321,216,105,898787283
32053249,359,251,108,883770695
34784929,313,205,108,967387737
31550569,433,304,129,868459981
30792409,391,280,111,845413637
31799161,243,167,76,876027941
33299449,317,219,98,921832819
33544921,434,277,157,929346809
31298089,288,201,87,860779565
31049209,232,156,76,853213407
33053689,405,285,120,914314663
30057409,382,243,139,823126527
32299009,390,269,121,891265039
32546161,401,283,118,898808205
30553609,290,202,88,838166489
34052929,294,196,98,944914485
32053561,340,239,101,883780679
34542841,415,271,144,959950429
34297561,335,219,116,952420549
33799201,406,285,121,937136391
30300601,346,233,113,830494679
31551361,342,240,102,868483843
32793121,333,224,109,906351607
31799329,273,192,81,876033863
31050121,359,273,86,853241003
33545401,391,264,127,929362535
30057721,311,217,94,823135383
33054361,388,288,100,914334871
30792721,293,206,87,845422739
33300121,369,257,112,921854011
31298689,433,301,132,860798351
32054569,350,233,117,883810571
34785601,398,293,105,967409439
32299369,297,215,82,891277105
34298881,249,180,69,952461835
31551409,336,247,89,868485937
30554521,366,247,119,838193771
32546641,343,223,120,898822453
31799569,363,250,113,876040727
34053121,326,218,108,944920527
30057889,352,244,108,823140711
30300769,303,203,100,830500243
34543009,404,284,120,959955121
33799369,436,308,128,937141527
30794689,351,246,105,845482085
33055129,374,266,108,914359217
31052569,405,294,111,853314977
33545929,325,234,91,929378363
32793721,363,240,123,906369073
33301321,257,167,90,921890251
32054761,381,263,118,883816373
32299681,357,252,105,891285565
31299409,287,207,80,860819933
34299841,336,217,119,952490413
31553089,284,201,83,868536841
34785769,406,295,111,967415121
31799881,265,199,66,876050909
30555361,241,159,82,838219811
34053289,369,237,132,944926011
34543489,387,258,129,959970313
30794761,368,253,115,845484185
32547769,248,172,76,898857607
33056689,291,187,104,914408441
32055241,299,202,97,883831661
30058681,252,164,88,823165509
30300841,396,252,144,830502511
31300081,250,167,83,860840311
33301921,274,171,103,921908701
31053409,369,242,127,853341929
33799609,431,284,147,937149915
34300009,385,273,112,952495967
31553761,394,265,129,868557477
32793889,412,303,109,906374641
34786249,289,209,80,967430157
33546361,408,279,129,929391353
31801921,379,243,136,876112991
32300041,297,204,93,891296755
34543849,411,273,138,959980621
34053769,461,335,126,944940159
30555529,266,179,87,838224539
31300609,266,194,72,860855659
33058321,380,271,109,914457197
32547841,328,219,109,898859413
31054249,296,199,97,853366967
30795601,244,183,61,845510645
34300081,513,355,158,952497545
33302329,329,225,104,921920773
30301489,259,190,69,830521549
30058729,301,196,105,823166883
32055601,346,237,109,883841645
31803361,391,259,132,876156375
31554121,311,190,121,868568373
34787281,339,221,118,967461507
33800281,417,295,122,937169453
32300641,310,218,92,891314899
32794129,232,158,74,906380857
33546529,338,222,116,929397155
34544281,280,194,86,959993947
33059329,319,222,97,914488199
32549329,327,231,96,898904665
34054561,311,213,98,944964861
33302641,314,202,112,921930505
31055641,362,247,115,853409459
34300561,277,185,92,952512107
30555961,328,212,116,838237601
31300921,296,199,97,860865241
30795769,386,251,135,845515355
31803529,382,285,97,876161553
34787449,406,267,139,967466199
32056081,403,282,121,883858439
30301681,263,187,76,830526787
30058921,307,222,85,823172427
31554889,425,293,132,868591175
32302321,359,233,126,891367141
34545361,369,250,119,960028811
33059401,348,263,85,914490479
30797089,366,261,105,845556091
33801289,410,294,116,937200193
33302809,394,295,99,921934765
32794441,240,161,79,906390877
34301569,340,238,102,952543333
31803769,381,239,142,876169749
33547081,366,254,112,929413157
31055929,347,248,99,853417685
34056241,409,296,113,945016119
32550169,343,240,103,898930675
34788889,263,178,85,967511463
30556369,437,300,137,838250207
31301761,301,208,93,860890993
32056369,273,185,88,883866491
30302281,268,168,100,830545513
32303329,321,237,84,891397607
33059569,281,202,79,914494595
34545529,279,203,76,960035753
30059401,279,176,103,823187427
30798049,340,231,109,845585359
33303481,372,257,115,921955825
31554961,281,193,88,868594523
31804441,358,248,110,876189657
34301929,371,250,121,952553119
31056169,278,198,80,853424747
34056481,312,208,104,945023163
34788961,281,185,96,967513677
32794609,295,186,109,906395953
33801721,307,207,100,937213273
32550841,303,200,103,898951447
32304001,284,214,70,891417617
33549049,328,219,109,929473095
33060169,374,245,129,914513435
30556681,230,155,75,838259891
34547641,430,288,142,960099209
31301929,330,214,116,860896525
30302521,379,236,143,830552647
31555969,348,233,115,868624679
33303601,341,259,82,921959263
32058049,307,208,99,883917341
31804609,338,249,89,876195213
30059521,389,276,113,823190619
34302241,319,219,100,952563037
30798121,386,260,126,845587045
31057321,292,185,107,853460621
34057081,526,367,159,945041691
34789441,311,216,95,967527309
32304721,274,182,92,891441643
33060241,277,181,96,914515685
34547809,366,261,105,960104717
32795281,278,186,92,906416269
31302121,291,203,88,860901679
31804921,304,199,105,876204375
33801769,230,159,71,937215547
31557121,323,228,95,868659599
32551201,325,217,108,898962025
30557641,260,179,81,838288787
33549289,348,250,98,929480481
34302601,268,184,84,952574953
30060361,372,268,104,823215351
30302689,389,245,144,830557957
31057681,352,233,119,853471175
32058769,368,252,116,883938847
34057129,351,231,120,945042867
33303649,347,246,101,921960421
34790641,377,263,114,967564311
30798721,399,277,122,845604715
32305561,341,227,114,891465211
33060889,329,240,89,914535629
31302289,285,204,81,860907703
34550041,369,250,119,960171941
31806289,345,236,109,876245121
30060409,383,256,127,823216347
31057849,333,220,113,853476359
34302769,329,242,87,952580905
32795569,258,183,75,906425275
31557241,347,236,111,868663121
30557881,319,222,97,838296737
34057321,267,183,84,945049161
32551801,361,264,97,898980319
33802129,277,195,82,937226551
34791241,459,330,129,967582485
30303001,240,158,82,830568421
33549601,303,209,94,929490555
32305849,305,203,102,891472933
33304681,334,240,94,921992389
33061009,280,189,91,914538893
32059561,328,233,95,883964035
31303729,475,338,137,860949445
34550881,322,222,100,960198599
31806601,306,213,93,876254787
30800281,373,263,110,845653005
31058161,311,211,100,853485815
30061921,307,225,82,823262703
34303369,216,137,79,952598875
34057489,384,276,108,945053889
32306089,300,201,99,891481285
31557649,397,278,119,868675541
33061081,332,218,114,914540963
31303969,320,221,99,860958325
32059609,267,183,84,883965325
30558481,412,277,135,838313591
32795641,332,245,87,906427123
33304849,390,269,121,921997537
32552041,242,170,72,898987885
30306361,368,247,121,830668743
34551001,331,246,85,960202005
33802609,292,206,86,937241047
34791409,284,182,102,967588287
31059121,236,161,75,853514873
33549889,398,282,116,929499225
31807441,248,168,80,876280833
30800449,296,178,118,845657571
30062041,382,287,95,823266231
34303609,351,256,95,952606573
31304281,324,220,104,860967991
32060569,431,299,132,883993747
31557961,381,256,125,868685123
30558889,209,139,70,838326675
32306761,320,221,99,891501265
33061681,215,137,78,914558777
33308641,294,208,86,922112603
34058329,557,372,185,945081231
34551241,284,187,97,960209775
32552881,398,283,115,899014477
30306649,348,238,110,830677149
32796121,492,354,138,906442933
30062761,373,280,93,823288415
31060129,299,205,94,853545359
33803281,310,215,95,937261615
31304401,341,244,97,860971861
31808401,340,222,118,876309403
34792129,356,237,119,967609563
33549961,365,238,127,929500743
30800569,372,262,110,845661489
32060641,314,228,86,883996939
30560041,343,244,99,838361817
32307241,278,186,92,891516313
31558081,284,186,98,868688555
33308809,377,257,120,922118315
30306721,296,213,83,830679099
34304041,379,259,120,952619833
32553361,317,208,109,899029243
34552081,279,190,89,960234621
30063049,353,240,113,823296695
34058641,397,262,135,945091275
33061921,355,220,135,914566151
32796289,325,212,113,906447955
32061121,286,196,90,884010667
31558129,347,245,102,868689851
31304569,302,216,86,860976271
31060681,263,187,76,853562735
30307729,351,232,119,830709855
33309889,431,302,129,922151839
30560161,334,233,101,838365225
33803449,265,194,71,937266445
30801961,291,181,110,845703747
32553649,409,265,144,899037613
31809649,296,212,84,876347993
34304089,346,222,124,952621195
34552249,294,187,107,960239223
32307529,398,278,120,891524161
33550441,237,172,65,929516457
30064129,338,246,92,823329863
34792801,285,193,92,967631607
32061649,292,199,93,884026807
31558321,384,270,114,868695245
34058809,310,218,92,945096495
30309001,430,308,122,830748465
31306081,236,161,75,861022531
33063601,388,263,125,914617935
33310201,469,326,143,922162939
32555209,244,178,66,899085895
31060849,279,185,94,853567403
30064729,378,261,117,823347671
32796409,365,242,123,906451747
34552681,391,281,110,960252435
30561049,318,241,77,838391503
30802489,324,223,101,845719113
31809961,314,226,88,876357941
32308201,291,194,97,891546673
33804241,309,217,92,937289929
32062249,539,374,165,884044963
31558489,357,241,116,868700879
34305769,402,283,119,952672525
33550729,271,188,83,929524101
30309049,278,194,84,830750079
34792921,374,267,107,967634703
31307161,363,243,120,861054301
33310369,246,168,78,922168267
32556001,246,157,89,899109931
31061209,261,184,77,853577903
34059769,484,357,127,945124753
34553089,376,252,124,960265935
30562681,364,261,103,838440883
33065089,340,233,107,914663465
30065281,299,194,105,823364957
32797489,397,263,134,906484975
32062321,344,238,106,884047159
31559161,330,224,106,868721165
30803329,328,213,115,845745891
32308249,314,214,100,891547855
30309241,283,200,83,830755389
31307329,324,228,96,861059341
31810249,319,228,91,876365807
32556049,314,209,105,899111191
31062649,375,275,100,853621769
33804409,400,291,109,937294669
34059841,394,275,119,945126949
34307569,400,289,111,952726627
33551449,355,266,89,929547045
33310561,336,235,101,922174015
34553569,334,237,97,960279957
34793329,341,219,122,967647639
30562729,420,276,144,838442149
30065569,375,261,114,823373153
32063761,353,246,107,884091955
31559641,344,233,111,868736285
30310081,344,221,123,830781207
30803809,263,174,89,845760747
31308841,327,207,120,861106477
33066601,358,227,131,914709521
31063489,325,204,121,853647357
32556409,303,207,96,899122141
32797801,287,198,89,906494743
32308921,368,253,115,891568867
34060009,314,189,125,945132919
31810321,416,271,145,876367595
30065641,299,189,110,823375595
34554361,287,199,88,960305061
32063929,388,262,126,884097661
31559809,327,235,92,868740797
33804481,325,218,107,937296769
30310561,311,220,91,830796339
33552481,284,195,89,929578677
30563089,449,314,135,838452829
34308409,335,257,78,952752829
31309441,298,211,87,861123937
33310729,264,180,84,922178299
31063561,283,177,106,853650447
30805009,295,203,92,845796993
32556721,306,189,117,899131189
34793761,335,237,98,967660563
30066241,450,311,139,823394069
33066721,288,193,95,914713019
34060441,454,319,135,945145753
32798929,251,176,75,906528743
34555201,340,248,92,960330009
30311761,390,262,128,830831347
33553489,349,252,97,929609859
32309281,281,183,98,891578683
31310161,262,181,81,861146005
30564361,301,209,92,838492951
30805681,251,168,83,845817267
31810489,315,224,91,876373697
32556889,325,218,107,899136253
31562281,279,185,94,868816631
31063729,432,319,113,853655067
32064649,342,222,120,884118449
33805081,381,273,108,937316821
30066481,282,200,82,823400741
33311209,343,232,111,922192303
34308961,308,221,87,952770553
34060489,341,247,94,945147217
34794649,325,216,109,967688263
30311929,461,336,125,830836513
34555249,272,180,92,960331629
30564601,295,202,93,838500961
30806689,334,247,87,845848173
33066769,373,263,110,914714435
31310281,301,197,104,861149539
32557009,383,261,122,899139739
32799601,366,247,119,906548537
31562329,424,282,142,868817837
32309449,470,345,125,891583897
31064041,281,194,87,853664991
30067129,239,163,76,823420685
33553969,294,213,81,929624079
31811761,260,172,88,876412469
32065441,360,256,104,884142485
30312409,368,238,130,830850871
34060849,313,216,97,945158185
33312001,263,186,77,922216903
30807001,299,199,100,845857131
34555369,280,186,94,960335319
33805801,322,222,100,937338787
33066961,305,221,84,914720315
34794841,312,233,79,967693597
34309081,284,192,92,952774111
30565081,318,206,112,838514599
32557081,394,265,129,899141845
30067249,282,188,94,823423553
32309881,314,212,102,891597271
31562449,354,242,112,868822085
31310449,334,223,111,861154687
33554641,335,214,121,929644859
32800321,339,237,102,906570221
30807841,254,177,77,845882703
31065241,275,170,105,853701015
30312769,337,237,100,830861611
33312241,293,201,92,922223971
34556209,479,337,142,960360549
31812481,281,198,83,876434687
33067609,252,156,96,914740607
32065489,254,155,99,884144033
34795489,250,172,78,967713541
30068329,371,263,108,823456181
32309929,338,257,81,891598807
34061329,218,153,65,945173605
33805969,379,258,121,937344193
31563001,249,178,71,868837997
30566209,268,188,80,838548877
33554761,341,228,113,929648183
32558089,478,353,125,899173135
34311001,340,241,99,952832779
30808969,318,211,107,845916387
30313081,397,282,115,830871181
31311121,382,280,102,861174145
33312841,323,221,102,922242517
30068641,290,205,85,823466513
33068809,518,356,162,914777891
32800489,373,264,109,906575867
31065721,315,224,91,853715067
34796329,334,226,108,967738717
32310049,376,272,104,891602353
34556449,290,188,102,960368223
31812601,320,217,103,876438527
31564009,334,228,106,868868051
30566881,358,250,108,838568523
34063369,361,245,116,945235381
32066449,379,252,127,884172995
30809521,290,216,74,845933175
33554929,371,261,110,929652791
30313201,286,195,91,830874655
30069601,264,171,93,823495061
33806161,261,190,71,937350157
33069121,357,245,112,914787941
32559361,306,211,95,899211457
32310601,431,283,148,891619261
34311601,327,232,95,952851979
31313041,450,292,158,861233365
31813321,357,250,107,876460247
31564129,324,224,100,868871651
30566929,359,244,115,838569879
33312889,347,248,99,922244071
31065889,409,284,125,853719951
30809689,293,197,96,845938515
32800681,295,207,88,906581801
33555481,352,247,105,929670473
34796449,430,303,127,967742173
30313369,315,212,103,830880367
30069841,356,235,121,823502063
34556881,358,254,104,960381609
34063849,442,292,150,945249619
32066689,555,386,169,884180045
33069241,374,261,113,914791319
32310721,281,192,89,891623515
30567289,302,207,95,838581597
31814161,282,187,95,876485807
31564849,363,250,113,868894949
30809809,362,249,113,845941431
33807841,297,204,93,937401313
32559409,276,197,79,899213275
31313641,489,351,138,861252463
33556009,336,234,102,929685953
30314041,286,186,100,830899555
34311649,284,196,88,952853203
30070489,347,243,104,823521965
31066249,348,239,109,853731021
33313249,374,253,121,922255359
34063969,271,202,69,945253561
33069409,302,221,81,914796263
32801161,360,246,114,906596417
30567601,303,208,95,838590771
32067961,348,258,90,884219783
31814449,414,297,117,876494843
31565041,279,193,86,868901027
34796521,314,229,85,967745155
34557769,237,158,79,960409467
32310961,326,229,97,891630283
33556681,385,267,118,929706173
30314209,240,168,72,830905759
30071161,381,266,115,823542653
30809881,288,198,90,845943579
33808441,412,298,114,937420423
32559529,393,278,115,899216407
31313809,368,249,119,861257695
33069649,415,306,109,914803211
34064521,363,254,109,945270663
31566481,327,213,114,868943815
34311841,321,230,91,952858927
32068369,328,226,102,884232095
31814521,423,283,140,876496667
31066921,301,215,86,853751925
33313921,269,190,79,922275819
30567721,337,228,109,838593663
32801521,271,174,97,906607355
30071689,376,264,112,823558949
32311969,350,237,113,891660493
30314881,292,191,101,830926345
34558441,357,224,133,960428889
34796689,365,250,115,967749145
33808609,306,207,99,937425673
33069961,319,220,99,914812721
33557521,621,419,202,929733611
31567369,311,197,114,868972075
31815169,300,202,98,876516815
30810361,402,276,126,845958285
31067929,338,224,114,853781607
34312441,343,234,109,952877031
34064689,372,255,117,945275679
31314649,451,333,118,861282283
32560201,357,249,108,899236669
30315721,403,281,122,830952193
32312281,202,120,82,891671215
30072001,268,175,93,823568087
32069881,343,231,112,884277611
30567961,343,242,101,838601847
33314089,342,223,119,922280373
34797001,424,286,138,967759261
33808849,483,347,136,937432659
31567729,376,270,106,868983253
32802169,303,196,107,906627671
31068241,284,196,88,853792521
33558841,347,250,97,929773763
34313281,337,215,122,952902411
34558561,407,312,95,960433059
30316441,239,172,67,830974919
34065481,381,259,122,945300621
33070129,299,196,103,914818013
31815841,315,223,92,876538031
30811321,290,203,87,845989173
30072529,325,229,96,823584155
32560369,410,275,135,899241277
32312569,367,247,120,891679459
31315201,295,174,121,861299413
31568041,293,219,74,868992619
34798009,288,200,88,967790407
33809329,344,236,108,937446807
32070481,296,205,91,884295497
33559129,386,263,123,929782433
30568129,282,204,78,838606713
32802361,397,268,129,906632651
30317401,262,189,73,831002879
34314289,266,185,81,952933071
33314401,343,253,90,922289547
31068361,300,210,90,853796361
32560441,330,213,117,899243875
31815961,274,196,78,876541625
30074521,282,189,93,823645357
32313409,439,291,148,891705685
34558609,365,259,106,960434205
30812329,337,228,109,846018345
31569049,315,208,107,869023015
34798681,315,233,82,967811539
34065529,335,232,103,945302001
33070249,370,256,114,914821277
33810001,273,199,74,937467741
31315729,276,177,99,861315519
32802529,384,258,126,906637397
30317569,369,255,114,831007589
33559969,270,181,89,929807525
32070529,299,209,90,884297693
30568801,303,202,101,838627551
32560609,302,206,96,899249167
34314529,497,345,152,952940043
30074809,345,258,87,823653355
31816009,267,171,96,876542825
31068601,276,205,71,853803573
33314521,375,272,103,922292769
31569169,277,184,93,869026261
32314129,296,198,98,891726871
34801321,260,169,91,967892113
30317809,290,187,103,831014663
32802841,326,214,112,906648425
33560689,371,279,92,929829173
33810289,445,307,138,937476009
30813001,475,333,142,846039135
34065649,312,227,85,945305313
34558969,299,199,100,960445185
33070801,198,126,72,914839013
31316209,356,241,115,861330951
32561209,322,220,102,899268823
34314961,344,220,124,952954725
32071561,388,253,135,884328473
31570081,292,193,99,869054471
30569401,261,166,95,838646085
32314489,322,220,102,891737617
30318649,262,170,92,831039821
34801729,398,252,146,967904005
30075049,329,241,88,823660753
31816201,320,212,108,876548927
32803009,278,203,75,906653417
31068769,315,205,110,853807893
33560809,331,230,101,929832785
33315409,295,197,98,922320177
33810961,292,205,87,937496457
32561761,343,246,97,899285233
30813049,345,264,81,846040359
34315201,377,249,128,952961529
32072041,312,220,92,884345399
31570249,291,196,95,869059493
34066321,239,154,85,945325785
30319249,342,235,107,831058835
33071641,288,200,88,914863817
34559449,324,207,117,960460785
31316569,303,218,85,861341019
32314969,239,156,83,891752093
34802041,343,232,111,967913743
30075649,393,282,111,823678453
33560881,297,195,102,929834519
32804041,284,191,93,906684215
30569449,273,181,92,838647429
31817041,310,221,89,876573167
32562289,310,208,102,899301691
31069249,350,235,115,853822011
32072329,305,209,96,884353631
30319321,419,284,135,831060917
33316201,292,201,91,922344757
34316521,334,233,101,953001653
31571569,324,223,101,869099117
32315089,348,249,99,891756281
33811009,360,246,114,937497579
30813841,366,255,111,846064293
30075889,442,325,117,823685599
34802161,276,202,74,967916929
33561361,282,199,83,929849423
32804689,386,267,119,906705011
31316881,306,206,100,861350619
34066729,336,233,103,945337503
33071809,276,186,90,914869565
34559809,282,200,82,960471651
32562601,314,197,117,899310549
30570121,344,254,90,838667265
30319921,269,174,95,831079067
32072401,426,288,138,884356007
31069369,379,263,116,853826001
32316001,244,156,88,891784427
33811369,318,221,97,937508655
34317529,280,194,86,953033327
30076369,344,238,106,823700561
31817881,289,199,90,876598571
31572241,346,247,99,869119433
33562729,368,259,109,929892623
33316369,285,192,93,922349593
34802881,334,222,112,967940461
30814681,366,259,107,846089713
33072001,464,322,142,914874617
30320161,317,209,108,831087053
32562889,342,236,106,899318871
31317049,270,190,80,861356139
32804881,374,227,147,906710759
34560481,290,200,90,960491619
32316769,308,215,93,891808397
30076729,324,238,86,823710701
34067329,309,219,90,945357651
30570481,469,326,143,838677447
34317889,311,216,95,953043881
33811681,361,262,99,937519293
32072881,214,156,58,884370269
31572529,373,252,121,869128043
33563161,393,277,116,929905409
31070089,294,200,94,853847855
34803169,310,212,98,967949233
31818049,344,225,119,876603935
33072649,239,171,68,914894735
32562961,410,284,126,899321265
30815401,325,245,80,846113743
30077401,283,191,92,823731461
33316441,323,218,105,922351873
30321001,327,226,101,831112037
32316841,424,300,124,891810527
34561489,309,196,113,960523865
31572769,412,307,105,869135177
32805049,343,242,101,906715793
34318729,284,193,91,953069927
31317721,325,220,105,861376539
33811801,362,272,90,937522935
33564169,348,249,99,929936513
34803721,264,180,84,967966639
30571129,307,216,91,838698537
34067569,368,250,118,945364257
32073409,257,189,68,884385545
31818889,390,274,116,876629597
31070761,353,238,115,853868903
32564281,311,222,89,899362527
30078241,325,230,95,823757365
33072841,363,254,109,914901197
31574041,330,215,115,869175251
32805361,256,186,70,906725543
34561921,295,214,81,960536483
30815761,359,243,116,846123091
33812209,361,249,112,937535631
34319041,233,164,69,953078915
30321481,304,216,88,831126185
33565009,304,218,86,929962307
33316609,307,217,90,922357099
34803841,389,256,133,967970053
32317321,288,199,89,891825749
30572761,386,257,129,838748553
31318561,279,189,90,861401073
31819561,319,223,96,876649163
34068409,283,188,95,945390075
33073441,344,235,109,914919191
32073721,222,134,88,884395289
31574449,256,172,84,869187575
30078721,312,223,89,823771987
34562089,284,191,93,960541973
31073641,354,236,118,853955045
34319401,317,221,96,953090049
33812641,283,202,81,937547709
32564641,314,233,81,899372661
32806729,386,256,130,906767219
33565681,370,259,111,929982179
30572929,297,212,85,838753137
34804849,339,223,116,968001481
30816361,275,167,108,846141589
30321769,285,202,83,831136205
33317881,292,196,96,922397017
31819729,349,238,111,876654821
32317489,354,250,104,891830153
33073489,338,217,121,914920373
31319521,288,197,91,861430023
31575769,329,223,106,869227313
30079081,372,265,107,823782109
32074249,266,165,101,884411351
34320889,389,270,119,953135685
33812809,389,269,120,937552587
33565729,393,256,137,929983541
30573001,333,227,106,838755447
34069081,386,268,118,945409299
31074289,269,192,77,853975913
32566801,384,271,113,899438859
34562761,313,235,78,960562613
32807209,413,292,121,906781241
31820161,324,215,109,876668441
34805401,306,196,110,968019219
32317609,305,209,96,891833837
30816601,298,212,86,846148903
33074281,308,220,88,914945453
30323521,425,299,126,831188387
30079729,323,223,100,823802371
32074561,254,176,78,884420909
31577401,351,258,93,869277611
34321849,306,203,103,953164695
33566569,268,186,82,930009887
33317929,323,235,88,922398451
31319929,222,165,57,861443643
33813049,302,203,99,937562253
32566921,280,189,91,899442309
30573481,207,143,64,838769727
34564441,379,281,98,960614015
32317849,418,290,128,891840935
34805569,339,241,98,968024043
31074409,256,182,74,853979507
34069561,396,278,118,945424761
33075121,312,208,104,914970091
31820401,392,271,121,876675845
31578409,377,255,122,869307965
33566761,402,278,124,930015275
30324001,334,218,116,831203159
32807881,371,254,117,906801581
34322089,335,238,97,953174917
30817201,359,256,103,846166897
32074681,284,210,74,884424065
30080689,327,229,98,823830877
32567089,265,182,83,899447883
31320769,438,306,132,861468351
32318329,381,262,119,891855959
33318121,278,187,91,922404451
34805689,307,191,116,968027529
31821169,306,204,102,876699479
33075529,334,238,96,914981953
34565521,261,181,80,960646187
30324529,391,259,132,831219863
33813361,298,195,103,937570431
30573649,300,207,93,838774197
33567241,406,268,138,930030209
31074649,294,195,99,853986755
34070689,349,238,111,945459549
32808001,298,206,92,906804977
31579129,412,281,131,869330537
32074849,270,181,89,884430455
30817249,293,209,84,846168409
32567761,417,306,111,899468379
34322401,270,190,80,953184133
30080761,278,184,94,823833283
32319169,318,220,98,891880943
33075841,362,253,109,914991079
30324841,288,196,92,831229427
34565689,304,213,91,960651761
34806241,337,240,97,968044251
33567601,300,196,104,930041525
31321249,324,251,73,861483225
31821721,259,174,85,876715973
30573841,316,216,100,838780125
33318601,313,218,95,922419169
32809009,308,209,99,906836057
33813721,319,220,99,937581135
31075129,346,236,110,854002391
32568169,373,250,123,899480187
32075089,381,260,121,884437283
32319289,546,428,118,891884477
30324961,284,198,86,831232913
31579321,342,245,97,869335631
33075961,292,200,92,914995327
34070761,325,234,91,945461409
34566001,283,213,70,960661079
30818761,348,233,115,846214549
30080929,394,261,133,823838617
33568369,348,236,112,930065303
31822561,214,162,52,876741593
34322521,295,201,94,953187097
30574009,304,212,92,838785393
33814201,361,255,106,937596459
31321441,347,229,118,861488973
34807249,256,154,102,968074863
32569441,333,232,101,899519709
32809729,324,219,105,906857459
32077369,259,178,81,884506871
30325369,336,224,112,831244163
32319841,239,170,69,891900761
33318889,469,330,139,922427551
31075321,275,179,96,854007689
33569281,302,214,88,930092867
31579969,255,178,77,869355023
34567009,260,178,82,960692987
33076129,331,229,102,915000535
30574681,400,282,118,838805979
30819601,345,236,109,846241207
30081241,335,232,103,823848475
34070929,369,259,110,945465549
33814321,353,256,97,937599555
32569489,373,262,111,899520909
34807609,334,224,110,968086521
31822729,237,147,90,876746525
32077921,333,224,109,884524187
32809849,323,218,105,906860831
34322929,340,240,100,953199463
32320201,253,176,77,891911585
31323889,294,210,84,861564339
31580929,375,265,110,869383787
30326041,349,227,122,831264311
33569449,291,196,95,930097439
34567129,309,198,111,960696299
30576289,323,237,86,838855333
31076329,355,239,116,854038073
33320401,286,202,84,922472629
32569609,485,346,139,899524029
33815569,422,321,101,937637901
32078929,290,197,93,884554039
34808089,394,274,120,968100963
33077041,399,277,122,915029107
30819769,365,256,109,846245815
30081361,375,252,123,823851523
31823521,318,220,98,876770207
32809921,274,194,80,906863555
32320801,450,306,144,891930147
31582321,289,190,99,869426657
34071361,327,231,96,945479067
33570049,368,257,111,930116447
31078441,402,286,116,854102057
31323961,299,206,93,861566241
34323241,373,244,129,953208997
30326209,315,215,100,831269687
32570281,302,223,79,899543841
33816241,347,255,92,937658949
30577801,402,278,124,838901371
32079601,235,157,78,884574691
34808929,303,205,98,968126511
33077641,357,250,107,915047287
34567369,326,227,99,960704159
33320569,369,246,123,922478167
32321041,317,220,97,891937947
31823929,444,322,122,876782969
31582489,352,242,110,869431877
30081409,377,278,99,823852981
33570721,387,275,112,930137391
32810689,390,265,125,906886257
30819961,411,280,131,846251989
31079161,344,235,109,854123259
32570449,391,262,129,899549517
33816721,302,201,101,937672707
34073761,356,252,104,945554209
30577969,323,213,110,838905793
31326241,325,218,107,861635109
30326809,421,292,129,831287415
32079769,355,258,97,884579347
33077881,326,224,102,915054343
34323361,299,212,87,953212651
31582609,365,251,114,869435027
32322649,353,257,96,891985737
33571609,358,248,110,930163993
32810761,293,183,110,906888819
31080121,356,261,95,854152617
34809961,449,320,129,968157471
33321121,345,243,102,922496065
31824361,488,335,153,876795679
34567969,368,252,116,960722243
32571169,224,147,77,899572485
30082081,306,228,78,823873087
30820129,386,279,107,846256657
33817081,296,202,94,937684251
30578641,322,233,89,838925863
30328321,303,220,83,831334155
31583281,306,200,106,869455337
32079889,314,218,96,884582767
33078049,306,212,94,915059767
32323321,381,274,107,892006449
34074121,299,185,114,945565597
33571801,372,246,126,930169483
32811601,252,173,79,906915699
31326961,301,220,81,861657081
31081009,278,191,87,854178633
34323529,268,185,83,953218153
30578689,291,212,79,838927237
33817921,234,150,84,937708951
30329161,326,210,116,831358977
30820441,220,150,70,846265561
30082201,387,273,114,823876369
32080801,288,190,98,884610733
31824769,292,200,92,876807451
31583449,326,216,110,869460797
33321289,283,189,94,922501657
32571961,415,296,119,899596665
34810129,383,270,113,968162859
34568881,360,245,115,960751889
33078361,289,183,106,915068887
32323729,480,330,150,892017525
33573121,284,182,102,930209311
32812441,413,297,116,906941991
31081201,315,231,84,854186061
33818401,257,177,80,937725505
30579049,502,344,158,838937281
31327129,300,205,95,861661773
30329209,240,169,71,831360783
34074889,342,235,107,945588349
31583521,374,261,113,869462783
32080969,424,294,130,884616165
34324249,332,223,109,953238895
33079561,265,178,87,915105541
32324161,350,227,123,892031679
30082249,392,262,130,823878127
30820729,321,215,106,846274501
31825369,284,206,78,876826555
31081969,321,223,98,854208399
32812921,381,266,115,906957135
33322321,339,232,107,922532041
32572201,374,247,127,899603409
30580201,285,189,96,838973269
34569049,291,204,87,960756275
34810609,276,186,90,968176737
33818569,334,226,108,937729775
30329329,439,309,130,831364971
33573481,385,278,107,930220873
31584361,509,350,159,869488211
32081281,253,172,81,884625195
31327489,338,226,112,861673455
32324401,272,187,85,892040541
30082441,335,241,94,823884073
34075729,342,236,106,945614263
31082041,254,184,70,854210805
30580321,295,202,93,838976689
32813089,299,205,94,906962775
30820969,292,201,91,846281761
34569361,293,210,83,960766397
33079729,311,225,86,915111613
30329881,394,283,111,831382017
34325041,220,150,70,953264293
33818761,318,219,99,937735265
31826761,332,236,96,876870661
32082121,414,293,121,884650995
32572681,378,259,119,899618277
33323761,250,169,81,922576003
30083041,361,249,112,823903357
32325841,330,214,116,892083495
34810729,492,340,152,968180889
33575089,326,249,77,930270511
31584961,297,212,85,869505385
30582049,269,182,87,839028175
30821569,211,149,62,846299995
31084489,533,384,149,854283945
32813881,249,161,88,906986169
31327921,243,183,60,861687681
33819241,218,135,83,937750733
30330241,419,296,123,831392355
34569481,326,230,96,960769979
34076281,339,229,110,945631189
32082409,295,202,93,884659275
30083089,256,166,90,823904413
33080041,317,213,104,915120763
32325889,305,219,86,892085403
34325089,357,245,112,953265793
31827121,459,305,154,876880189
32573881,375,264,111,899653947
31585369,343,235,108,869518823
30821641,386,274,112,846301783
30582241,443,311,132,839034259
31084561,437,286,151,854286963
33323809,269,189,80,922578379
33576601,362,245,117,930316687
34811641,448,323,125,968208455
33819529,422,296,126,937759055
34569649,235,156,79,960775223
32815441,291,198,93,907033125
30084121,379,242,137,823934905
32083081,307,207,100,884680137
31328761,314,228,86,861712353
30330409,403,295,108,831398595
32326009,284,174,110,892088853
33080209,423,292,131,915125227
32574481,249,176,73,899672589
30822481,478,316,162,846327859
34076641,310,207,103,945642235
31085161,395,265,130,854305167
31585849,244,160,84,869532185
31827769,320,246,74,876900385
34325281,237,156,81,953272513
30084289,271,194,77,823939507
30582841,401,267,134,839052679
33820609,336,235,101,937793477
32083489,318,212,106,884691573
34570369,384,274,110,960796169
33324001,395,259,136,922584361
33081001,380,260,120,915149899
32326729,477,328,149,892109985
30330889,315,219,96,831412413
30823081,361,237,124,846345943
32574649,454,308,146,899677839
33577321,420,312,108,930339775
32815969,239,162,77,907049307
31328809,299,206,93,861713427
34812121,383,267,116,968223527
31086049,295,209,86,854332137
30084721,330,231,99,823953895
33821209,426,305,121,937811561
34078129,460,316,144,945686719
32083801,322,199,123,884702055
31586689,286,180,106,869559083
30331681,281,176,105,831435795
30823249,432,302,130,846350317
34570489,433,318,115,960800513
33081409,248,174,74,915162895
32326849,364,262,102,892114149
31828441,300,220,80,876920617
30583681,350,237,113,839078509
34326049,376,255,121,953295271
32574889,323,215,108,899685297
33324601,340,251,89,922602463
30084889,400,255,145,823958311
31087009,336,237,99,854362029
31329169,351,233,118,861724199
33822601,346,245,101,937853831
32816809,276,167,109,907075245
33578449,296,196,100,930373393
34813969,295,200,95,968281229
30823321,250,180,70,846353095
30331921,188,136,52,831443391
32084641,317,212,105,884727459
34571401,395,288,107,960828743
32327689,285,182,103,892139313
33082009,246,168,78,915180511
32575489,368,257,111,899703237
31586809,383,279,104,869562431
30085129,479,324,155,823965583
34078921,406,283,123,945711373
30583921,237,171,66,839085421
31828561,355,256,99,876923839
31088401,286,202,84,854404593
34326601,385,263,122,953311813
33325009,304,190,114,922614127
30332689,288,199,89,831468489
33822769,382,272,110,937858145
32084761,448,331,117,884730681
30823489,427,291,136,846357697
34572049,326,226,100,960848855
31329769,319,231,88,861742259
33082681,321,223,98,915200437
32818321,367,240,127,907119705
33579121,286,204,82,930394909
30085729,354,250,104,823984225
34814089,306,221,85,968284757
32575561,314,205,109,899706243
32328529,363,244,119,892165473
31088521,390,257,133,854408187
31828609,344,245,99,876925597
31588201,312,209,103,869605859
30333241,230,160,70,831483917
30585241,347,239,108,839126215
30823921,433,301,132,846371359
33823129,396,270,126,937868927
32084929,373,251,122,884736477
34078969,387,280,107,945712825
34327441,281,190,91,953337511
33082729,372,258,114,915202039
33325441,389,276,113,922628077
34573081,302,189,113,960879389
32576041,267,193,74,899720943
30087121,253,170,83,824025973
31330441,289,188,101,861763037
31089601,249,150,99,854441013
34814809,279,206,73,968307689
31829449,328,219,109,876950065
30333529,423,311,112,831492443
32818921,455,282,173,907139211
30824161,260,185,75,846378043
33579841,223,147,76,930416917
32085481,377,237,140,884753679
32331121,301,212,89,892244989
33823969,293,193,100,937895567
30585769,265,187,78,839142697
31588321,382,276,106,869609273
33082849,337,234,103,915206539
30087961,289,204,85,824051635
34573921,447,310,137,960905921
32576161,325,214,111,899724243
34079329,334,230,104,945725167
34327609,337,239,98,953342911
30334081,382,263,119,831510305
33325609,389,269,120,922633101
34815481,326,217,109,968328797
30824329,511,347,164,846383179
31829569,370,247,123,876954577
31330489,248,167,81,861764291
31090921,290,192,98,854480871
33824281,343,243,100,937904963
32819089,378,275,103,907144527
32085649,353,244,109,884758101
33579961,393,273,120,930419863
32331289,368,239,129,892249777
33083521,300,208,92,915226867
30335281,365,253,112,831546749
34574401,201,149,52,960921485
30824929,365,259,106,846401399
30088129,233,160,73,824056741
30586921,333,223,110,839177923
32576209,359,238,121,899725503
31830121,325,204,121,876971857
31588369,426,277,149,869610935
34815769,266,188,78,968338175
33326281,356,241,115,922653543
34079641,339,230,109,945734353
34328401,390,266,124,953367181
33824569,230,172,58,937913555
31330681,337,221,116,861770285
31091209,472,347,125,854489229
32331889,423,303,120,892268395
33083929,327,225,102,915240487
30825001,359,254,105,846403391
33580801,221,150,71,930446353
31830481,334,231,103,876981811
31588561,222,155,67,869617445
30335881,298,213,85,831564059
32819641,374,244,130,907160829
34816489,348,251,97,968359277
34574689,354,264,90,960930353
32086321,286,207,79,884779425
32576569,213,135,78,899737575
30088489,351,240,111,824067787
30587281,354,222,132,839187985
33327169,352,253,99,922680741
33824809,508,351,157,937921799
30825601,290,204,86,846421733
33084361,364,258,106,915253003
34079761,279,197,82,945738523
33580849,280,186,94,930447427
34328809,378,255,123,953379409
31589329,316,222,94,869639819
30088801,289,193,96,824076955
31331161,227,152,75,861784835
31091449,411,282,129,854496285
34575241,305,212,93,960946199
32576881,324,213,111,899747115
32332441,321,217,104,892285687
34816609,354,224,130,968362799
31830961,438,296,142,876996157
30336049,423,309,114,831569381
33327961,334,221,113,922704903
32819929,383,265,118,907170183
32086489,389,267,122,884784447
33825409,329,218,111,937940309
30587449,357,248,109,839192719
30825649,301,201,100,846423617
33581209,331,224,107,930457861
33086089,253,182,71,915305609
31589401,287,201,86,869642201
30088969,348,236,112,824081413
32577169,243,163,80,899755371
34575361,383,254,129,960950261
34817521,342,251,91,968390423
31092601,317,217,100,854532479
34079809,335,233,102,945739477
34329241,320,225,95,953392277
31831321,370,254,116,877007479
31332001,301,196,105,861811101
30336289,287,185,102,831576317
32332609,298,190,108,892290817
32820769,327,221,106,907195125
32086609,305,192,113,884788977
30826441,267,181,86,846447521
33328201,220,152,68,922712187
31590241,268,181,87,869668457
33581521,286,195,91,930468145
30587881,321,196,125,839206675
33826321,283,191,92,937967511
33086281,503,347,156,915310877
34818169,351,234,117,968410313
30337441,324,225,99,831611929
31333009,431,311,120,861840435
32577241,360,238,122,899757555
30089089,340,248,92,824084761
34575529,486,331,155,960955295
32333401,244,162,82,892315033
30826489,279,194,85,846448613
31831489,293,203,90,877012585
32087161,336,232,104,884805753
31092889,298,195,103,854540177
34329481,398,272,126,953399651
31590841,343,211,132,869686367
34080001,286,195,91,945745381
33582529,374,276,98,930498493
32822281,315,233,82,907241789
30337609,284,184,100,831617215
33329641,326,227,99,922756683
30588121,349,237,112,839213899
31333201,238,158,80,861846921
30826849,276,181,95,846459479
34819801,281,197,84,968461275
32333641,387,277,110,892321981
34576609,410,273,137,960989495
33086761,362,241,121,915325823
33826489,318,221,97,937972845
31591009,376,277,99,869691305
30089329,263,180,83,824092093
34330249,305,212,93,953424041
32577889,348,234,114,899776707
33582721,364,251,113,930504073
31832641,312,225,87,877048955
32823121,366,262,104,907266995
32087329,318,200,118,884810163
31093609,404,280,124,854561591
30337729,335,225,110,831620377
31333969,374,283,91,861870513
34080169,405,287,118,945750307
30827161,263,180,83,846470005
32333809,366,235,131,892327123
34577281,291,205,86,961009217
33087889,356,235,121,915359645
30588601,314,216,98,839228389
31591249,365,235,130,869697875
33330049,298,196,102,922769169
33583321,275,187,88,930523069
34819969,333,227,106,968466279
32823361,284,187,97,907274963
34330801,288,193,95,953441039
30089641,279,197,82,824101705
31832761,253,169,84,877052225
33827929,292,224,68,938016057
30338809,413,294,119,831652425
31334041,281,198,83,861872997
32578921,352,234,118,899808691
32088961,362,255,107,884859663
31093729,399,269,130,854564975
32334961,343,245,98,892362379
33088609,344,227,117,915382109
30828001,377,255,122,846494755
34577449,273,185,88,961014869
33583729,334,233,101,930536413
34080601,204,149,55,945763477
32823961,246,167,79,907292585
34820209,358,247,111,968473419
30589129,373,261,112,839244433
31592761,370,255,115,869743877
31832929,267,195,72,877058111
31335481,313,207,106,861916521
33330529,321,219,102,922783707
34330921,229,168,61,953444501
32089201,221,144,77,884868177
30090001,406,291,115,824112685
32335081,290,223,67,892365943
30339961,359,257,102,831687927
33828001,317,217,100,938018049
32579401,280,194,86,899823679
34578601,388,256,132,961048807
31094281,269,181,88,854582459
33088969,307,215,92,915393527
33584569,354,252,102,930561049
31594081,312,215,97,869785193
31833601,398,276,122,877078175
32826049,299,199,100,907356371
30828121,336,231,105,846497551
31335721,414,284,130,861923577
34331161,344,238,106,953451557
30590449,453,320,133,839283193
34080649,259,192,67,945765151
32335801,277,178,99,892387285
32089801,351,228,123,884885505
34822201,379,268,111,968533881
32579929,416,278,138,899839393
33331201,297,219,78,922804053
30091489,292,196,96,824158813
30340081,410,289,121,831690933
34578769,288,187,101,961053865
33585001,388,270,118,930573385
30828529,335,229,106,846509833
31336561,243,174,69,861949233
33828601,351,238,113,938037003
31594609,452,327,125,869801801
31094449,368,239,129,854587673
34331641,309,200,109,953465675
33089281,260,173,87,915402383
32089969,305,223,82,884889981
31835449,383,247,136,877134287
32826481,397,270,127,907369535
32335969,380,257,123,892392415
32581249,267,181,86,899880055
30590641,280,171,109,839289031
30340249,274,175,99,831695655
34823161,462,331,131,968562981
30828841,314,212,102,846520339
33585241,445,305,140,930581407
31337041,347,237,110,861962541
34081321,326,202,124,945785511
34578889,300,207,93,961056427
30091681,319,214,105,824164519
33331489,289,194,95,922812291
32090809,290,213,77,884916285
34331929,311,223,88,953474015
32336089,420,276,144,892396153
33089401,305,201,104,915406853
31595209,435,323,112,869819993
32826649,297,214,83,907375121
31095121,280,201,79,854609725
33829009,348,220,128,938049597
30340489,417,283,134,831703545
30829129,294,220,74,846528247
31836361,434,291,143,877162319
33586249,220,152,68,930611701
34579969,455,292,163,961090141
32581369,297,209,88,899883953
34823329,363,249,114,968569035
30592249,300,203,97,839339161
32090881,265,174,91,884918271
31337209,418,290,128,861967137
30093121,299,208,91,824207899
32336761,348,241,107,892417093
34081441,353,271,82,945789087
34333009,327,210,117,953508173
32827369,344,243,101,907397129
31096801,336,233,103,854660665
30340969,324,236,88,831718389
30829969,302,207,95,846554431
33332569,360,244,116,922844973
33586681,462,323,139,930624217
31595881,313,209,104,869839865
33089569,376,269,107,915411221
34582969,310,200,110,961183645
33829321,280,207,73,938059419
34824241,349,218,131,968596461
32092201,317,199,118,884958627
31836841,326,244,82,877177289
30592321,283,203,80,839341039
31096921,332,221,111,854664037
32581441,252,172,80,899886071
30341089,235,157,78,831721317
32828209,461,314,147,907422095
34334161,295,205,90,953543789
30095041,305,206,99,824265709
30830209,331,232,99,846562243
32336929,283,194,89,892422855
31337329,255,178,77,861970797
34082281,341,231,110,945814003
33586921,291,189,102,930631669
34583161,466,310,156,961188781
33332881,276,193,83,922855239
32092369,243,149,94,884963907
30341161,401,288,113,831723525
30830881,256,183,73,846582373
31595929,302,194,108,869842175
31099009,434,328,106,854727121
32828569,349,253,96,907432787
31837009,271,184,87,877181975
33089809,311,206,105,915418901
34334281,429,291,138,953547251
32582449,284,189,95,899915285
33830449,287,196,91,938094669
30593929,334,241,93,839390155
34824409,421,289,132,968601699
30097201,335,241,94,824332515
32337169,395,275,120,892430145
33587089,440,295,145,930637081
31337881,317,221,96,861989889
34583761,292,197,95,961207117
32092561,245,180,65,884969367
30341329,357,254,103,831728583
30831481,310,213,97,846600313
31099609,298,193,105,854746003
34082329,328,219,109,945815779
31837849,358,253,105,877208831
34334689,301,202,99,953559401
33333241,453,328,125,922865439
31596049,248,171,77,869845781
32583049,307,219,88,899934443
32830249,377,252,125,907485863
33091081,309,195,114,915458483
33587401,274,182,92,930647319
32093041,424,294,130,884983407
34584601,358,251,107,961232351
30594601,293,190,103,839410411
30341809,283,189,94,831742545
33830521,473,361,112,938096457
30098401,419,297,122,824368317
31100281,237,161,76,854765551
34825249,367,264,103,968627691
32338609,321,227,94,892474911
34082689,286,182,104,945826669
31338721,365,230,135,862015059
30831529,297,215,82,846601963
34336009,393,265,128,953599829
31838041,237,159,78,877213847
31596121,428,302,126,869847401
32583289,388,274,114,899941271
33587761,256,189,67,930658575
30341929,435,296,139,831746397
32830849,325,229,96,907503893
32093329,228,167,61,884993409
31100449,344,260,84,854771071
33334921,274,200,74,922917939
34585321,323,204,119,961255781
30099001,270,181,89,824386365
33091249,311,216,95,915463505
30595321,236,165,71,839432707
31596769,289,187,102,869866433
34336201,328,207,121,953606021
33831121,351,260,91,938115123
34083001,365,249,116,945835675
32338849,276,191,85,892481577
31339249,463,332,131,862031043
30832201,324,231,93,846622361
34825561,338,227,111,968637669
30342001,513,344,169,831748677
32583601,309,216,93,899951261
32830921,348,249,99,907505885
31838689,280,186,94,877232687
32094169,367,251,116,885017619
31100689,385,257,128,854777689
34585609,303,216,87,961264169
30099409,452,296,156,824398335
33335089,420,305,115,922923171
33589201,296,204,92,930702513
31596889,271,180,91,869870279
34336681,366,243,123,953620271
30596281,231,160,71,839461765
30343609,283,195,88,831799187
33091321,340,226,114,915466073
32831401,252,169,83,907519961
32094721,275,194,81,885036015
31101121,336,230,106,854791699
34826089,278,182,96,968653851
31339681,403,288,115,862044009
32584561,294,200,94,899980553
30099721,307,219,88,824407509
30833329,405,267,138,846655373
33831289,431,320,111,938120313
32339521,304,202,102,892501785
34083289,329,232,97,945844921
33335689,274,187,87,922941357
34586281,262,195,67,961285637
31838809,373,257,116,877236725
30343849,350,222,128,831805361
31597129,323,211,112,869878055
31101289,443,303,140,854796301
33589609,292,200,92,930715113
33091489,393,273,120,915470987
32831761,309,195,114,907530737
34826401,263,178,85,968664489
34336849,339,233,106,953625281
30597289,404,297,107,839491357
32584729,276,206,70,899985383
33336409,346,242,104,922963251
32095249,439,326,113,885052755
34587121,474,321,153,961311125
30099841,329,245,84,824411529
31339921,377,284,93,862051017
30834241,296,202,94,846684257
30344161,244,158,86,831815765
32340289,355,258,97,892524099
33833209,289,214,75,938179305
31101529,398,288,110,854803099
31597729,276,192,84,869896349
34084009,365,270,95,945866641
31840321,348,246,102,877282453
32832409,298,203,95,907551257
33091921,243,161,82,915484247
34336969,345,251,94,953628797
33336529,471,331,140,922967103
32584969,333,214,119,899992271
34826521,316,225,91,968667777
34587361,351,244,107,961318253
33589921,286,202,84,930725085
30598129,250,176,74,839517457
30344449,359,248,111,831824351
31597801,289,199,90,869898347
31340689,377,247,130,862075263
32095561,230,158,72,885061653
30100249,375,272,103,824423979
32340961,297,189,108,892544883
30834409,366,252,114,846688697
31102369,366,238,128,854829817
32832769,399,280,119,907560875
33091969,272,182,90,915485585
33833521,432,299,133,938188341
33336601,297,199,98,922969209
32585281,280,176,104,900001991
31840489,368,257,111,877288063
34084801,277,189,88,945891265
34587529,387,266,121,961323065
30345169,347,239,108,831845903
34337041,439,299,140,953630807
30598681,300,208,92,839534017
34826929,255,176,79,968679261
31598401,347,230,117,869915693
32341681,313,214,99,892567407
31340761,357,239,118,862077393
33590209,370,255,115,930733611
32096089,240,175,65,885077389
32833201,374,234,140,907574601
30100849,238,169,69,824441997
31102801,300,219,81,854843017
33092329,368,231,137,915496025
33336769,359,236,123,922975653
30835681,477,322,155,846727799
30345361,330,215,115,831850823
34588129,279,192,87,961342409
30599521,411,288,123,839558605
34337881,282,199,83,953657639
31841209,365,274,91,877308661
32585401,267,184,83,900005753
33833641,418,292,126,938192439
32342881,324,216,108,892603965
34084849,500,341,159,945893011
31340929,231,145,86,862082277
33590449,397,248,149,930740943
32834449,373,262,111,907613811
31598449,300,220,80,869917943
33337081,317,234,83,922984665
34827769,334,216,118,968705715
33092641,301,197,104,915505853
32096761,362,245,117,885097003
30599641,332,219,113,839562205
30101521,359,249,110,824462169
31103641,317,217,100,854867635
34589641,402,288,114,961388525
34339729,390,276,114,953714017
31841401,376,264,112,877315675
30836401,326,231,95,846750173
30346009,287,201,86,831870785
32343049,358,257,101,892609155
31341361,361,248,113,862095717
33591049,341,227,114,930759981
32835289,395,277,118,907638627
32585809,266,197,69,900018293
33833809,238,152,86,938198499
33337441,309,220,89,922995303
33092809,358,247,111,915510461
31599649,333,233,100,869953595
34084969,381,284,97,945896761
34589689,437,292,145,961390403
34340041,307,219,88,953723887
30346969,383,255,128,831900479
31104049,364,245,119,854880929
31841881,370,244,126,877329355
30101689,430,316,114,824468793
32343721,386,253,133,892628723
30599809,346,279,67,839568037
32096929,539,396,143,885101779
34828369,313,206,107,968722967
31341769,353,239,114,862107783
30836569,244,168,76,846755015
33338089,234,154,80,923015913
32586481,279,191,88,900039503
33093001,355,243,112,915515669
30347209,376,257,119,831906755
31600801,320,217,103,869990051
34340569,350,239,111,953740435
31104361,337,243,94,854889905
33833881,290,195,95,938200095
34590889,359,267,92,961426061
32835601,278,208,70,907648491
33591289,364,240,124,930767277
30102361,364,242,122,824488511
31842001,364,232,132,877333435
32344561,369,265,104,892654685
31342369,252,173,79,862125549
34085209,339,230,109,945903505
30601369,375,264,111,839615035
32098249,271,189,82,885144487
30836761,298,212,86,846760577
34828609,400,274,126,968730605
32587081,338,239,99,900057689
30347521,326,223,103,831917003
31600969,267,177,90,869994725
30103081,364,257,107,824509307
34340881,268,167,101,953749549
34591321,339,262,77,961439885
31104529,337,220,117,854894945
31842409,232,162,70,877345933
31344121,424,292,132,862179219
33339049,453,320,133,923044791
33094489,431,316,115,915563339
32345569,215,147,68,892686479
32835769,387,271,116,907653951
33834529,298,209,89,938219541
33591721,316,212,104,930780789
30601729,344,248,96,839626357
30347689,422,278,144,831921461
31601809,392,261,131,870021155
32587801,261,186,75,900080045
30103441,288,215,73,824520227
34085521,408,280,128,945913573
31104649,276,202,74,854898269
34341049,395,280,115,953754157
32098369,289,197,92,885147823
31842721,210,136,74,877355923
30837409,355,246,109,846779393
31345441,315,214,101,862218855
34828921,309,214,95,968741507
32346169,282,201,81,892704233
30602161,395,277,118,839638879
34592209,289,202,87,961467977
30349729,380,284,96,831983855
33591769,257,155,102,930782043
33339769,288,213,75,923066145
30103609,389,258,131,824525561
31602481,295,194,101,870040877
32587921,271,182,89,900083123
33094609,291,196,95,915567641
32835889,262,174,88,907657329
31843081,364,238,126,877366009
33836041,309,213,96,938265339
34341409,308,219,89,953766007
31345609,291,216,75,862223883
31104889,394,273,121,854904965
34085809,346,231,115,945923155
32346241,315,213,102,892705997
30838081,301,222,79,846799853
30602881,268,181,87,839660893
32099209,278,178,100,885171877
30350329,284,190,94,832002185
30104089,362,251,111,824539925
33592129,356,253,103,930792897
32589481,322,214,108,900130541
31603009,348,241,107,870056807
34829281,271,176,95,968752427
31843249,302,194,108,877371169
33340561,269,189,80,923090337
33094681,323,215,108,915569777
34593049,324,204,120,961493285
33836401,240,165,75,938276535
34341889,340,217,123,953780107
31105201,252,161,91,854915321
32838409,313,217,96,907735261
30603049,384,253,131,839665395
32347561,429,303,126,892747127
31345969,350,252,98,862234857
33594241,357,258,99,930857457
32589841,316,221,95,900141479
30838369,270,196,74,846808577
30104281,274,193,81,824546147
34086721,322,220,102,945951019
32100121,284,192,92,885200087
30351169,304,205,99,832027151
33837049,278,190,88,938296041
34342249,447,320,127,953791129
31603489,367,246,121,870071027
33094849,499,359,140,915574535
31843561,261,174,87,877381771
30605089,387,271,116,839729421
34593721,381,265,116,961514897
31105561,333,222,111,854925995
33340729,423,294,129,923094855
32839129,313,224,89,907757671
32347921,289,202,87,892758821
34829449,431,293,138,968756807
33595129,361,232,129,930884877
32590321,270,170,100,900155627
31346449,288,204,84,862249209
33837409,495,344,151,938306931
34342729,306,205,101,953806873
30104449,321,213,108,824551583
31603609,451,308,143,870074597
30838441,314,220,94,846810713
30352681,374,267,107,832074041
31106041,329,240,89,854940701
33095281,367,259,108,915587117
32839321,396,298,98,907763125
32100961,362,249,113,885224543
32348521,366,244,122,892776083
34086889,335,214,121,945955765
30605521,317,204,113,839741427
33595321,396,272,124,930890865
31843729,290,206,84,877386129
34594009,393,271,122,961523135
33340969,271,189,82,923102277
34829929,303,214,89,968771693
33838561,291,203,88,938343807
34342921,452,331,121,953811841
31603681,320,220,100,870077099
30104761,384,271,113,824560889
32839969,376,245,131,907783339
31107721,300,186,114,854991365
32348689,345,234,111,892781195
31346569,400,262,138,862252647
32592121,380,246,134,900211157
30838609,439,304,135,846816773
30605569,402,282,120,839742897
30354241,324,205,119,832120853
33595489,354,243,111,930896241
33095329,320,228,92,915588635
32101801,294,197,97,885251557
34594081,360,259,101,961525163
34087561,413,284,129,945976777
31843849,357,255,102,877389561
31604281,329,221,108,870094547
33838729,380,263,117,938348127
34343521,263,189,74,953831149
30105601,209,140,69,824586797
31108729,318,222,96,855022609
32840641,315,220,95,907803571
33341281,295,205,90,923111799
32592289,417,287,130,900216635
34830721,273,186,87,968795693
33595921,387,270,117,930910011
31347241,387,267,120,862274337
32349601,362,279,83,892808405
30606529,381,267,114,839772249
31844401,252,170,82,877406979
30839089,326,223,103,846831347
30354361,381,274,107,832125773
31604689,381,262,119,870107117
30105769,307,201,106,824591471
33839521,276,183,93,938373573
34343929,223,145,78,953843209
32840809,305,203,102,907808425
33096169,444,304,140,915613997
32102281,267,175,92,885266305
31109401,306,210,96,855042193
34594249,462,317,145,961530161
34088161,354,238,116,945995161
33596809,313,239,74,930936465
32592841,281,198,83,900234401
33341449,330,246,84,923116761
30606769,379,290,89,839779245
31845529,222,163,59,877441485
31605001,347,252,95,870117659
30839929,460,336,124,846856241
31347649,309,215,94,862286257
33839761,347,243,104,938380839
34830889,372,249,123,968800667
32102401,282,191,91,885269281
31109521,291,203,88,855045691
32350249,367,266,101,892827989
30106729,316,209,107,824619659
30354769,343,230,113,832137215
33096529,348,213,135,915624467
32841001,328,226,102,907814545
34344241,311,210,101,953853577
32593201,291,207,84,900244589
34594561,232,161,71,961540171
31845601,469,341,128,877443255
30607201,280,205,75,839793315
33596929,310,209,101,930939477
30841561,290,190,100,846907007
31605169,339,226,113,870121787
34088209,391,272,119,945996931
32103121,359,240,119,885291529
31109761,270,179,91,855053029
30106801,335,226,109,824621159
33096961,418,296,122,915638393
33342121,325,223,102,923138977
31355521,326,237,89,862526307
30355201,336,239,97,832150415
32352601,388,266,122,892900085
33840409,317,214,103,938400615
32593849,387,257,130,900263753
34344361,300,204,96,953857591
34831609,377,262,115,968822957
31846081,325,217,108,877458237
30841969,279,193,86,846918551
30607249,350,245,105,839794371
32842009,331,225,106,907844425
31605361,376,269,107,870128459
32103649,328,234,94,885307853
30106969,456,315,141,824626805
31110241,384,294,90,855068611
34595089,243,153,90,961556047
33097201,357,255,102,915645851
33597001,278,208,70,930941709
34088881,350,252,98,946018087
32595529,301,185,116,900315489
31846201,286,200,86,877462575
34346041,339,247,92,953908983
30842809,365,250,115,846943719
30607609,467,312,155,839805401
33342241,256,172,84,923142139
31606369,475,344,131,870158553
31355689,294,205,89,862531233
30355249,321,230,91,832151909
32104801,283,191,92,885343133
34831801,239,158,81,968828981
32352889,427,294,133,892908869
30107281,284,203,81,824636471
33840769,299,202,97,938410587
31110361,331,224,107,855071949
33097369,331,230,101,915650927
32842441,325,234,91,907857565
32596321,372,274,98,900339111
30843409,260,178,82,846961335
31846249,334,228,106,877464021
30607921,269,181,88,839814479
34595569,369,265,104,961570773
31606681,306,204,102,870167871
34346089,374,280,94,953910513
33597649,357,255,102,930961929
32104921,284,203,81,885346661
34090249,360,256,104,946059847
31355809,274,197,77,862534611
34832641,347,244,103,968854355
33342481,452,298,154,923149483
33097681,256,191,65,915661349
30356089,290,196,94,832177217
31110601,308,203,105,855078249
30107569,288,196,92,824645483
32353609,351,247,104,892931415
32596489,341,234,107,900344811
30843649,341,246,95,846969861
31846369,332,220,112,877467621
33841201,252,171,81,938423649
31607689,261,171,90,870198833
30608089,445,304,141,839819885
32844121,473,324,149,907908589
34596769,296,205,91,961607963
32105329,359,243,116,885358865
34347121,346,249,97,953941985
31110769,363,245,118,855082941
33097849,279,195,84,915665459
31355881,368,265,103,862536465
33597841,362,265,97,930967095
30844249,454,319,135,846987633
32597161,220,151,69,900365757
34090561,335,232,103,946069249
31846921,347,236,111,877483701
30356449,305,218,87,832187849
34833121,288,204,84,968869559
30109969,354,247,107,824718105
33343489,371,258,113,923180341
32105761,349,251,98,885372503
34597201,336,239,97,961619669
32353969,377,266,111,892942371
31608481,356,240,116,870222623
30608209,294,200,94,839823419
32846881,251,185,66,907993081
33841609,343,214,129,938437509
31356049,354,242,112,862541619
33097969,334,235,99,915668573
31111369,288,178,110,855101979
34347601,294,230,64,953956913
30845329,285,192,93,847020489
30356929,313,229,84,832201967
31847449,411,299,112,877500057
34834321,340,232,108,968906587
32597209,298,184,114,900367017
34597369,305,189,116,961626299
33598489,354,249,105,930987639
30110089,317,207,110,824721963
34091401,321,226,95,946095037
32106169,351,246,105,885384809
31111609,354,238,116,855109077
33344161,400,272,128,923200399
30846601,332,235,97,847059189
30357721,298,196,102,832226631
33098041,416,290,126,915670691
32354449,274,182,92,892957131
31356361,338,233,105,862550787
31608529,364,258,106,870224543
32847049,298,202,96,907997965
31848049,276,177,99,877518375
30609289,366,240,126,839856005
34347889,296,197,99,953964815
33842881,350,238,112,938474901
34835161,256,173,83,968932927
32597329,389,272,117,900370011
34597441,358,238,120,961628123
30110161,289,206,83,824724135
30357961,302,207,95,832233459
31112209,368,253,115,855127995
30848161,344,254,90,847105765
33098641,253,169,84,915688811
30609769,408,295,113,839870321
33599281,310,210,100,931012269
34091521,297,205,92,946098745
34347961,425,302,123,953966831
32106769,370,253,117,885404009
33344329,331,231,100,923206429
31608721,329,212,117,870230081
34835929,426,285,141,968956495
31356529,352,238,114,862556295
32355241,281,189,92,892982193
31848121,451,315,136,877520403
32847361,325,230,95,908007769
34597921,336,241,95,961643873
32597401,328,220,108,900372831
30110329,408,299,109,824729103
30358441,288,187,101,832247445
30849001,381,272,109,847131739
31112281,355,244,111,855129975
33843961,321,228,93,938509671
30609889,457,331,126,839873933
33098809,405,289,116,915694301
34350289,396,267,129,954038981
32107489,340,227,113,885425291
33344929,374,257,117,923225437
31609561,269,194,75,870256215
34836001,348,230,118,968958409
33599521,359,252,107,931020723
30359281,271,177,94,832273089
34091569,337,236,101,946099855
30850009,307,211,96,847162207
30110809,276,196,80,824742153
31848961,320,219,101,877545699
31357321,345,234,111,862580271
31112929,288,190,98,855149739
32356801,335,212,123,893028939
32598409,298,211,87,900404973
32847649,406,280,126,908016031
33099529,269,196,73,915717263
33845281,322,224,98,938549175
34598929,280,187,93,961674233
34350409,330,238,92,954042527
30609961,587,392,195,839875901
31610569,282,185,97,870285681
33345649,323,231,92,923247205
30359401,376,249,127,832276731
30851521,309,217,92,847208863
30111649,378,255,123,824768415
31850281,251,168,83,877586307
32107681,311,215,96,885430907
33099721,355,248,107,915723335
32599921,339,223,116,900450159
33600289,388,266,122,931043085
34836649,303,208,95,968979259
31113289,253,178,75,855160419
31357489,361,275,86,862585647
34599601,327,235,92,961693403
34091929,328,239,89,946111087
32357089,349,248,101,893038449
31611049,428,298,130,870300213
30359809,356,255,101,832289211
30851641,338,243,95,847212535
32848201,349,255,94,908033317
33845401,310,205,105,938552595
33345841,232,161,71,923252725
30610561,370,239,131,839893523
34351249,270,169,101,954068783
30111769,338,237,101,824772261
31850449,382,271,111,877591035
32600569,329,219,110,900470115
31113769,375,273,102,855174849
33100321,369,246,123,915741569
34837441,311,218,93,969002557
31611841,335,228,107,870325449
32109001,303,211,92,885471779
31358161,322,209,113,862605777
30361129,382,263,119,832329097
34599769,264,176,88,961699103
30852529,352,238,114,847240759
33601201,320,218,102,931071477
34093441,408,283,125,946157209
32357329,201,137,64,893045697
32848729,274,177,97,908049313
30111841,348,237,111,824774241
31850569,358,260,98,877595179
31113889,286,192,94,855178731
30611281,273,180,93,839916719
33101041,370,257,113,915763625
32600761,340,236,104,900476487
33347329,371,262,109,923298337
33846121,341,221,120,938575833
31612081,383,272,111,870332193
30361249,420,305,115,832332709
34352161,327,234,93,954095873
34837489,316,215,101,969004291
31358401,501,342,159,862612869
30852649,431,321,110,847243963
31851121,321,217,104,877611457
32109841,363,251,112,885497027
30112441,306,224,82,824793033
31114441,260,184,76,855195949
34600561,332,229,103,961723547
30611401,385,274,111,839920205
33101161,277,188,89,915766853
33601801,313,213,100,931089675
32849041,260,179,81,908058679
30361321,269,183,86,832335727
31359001,370,256,114,862630629
32358649,307,209,98,893085729
34095289,402,282,120,946213651
34838281,327,227,100,969029005
33347689,285,215,70,923309167
31612729,283,200,83,870352935
32600929,271,167,104,900481299
34353841,283,195,88,954146723
33846649,362,259,103,938590965
30853729,288,198,90,847276207
31851241,409,302,107,877614973
32110009,246,174,72,885502319
31115401,302,204,98,855224521
33102049,378,273,105,915794045
30362161,288,196,92,832360837
31359721,368,225,143,862653111
30113329,219,159,60,824819955
32849161,302,211,91,908063593
30611809,411,298,113,839932079
33348961,387,265,122,923348467
34838329,331,226,105,969030541
33601849,449,291,158,931090803
34601449,305,209,96,961750175
31613401,302,210,92,870373473
32601769,388,251,137,900506823
31852129,222,137,85,877642669
32358841,310,224,86,893091375
32110129,362,259,103,885506153
31115449,312,222,90,855226009
34354681,294,195,99,954174493
34095769,358,243,115,946229431
30854401,338,229,109,847296055
31359841,503,359,144,862656369
33847249,511,384,127,938609337
30363169,269,191,78,832392037
30612649,265,169,96,839958107
33102409,392,286,106,915804665
33349369,350,240,110,923360383
30114001,364,248,116,824839407
31852321,335,240,95,877647553
32849209,334,225,109,908064673
34839169,368,243,125,969056419
32111041,334,220,114,885533357
31115641,432,294,138,855231631
31614601,414,285,129,870409011
34603081,395,290,105,961801319
32603089,317,211,106,900546915
33602641,308,215,93,931115385
30855049,279,178,101,847316317
31361401,345,230,115,862705617
32359609,423,292,131,893114931
34354849,293,194,99,954179383
34097449,254,178,76,946280547
30613129,317,203,114,839972105
33350689,321,231,90,923400919
32111689,350,245,105,885553301
31852969,260,174,86,877668457
30363481,308,210,98,832400743
33847921,357,243,114,938628951
31116289,336,224,112,855251377
30114121,342,227,115,824843985
34603321,191,130,61,961809695
33603049,301,208,93,931127331
30855889,329,226,103,847341595
33102721,320,224,96,915814355
31361521,250,171,79,862708713
30613249,315,229,86,839975891
32849329,444,315,129,908067517
34355281,294,192,102,954191953
31614769,321,217,104,870413985
34840849,331,225,106,969108079
32603209,302,195,107,900550281
33350809,402,287,115,923404669
32112049,317,235,82,885564221
32359849,287,205,82,893122125
34097641,362,248,114,946286013
31853641,363,273,90,877688935
31117081,302,193,109,855275089
30856249,353,250,103,847353085
31362241,262,191,71,862730259
33603481,371,251,120,931140345
30363769,329,223,106,832409629
30115009,250,169,81,824870031
34603801,346,247,99,961825289
30613321,390,280,110,839977397
33848161,299,210,89,938636823
34355329,393,278,115,954193105
33102841,398,282,116,915818591
33351361,403,265,138,923420731
32112361,292,208,84,885573847
31615609,346,246,100,870439587
32850241,343,232,111,908096611
32604769,375,252,123,900597299
31854001,301,230,71,877699699
30856849,261,164,97,847370935
34841881,281,189,92,969139423
31363201,262,182,80,862759185
31118641,343,245,98,855322513
33604321,242,178,64,931166093
32360161,301,200,101,893130873
30116041,407,274,133,824900931
33849481,281,187,94,938677453
34097809,295,206,89,946290969
34603969,301,213,88,961829669
34355689,300,203,97,954203857
30364681,274,207,67,832436089
30613801,357,235,122,839993123
32112649,426,291,135,885582211
33351481,336,241,95,923425087
30857089,399,271,128,847377601
31615921,350,245,105,870450591
31363369,350,257,93,862764189
31855441,312,210,102,877742889
33604561,366,242,124,931172861
33103729,363,246,117,915845969
31119769,397,284,113,855358363
32850841,380,282,98,908113717
32604889,361,249,112,900601013
33850321,331,228,103,938702395
34604929,346,244,102,961859027
32113369,360,259,101,885604345
34842361,387,285,102,969153313
32360281,397,266,131,893134449
30116209,416,307,109,824906217
30857401,324,226,98,847387819
33351649,436,312,124,923430169
30366121,285,199,86,832482175
31616041,300,208,92,870453309
30614641,293,196,97,840018833
31363609,289,196,93,862771191
34098241,295,195,100,946304643
33604729,291,189,102,931178387
34356001,251,166,85,954213547
31120009,488,328,160,855365713
31855849,291,182,109,877755417
32114041,333,214,119,885624505
33850441,351,241,110,938706523
30857929,345,250,95,847403131
33104089,303,194,109,915857033
34605481,207,143,64,961875251
32850889,278,195,83,908115115
33351889,321,212,109,923438185
32605129,355,243,112,900608099
30116521,271,193,78,824917281
31616281,317,199,118,870460869
33605041,342,230,112,931188425
31120321,288,197,91,855374545
32360689,297,213,84,893147049
34842649,378,264,114,969162307
30366169,365,252,113,832483105
31856329,401,287,114,877769449
30614929,373,266,107,840027557
31363921,269,194,75,862781025
32115049,355,253,102,885656707
30858241,394,274,120,847412797
33850489,257,173,84,938707717
34099801,374,264,110,946353189
34356169,393,284,109,954219019
34605601,284,197,87,961878803
33352489,319,220,99,923455921
30117049,368,244,124,824932707
33605881,304,203,101,931214267
31121281,366,244,122,855404503
32851081,365,247,118,908121737
33105361,399,268,131,915895715
32605561,327,224,103,900621701
32115169,277,191,86,885659509
31616929,428,296,132,870480063
30858409,326,228,98,847417967
31857121,265,187,78,877793023
33850681,330,207,123,938712907
32361001,306,220,86,893158359
30366289,428,306,122,832487023
30615601,288,199,89,840048263
34842721,404,279,125,969164293
33353209,362,250,112,923477731
31364089,272,192,80,862786293
34606489,377,252,125,961905695
30117721,325,236,89,824952153
31121689,329,227,102,855416335
34100809,425,305,120,946382415
32851249,409,293,116,908127125
34356529,317,211,106,954230305
32116729,393,279,114,885706615
33606049,326,230,96,931219247
33106201,506,363,143,915921749
31857961,456,296,160,877819075
30858601,343,228,115,847423379
30366361,221,168,53,832489435
33851329,381,256,125,938733457
32606281,278,203,75,900643889
31617049,327,220,107,870483771
30615649,288,192,96,840049937
30118369,342,245,97,824973587
33354001,363,246,117,923502685
31123009,274,180,94,855456925
32361289,267,186,81,893166177
31364449,339,232,107,862796883
32851561,348,262,86,908136929
32116849,385,237,148,885710461
34606609,341,239,102,961910099
34843729,595,403,192,969195749
33106921,241,161,80,915944113
30369529,218,147,71,832584109
31858129,307,219,88,877824553
33851689,424,286,138,938743927
34102681,375,259,116,946441425
30118729,226,147,79,824983703
34356841,427,293,134,954239287
31123369,413,257,156,855467021
33606889,407,268,139,931244357
30858769,334,250,84,847429043
31365889,298,192,106,862840815
30615769,340,254,86,840053681
32361961,337,241,96,893185509
32851729,299,218,81,908142659
32117089,291,212,79,885717517
31617889,418,276,142,870508589
33354049,251,178,73,923504419
32606569,319,231,88,900652151
30369721,366,251,115,832590457
33107089,277,194,83,915948955
34844041,363,249,114,969206159
30119209,435,300,135,824998709
34606681,347,244,103,961911977
31858201,412,294,118,877826287
31123681,260,181,79,855477365
33852529,269,189,80,938770081
31366801,315,217,98,862869315
30860041,297,209,88,847467035
32851921,307,214,93,908147867
32362129,466,343,123,893191419
33354169,286,194,92,923507497
34103161,171,127,44,946456953
34356961,306,207,99,954242917
30370729,256,168,88,832621579
32118241,270,195,75,885752809
33607009,381,263,118,931247999
30616009,352,229,123,840060245
33107929,357,250,107,915973885
31617961,284,186,98,870511253
32606809,317,206,111,900659693
30119329,259,181,78,825002027
31124521,305,208,97,855503393
31366969,555,381,174,862874037
30860281,349,234,115,847473887
32363041,421,280,141,893218641
33853129,314,247,67,938789443
32852089,407,287,120,908152769
34844209,379,268,111,969210449
30373249,273,187,86,832697541
31859521,253,173,80,877867045
34608001,296,215,81,961952345
33108289,230,166,64,915984817
33354889,306,201,105,923528419
32607121,361,258,103,900669995
34103281,257,186,71,946459773
30616321,330,227,103,840069677
31124689,363,245,118,855507797
32118529,226,157,69,885761665
31367449,259,177,82,862888437
34357369,439,300,139,954256219
30860881,350,231,119,847491659
33607081,334,230,104,931250201
32363521,295,193,102,893233245
32852689,284,178,106,908170319
31618441,418,296,122,870525779
30120169,357,252,105,825027605
30373561,246,158,88,832706661
33853849,409,267,142,938811343
34610041,348,249,99,962015273
32607409,421,287,134,900679019
31124809,239,158,81,855511427
33108721,296,204,92,915997187
31861201,274,193,81,877918327
34845049,349,243,106,969236199
30861289,252,180,72,847504535
33355009,357,251,106,923531251
31368241,325,232,93,862913715
32364361,352,256,96,893260011
32852761,433,295,138,908172365
32118769,322,215,107,885769279
31619281,256,178,78,870552719
30617329,395,277,118,840099653
34104361,325,219,106,946492725
30121081,336,219,117,825054785
34357849,348,232,116,954271039
33608089,268,193,75,931281797
34611361,353,253,100,962054965
31125481,351,250,101,855531293
30373921,303,210,93,832717377
32608129,296,193,103,900699083
30862609,447,321,126,847544519
33854809,419,305,114,938841391
31368409,424,297,127,862918593
33355561,388,275,113,923550367
32365561,374,242,132,893295807
32853241,368,255,113,908187185
32119081,383,278,105,885778339
31861369,395,282,113,877923481
33108769,274,194,80,915998561
34845721,307,214,93,969257109
31620409,369,252,117,870585869
30121681,446,336,110,825072917
30617449,277,189,88,840103403
31125529,341,246,95,855532601
30862729,316,223,93,847549187
32608969,489,330,159,900725609
34611649,395,290,105,962063923
33855649,276,202,74,938866849
31369249,394,266,128,862942773
34104529,322,228,94,946496997
33608569,337,236,101,931296563
34358209,294,196,98,954281851
32366041,333,227,106,893310849
30375361,273,187,86,832761073
33356689,310,227,83,923585797
32854201,300,218,82,908216171
32119249,483,340,143,885783223
33109801,349,247,102,916031135
30122401,293,203,90,825094721
31125649,222,152,70,855536351
30864121,319,215,104,847593003
31862209,314,216,98,877948459
31369321,263,166,97,862945071
33855889,239,177,62,938873833
34846249,268,183,85,969273123
31620481,320,214,106,870587873
30618001,319,231,88,840120071
34106041,374,248,126,946543679
32609089,375,243,132,900729281
32854369,334,228,106,908220917
34612321,349,254,95,962084635
33357529,483,348,135,923610385
30122569,365,264,101,825099905
30376441,369,240,129,832793065
32119369,409,298,111,885786529
31125889,377,259,118,855542903
30864241,270,191,79,847596735
32366209,409,283,126,893315487
33609361,318,206,112,931319683
34359649,307,229,78,954325699
31369801,240,172,68,862961181
33110569,412,280,132,916054541
33856561,293,190,103,938894273
31862881,389,241,148,877969311
34846681,260,176,84,969286239
34106689,361,247,114,946563737
32855041,333,237,96,908241575
30122689,334,225,109,825103955
30618361,401,269,132,840130157
31621081,412,284,128,870606305
30864649,372,262,110,847607649
31126369,352,244,108,855557413
32610169,304,200,104,900762015
32119609,356,249,107,885794215
32367721,285,186,99,893362863
30377209,299,200,99,832817095
31370089,264,161,103,862968885
34612729,400,273,127,962097937
33357601,329,224,105,923612863
33856729,388,257,131,938898785
34847521,336,230,106,969312159
33609529,398,291,107,931325737
34107481,268,171,97,946587845
34360561,349,235,114,954353917
32856721,392,275,117,908292817
30866929,314,231,83,847677733
31863001,302,209,93,877973571
33111289,306,198,108,916077659
30123409,333,224,109,825125693
31126729,244,167,77,855568729
31622641,453,318,135,870652685
32120041,362,251,111,885806887
32367889,300,204,96,893367543
30618961,337,247,90,840148269
32610841,299,209,90,900782697
31371169,334,214,120,863002947
30377449,354,256,98,832823785
33358081,255,176,79,923627327
32857129,366,252,114,908306341
34107721,380,258,122,946595183
30867169,378,244,134,847684597
34848769,400,269,131,969351053
31127881,299,204,95,855603673
34613569,317,200,117,962123059
31622809,289,184,105,870657905
30124249,379,247,132,825151109
33858241,231,166,65,938946449
33609769,411,259,152,931332457
33111409,358,240,118,916081709
32368729,259,153,106,893393259
31863409,373,248,125,877985295
32120449,323,218,105,885819673
32611609,282,201,81,900805937
34361161,288,197,91,954373033
30619009,325,217,108,840149931
32857969,315,216,99,908331301
30868009,320,222,98,847709725
33358249,356,240,116,923632269
31129009,327,224,103,855638239
31372009,278,202,76,863027547
34107889,371,243,128,946600469
31623169,282,194,88,870670151
30378289,372,277,95,832849093
32369569,295,213,82,893418587
30124921,358,256,102,825171571
34849369,350,227,123,969369197
32611849,333,230,103,900812843
32121121,361,253,108,885840175
33113329,474,321,153,916138967
34614049,371,256,115,962137765
30868489,332,237,95,847723489
33858841,205,145,60,938964911
33610609,343,244,99,931359673
30619129,336,230,106,840153657
31864009,318,214,104,878003517
31129561,292,199,93,855655747
33358609,405,269,136,923643459
34362001,318,218,100,954398539
34108369,293,195,98,946615571
30125281,392,269,123,825181651
32858401,261,188,73,908346229
31372441,323,237,86,863040813
31623481,366,251,115,870679877
32613289,252,181,71,900857279
32369929,317,205,112,893429381
34850449,343,226,117,969401909
30378721,342,225,117,832863475
32122969,392,263,129,885897577
30869689,386,272,114,847760121
30619801,192,127,65,840174807
31130929,397,259,138,855697429
33359449,337,207,130,923667999
33114481,271,188,83,916175751
34108729,402,278,124,946626341
30125761,360,233,127,825196813
34615681,297,196,101,962189635
31865689,321,226,95,878055543
33858889,322,213,109,938966129
33611041,318,214,104,931373125
31624321,299,199,100,870705563
32614129,315,209,106,900883487
34362841,487,334,153,954423629
31372609,395,258,137,863045487
34851889,407,261,146,969447737
32123401,345,242,103,885910819
30620041,344,230,114,840181917
32859961,387,272,115,908392213
30870121,337,218,119,847772997
31131601,349,240,109,855717385
30378889,317,216,101,832867909
32370241,292,198,94,893438915
33359881,330,234,96,923681559
33115681,274,184,90,916211901
34109041,331,251,80,946635557
34615729,330,235,95,962190667
30126289,364,246,118,825212491
33859081,307,203,104,938972171
30620209,345,254,91,840186861
32123569,300,207,93,885915751
34852561,374,273,101,969467651
31865929,445,310,135,878062227
30871369,206,141,65,847810455
32614369,447,314,133,900891017
33611449,334,225,109,931385131
31624849,252,171,81,870720863
32371081,315,211,104,893465555
31372681,400,272,128,863048289
32860081,283,192,91,908396113
33360289,343,227,116,923693859
34363009,423,307,116,954429371
33116329,338,246,92,916231035
31132201,269,168,101,855736465
30380281,319,213,106,832910269
34615921,338,240,98,962196043
30620881,301,192,109,840208989
32123809,376,263,113,885922105
33859561,337,230,107,938986883
30871849,440,279,161,847825647
30127441,387,277,110,825247567
34109329,310,207,103,946643963
32371201,279,186,93,893469095
31373281,250,185,65,863066247
32860489,384,252,132,908408797
31867609,321,221,100,878112627
32615041,430,303,127,900910817
31625281,356,254,102,870734633
34852969,495,340,155,969480113
33612289,457,300,157,931410571
33117121,322,211,111,916255665
34616761,331,220,111,962221675
33361441,323,249,74,923729987
30621049,386,265,121,840213741
30872041,346,230,116,847831575
30380569,377,262,115,832918939
33859681,312,207,105,938990663
31132249,300,218,82,855737839
32124121,351,239,112,885933139
34363729,304,209,95,954451393
31374121,315,197,118,863092263
34109401,330,224,106,946646441
32371249,304,200,104,893470319
30127609,397,287,110,825252685
32860801,285,206,79,908418547
30622201,232,160,72,840247761
33117529,239,179,60,916267533
34617241,344,249,95,962235595
31868449,420,282,138,878138859
32125129,320,212,108,885962365
33860569,440,309,131,939017585
31626841,305,218,87,870780999
32616481,301,207,94,900955169
31374169,364,248,116,863093205
30872641,387,261,126,847849311
34854409,390,291,99,969524951
33613441,230,144,86,931445803
30128569,304,210,94,825281935
31133209,276,194,82,855766411
33361969,411,300,111,923745539
32860969,302,207,95,908423575
30380641,334,219,115,832920859
34110889,422,273,149,946692827
32371369,367,261,106,893473613
34363921,324,223,101,954457213
30622369,430,296,134,840252303
33117961,377,270,107,916281087
34618081,295,213,82,962262373
31374841,314,225,89,863113419
30129481,358,242,116,825308983
31133449,349,235,114,855773347
32125921,307,197,110,885986095
32861161,413,282,131,908428921
30873481,287,198,89,847875279
31869601,312,206,106,878173347
34111249,287,202,85,946703679
33861409,320,223,97,939042455
31627201,282,192,90,870792123
32617729,247,173,74,900993737
34364401,344,239,105,954470953
30380809,335,239,96,832926997
33613561,350,223,127,931449253
30622489,369,270,99,840255891
34854649,292,193,99,969531905
33362401,365,268,97,923759051
32371441,388,276,112,893476007
33118369,412,285,127,916292403
30130081,338,248,90,825326419
31375009,314,205,109,863118507
34618249,398,280,118,962266801
30873721,385,254,131,847882575
32861929,335,241,94,908453833
31134049,387,268,119,855792145
32125969,307,209,98,885987991
34112569,302,200,102,946745055
30622561,354,233,121,840258093
31869889,368,251,117,878182155
31627801,276,185,91,870809675
33861601,309,215,94,939048203
33118849,336,234,102,916308165
34855081,391,270,121,969544853
32618401,290,200,90,901013981
30381121,223,148,75,832937215
30874369,305,200,105,847902689
34364569,381,261,120,954477055
30130249,360,257,103,825332689
31134289,363,245,118,855800131
33363241,329,228,101,923784191
33614641,387,274,113,931481351
32372089,423,294,129,893495705
32862169,335,233,102,908460727
31375369,303,219,84,863129919
32127769,310,222,88,886043283
34113529,439,313,126,946772949
30623569,310,205,105,840289301
34618369,378,282,96,962270821
33119041,366,240,126,916313493
33862201,333,245,88,939067493
30874561,298,188,110,847907909
31869961,328,230,98,878184621
32863321,248,185,63,908495515
33614809,388,289,99,931486439
31375801,330,237,93,863142375
31627969,378,251,127,870815231
32129329,310,207,103,886090583
30381649,429,296,133,832951447
31134721,343,235,108,855812407
32618569,340,233,107,901018529
34857481,260,170,90,969619553
30130489,209,146,63,825339199
34113601,332,204,128,946775379
30624169,282,197,85,840307313
34364689,322,231,91,954481351
32372209,268,178,90,893499143
33363289,341,253,88,923785811
33862441,350,263,87,939074621
33119521,322,212,110,916328865
30876049,369,264,105,847953545
34618921,368,234,134,962287843
32864521,277,194,83,908532493
33615289,385,265,120,931501943
31375849,386,276,110,863143863
32130529,427,274,153,886127117
31134889,337,231,106,855817927
34115041,365,252,113,946820835
30624721,297,189,108,840323447
31870129,259,195,64,878189319
31628809,344,241,103,870841565
30381961,308,182,126,832961413
30130921,353,246,107,825353449
32619001,293,196,97,901032797
33863281,220,162,58,939100481
33119809,364,253,111,916337175
30876169,292,196,96,847957367
34857601,253,187,66,969622913
33364129,403,273,130,923811713
32372281,535,362,173,893500727
31377889,357,240,117,863206923
34365241,282,181,101,954498001
32865169,266,178,88,908552257
33615649,345,238,107,931512671
31135969,406,276,130,855850551
30625009,331,219,112,840332369
32130961,374,246,128,886140071
34619041,349,245,104,962290711
34115449,348,239,109,946832097
33863761,288,208,80,939115049
32619049,239,178,61,901034375
30876841,295,215,80,847977717
31628881,372,243,129,870843881
34858009,288,192,96,969635027
31870441,392,277,115,878200173
30382129,370,276,94,832966387
31378201,332,242,90,863216469
31136569,322,227,95,855868443
30131329,315,232,83,825365659
32866849,381,255,126,908602885
33615961,388,278,110,931522577
33120049,304,215,89,916344099
32373721,254,187,67,893545103
30625081,304,203,101,840334211
33364321,332,230,102,923817491
34365769,472,321,151,954513133
30876889,374,245,129,847979463
32620009,310,213,97,901063229
33864601,324,232,92,939141227
31137961,329,216,113,855911433
31378729,353,261,92,863231613
34115761,298,185,113,946841973
32131369,363,254,109,886152401
32867209,323,231,92,908614717
33616129,319,228,91,931528337
34619449,398,278,120,962303881
31629721,347,232,115,870869281
30382321,360,249,111,832972293
31872121,295,209,86,878250879
30131809,448,314,134,825379447
30625249,230,159,71,840340299
34858441,355,251,104,969648917
33364801,423,295,128,923833073
33122161,387,272,115,916409547
32620249,442,328,114,901069925
33865129,273,191,82,939157391
30877009,336,228,108,847983825
31379041,213,149,64,863241361
32373769,323,219,104,893546711
34116289,360,249,111,946857321
32132041,352,241,111,886172849
32867689,350,229,121,908628727
33616801,203,135,68,931548987
34367041,398,284,114,954552703
30625681,343,237,106,840353229
31138249,370,250,120,855920337
31630369,309,212,97,870888961
30382969,437,311,126,832991361
30132169,370,265,105,825391363
34620889,340,222,118,962347687
31872241,339,251,88,878254855
33122209,367,251,116,916410681
33365089,386,259,127,923842157
31379401,295,199,96,863252179
33865801,339,250,89,939177359
34858489,397,267,130,969650519
32132641,327,226,101,886193093
34116721,294,199,95,946870377
32867881,329,238,91,908634655
33617761,315,225,90,931577999
32620729,299,235,64,901085333
30625849,333,228,105,840358065
30877681,408,277,131,848003115
32373961,294,198,96,893552303
31631161,299,195,104,870912457
34368121,411,307,104,954585223
31138801,286,189,97,855936261
31380409,393,272,121,863282131
33365329,475,330,145,923848883
32132809,309,211,98,886197911
33124009,319,201,118,916465505
30383809,215,134,81,833016513
30132481,257,181,76,825400327
32868481,244,169,75,908653381
30626569,334,220,114,840379389
34859449,298,193,105,969679421
32621089,476,325,151,901096091
31872289,302,203,99,878256259
33618001,265,178,87,931585379
34622449,320,222,98,962396045
33865969,339,227,112,939181727
31631209,313,212,101,870913951
34117561,378,245,133,946896015
30877849,332,238,94,848007921
31381081,295,208,87,863302639
32133889,419,287,132,886229279
33366001,341,223,118,923869757
32374129,463,350,113,893556809
33124081,279,184,95,916467197
30627529,289,207,82,840409155
31138969,241,166,75,855941043
32868529,270,186,84,908654539
30132649,331,224,107,825405631
34369129,345,227,118,954617515
33618769,435,301,134,931608983
30384841,373,254,119,833047749
32622241,268,191,77,901132001
34859689,328,228,100,969686741
31631569,391,274,117,870924571
31872409,349,248,101,878259367
31381561,299,204,95,863317933
32135041,188,126,62,886264439
33366601,281,188,93,923888681
30628369,308,208,100,840433959
34117729,376,249,127,946900785
34622569,339,251,88,962399687
33866449,313,216,97,939197391
31139761,446,320,126,855965121
30877921,378,263,115,848010039
30133849,316,206,110,825441529
33124849,261,174,87,916491425
32374561,405,296,109,893570933
33619009,373,290,83,931616285
32869201,296,218,78,908676073
34860841,296,210,86,969722453
32622409,363,248,115,901137041
32135329,390,283,107,886273001
31632001,324,219,105,870938617
30385489,367,245,122,833067645
31382521,357,242,115,863347211
33366769,411,290,121,923893421
34369561,400,280,120,954630403
30628921,365,265,100,840450471
31139809,304,206,98,855967047
31873081,376,266,110,878280649
30134281,310,215,95,825455329
33867289,267,185,82,939223695
33126241,262,174,88,916534091
34623289,272,195,77,962422007
33619441,289,210,79,931629185
30878761,310,201,109,848036049
34117801,330,227,103,946904277
32623081,365,234,131,901157135
30629449,466,323,143,840467115
32374609,306,217,89,893572049
33367489,255,177,78,923914361
31382929,330,244,86,863359097
31139929,427,300,127,855970557
34860961,382,261,121,969725699
32135401,305,222,83,886275263
32869561,321,232,89,908686303
30136129,276,196,80,825511009
30385609,294,204,90,833071317
31632049,276,194,82,870940315
33868921,300,208,92,939272843
33619681,298,191,107,931636289
34370569,319,221,98,954661795
31873129,342,239,103,878281687
32623609,374,267,107,901172909
30629761,419,295,124,840475779
31383361,254,173,81,863372105
31140841,427,325,102,855998727
33126409,297,235,62,916538903
34623961,327,228,99,962442815
30879241,297,198,99,848049945
32136241,405,305,100,886301765
34118401,296,199,97,946922391
30136369,365,253,112,825517333
34862041,406,276,130,969759473
33367849,325,227,98,923925641
32374801,308,215,93,893577905
33870481,289,205,84,939320843
30386281,357,262,95,833091483
32869729,430,284,146,908691415
31632409,346,235,111,870951919
32624041,369,247,122,901185977
33620449,362,254,108,931659491
31383769,289,187,102,863384273
31141441,322,224,98,856017345
33127609,301,196,105,916575347
32136889,253,171,82,886320987
30138529,320,233,87,825583865
34371481,307,209,98,954689281
30630961,288,210,78,840514593
31873321,311,205,106,878287861
34118449,296,190,106,946924101
34625089,419,290,129,962476445
30880921,404,275,129,848101749
33870649,409,276,133,939327359
34862209,361,261,100,969764159
32624089,336,231,105,901187387
31384081,272,182,90,863393759
32375401,319,223,96,893596529
33368329,392,279,113,923941049
31141489,371,258,113,856019085
32137081,294,187,107,886326921
33128089,374,255,119,916589747
30139489,307,207,100,825612329
30386329,284,188,96,833092641
32870161,228,151,77,908704199
31632721,316,215,101,870960991
30631129,244,168,76,840519459
33620689,306,211,95,931667087
34625329,383,258,125,962483567
33871009,340,233,107,939337145
34118809,336,222,114,946935681
31873801,274,189,85,878301499
34372489,384,246,138,954720835
31385209,276,178,98,863427173
30881089,300,212,88,848107317
32625721,411,276,135,901237241
31141681,341,223,118,856025043
30140041,311,215,96,825630109
33128281,351,261,90,916596743
34864729,295,206,89,969841907
30631729,384,264,120,840536763
30386449,375,262,113,833096181
32138401,360,227,133,886366365
32379601,374,262,112,893723827
33368521,329,241,88,923947319
31633009,302,202,100,870968269
33872161,288,213,75,939372947
32870569,358,230,128,908716311
34625641,379,265,114,962494325
34119409,268,188,80,946953207
30140329,355,236,119,825637975
31142689,307,216,91,856055413
32626609,352,234,118,901263599
33621169,388,258,130,931682513
33128449,334,223,111,916601669
31874329,326,246,80,878318119
30631969,243,156,87,840544137
31386889,317,229,88,863480429
30881281,283,193,90,848113317
34372969,440,306,134,954734767
30386689,327,224,103,833103969
34865041,329,230,99,969851813
31633249,363,240,123,870976187
33369961,332,230,102,923990501
32871169,325,233,92,908734353
34119961,348,241,107,946970553
30140569,363,257,106,825645337
32140921,322,235,87,886444623
31144681,382,269,113,856115523
33872281,320,210,110,939376115
32381281,336,228,108,893775085
34625761,263,176,87,962498129
33129721,335,237,98,916639925
30632809,260,187,73,840569409
30387121,439,303,136,833116521
32626801,292,194,98,901270745
33621361,243,164,79,931687703
31874929,466,334,132,878336287
31387441,253,168,85,863497685
34865161,342,247,95,969855551
32871889,405,292,113,908756829
30881449,337,225,112,848117541
32141209,339,246,93,886452777
34121089,331,234,97,947005089
31146649,408,301,107,856174797
30141169,372,262,110,825663043
34373161,354,247,107,954741229
31633729,341,224,117,870991169
30633481,298,204,94,840590751
34626001,376,254,122,962504759
33130561,407,280,127,916666431
33370009,334,230,104,923992157
32381521,317,221,96,893781961
30387529,347,234,113,833129715
33872329,384,274,110,939377909
31387969,309,212,97,863513093
34865329,350,247,103,969860027
32141881,398,258,140,886472871
32873689,276,190,86,908813421
31146721,326,201,125,856177137
33622201,404,280,124,931714067
32626969,404,274,130,901275549
34121161,347,243,104,947007495
31875601,371,263,108,878357401
30633649,410,276,134,840595587
30882121,291,195,96,848138169
33130609,448,306,142,916667703
30141721,251,172,79,825679849
31634761,364,264,100,871023071
31388449,303,186,117,863527529
34374481,340,231,109,954782095
33872689,377,257,120,939389331
33370681,361,245,116,924013091
34628161,322,227,95,962571283
32142289,368,264,104,886486077
32874409,310,209,101,908834127
34865881,379,257,122,969877307
30387961,399,273,126,833142669
32381689,430,293,137,893787439
30634489,364,252,112,840620685
34121641,276,200,76,947022423
33622801,348,239,109,931733339
33130729,307,202,105,916671627
31146889,336,233,103,856182027
30882289,308,198,110,848142309
32627449,312,209,103,901290733
31388569,303,211,92,863530757
31875841,515,348,167,878363503
32142601,234,178,56,886495413
30141841,335,241,94,825682837
32875081,423,285,138,908854995
33873289,416,295,121,939406347
34628329,297,203,94,962576551
31634929,382,287,95,871027865
34866001,275,186,89,969881267
34374601,347,244,103,954785497
34121761,376,257,119,947026035
30389209,395,261,134,833180029
33131641,196,141,55,916699903
33370801,311,200,111,924017057
31147201,376,254,122,856191975
30635329,317,219,98,840646311
30883129,360,252,108,848168847
32382001,262,196,66,893798239
31389289,326,222,104,863553737
33623641,338,237,101,931757393
32143129,403,298,105,886512225
32876281,272,176,96,908891199
31635601,437,292,145,871048493
30142009,338,244,94,825688321
32627809,304,206,98,901301239
34628449,364,244,120,962580175
31876441,330,236,94,878382469
30389521,376,260,116,833189167
34121809,427,299,128,947027217
33873841,304,186,118,939424713
30883969,240,168,72,848194953
31147321,325,222,103,856195305
31389649,278,178,100,863564435
33625369,315,221,94,931810679
30635641,284,183,101,840656073
32144401,298,212,86,886550119
34866049,236,146,90,969882647
34374649,314,219,95,954787393
33370969,368,256,112,924021281
33131809,337,232,105,916704595
32876449,332,224,108,908896755
32382121,350,251,99,893802055
31636249,353,230,123,871067987
34628521,357,249,108,962582059
30390649,327,209,118,833223499
30142681,270,191,79,825708481
31148209,382,266,116,856221681
34122169,328,230,98,947038869
30884809,285,193,92,848220627
32628289,298,214,84,901315735
31876609,386,273,113,878386717
32144449,316,233,83,886551313
33625561,417,287,130,931816709
31389961,303,196,107,863573369
30635929,314,207,107,840663933
33874681,236,160,76,939451743
32877289,398,289,109,908922843
31636441,313,220,93,871073957
30391201,214,146,68,833241349
34628689,369,259,110,962587207
33371881,346,222,124,924049481
34866409,425,276,149,969893363
34374841,286,206,80,954792793
33132241,329,217,112,916716967
31150849,279,207,72,856302189
30885289,400,262,138,848233941
34122481,359,250,109,947048025
32383129,251,172,79,893832031
32144809,354,252,102,886562371
30143521,354,239,115,825734107
33626881,424,300,124,931856783
31390921,280,183,97,863603135
31637041,346,245,101,871092727
31876681,313,202,111,878390137
32877721,384,267,117,908936043
32629489,354,239,115,901351723
30391321,363,245,118,833244805
30636169,384,280,104,840672081
31150921,324,232,92,856304145
30886249,258,180,78,848264157
34123489,260,177,83,947079507
33874969,347,244,103,939459543
32145241,393,271,122,886576015
34867081,324,211,113,969914435
34629121,320,228,92,962600689
33372529,248,168,80,924070049
31390969,292,203,89,863604269
33132289,357,254,103,916718191
31638049,309,227,82,871122523
34375441,239,168,71,954811219
30143761,363,259,104,825742429
32879449,321,205,116,908988869
32383369,426,298,128,893839417
30391369,407,265,142,833246461
33627001,325,212,113,931860419
30887161,444,296,148,848291037
31151569,270,192,78,856324839
31876849,317,202,115,878394727
32629921,249,166,83,901364383
34124161,313,213,100,947098893
32146129,270,194,76,886602991
30637489,324,230,94,840711303
34867249,394,250,144,969919421
31638289,373,250,123,871129639
31391089,417,292,125,863607629
30391561,319,212,107,833251315
33875041,345,227,118,939461859
33627049,348,242,106,931862195
30143929,256,178,78,825747691
30887641,270,171,99,848306169
31151689,339,230,109,856328331
32880121,304,230,74,909010091
33373201,313,204,109,924090095
34630009,314,221,93,962628235
33132481,443,303,140,916724227
31877281,394,282,112,878407567
32383801,347,232,115,893853199
34377121,343,240,103,954862129
34124281,446,301,145,947102355
32146321,241,161,80,886608691
30637609,432,322,110,840714837
34868089,336,207,129,969945113
31391329,403,290,113,863614877
32630161,330,207,123,901372039
31638601,257,172,85,871140229
33875209,300,199,101,939466941
33630529,274,179,95,931969421
31152361,380,269,111,856348589
30392881,279,199,80,833291281
31878169,282,194,88,878434929
30145081,275,175,100,825781483
30887761,322,217,105,848309691
32146921,257,189,68,886626991
30638281,322,226,96,840734565
34125361,486,325,161,947136135
32880481,304,215,89,909020573
33373321,378,236,142,924093353
33133249,363,254,109,916747255
34868929,421,275,146,969970955
32383849,275,188,87,893854639
34630129,397,286,111,962632219
31391929,318,210,108,863633489
34377361,375,242,133,954869791
31639969,275,182,93,871181179
33875641,321,230,91,939479613
33630769,376,262,114,931977647
31152529,328,233,95,856353665
31879201,267,171,96,878466393
32630641,291,198,93,901387189
32147161,308,206,102,886634557
30638329,369,264,105,840736137
34126129,385,263,122,947160183
30393049,303,200,103,833296429
30146089,364,237,127,825812839
31392481,373,260,113,863649905
34869409,254,188,66,969986123
33373369,309,214,95,924095099
30888769,378,253,125,848339697
32880649,468,320,148,909025733
33631921,302,224,78,932013071
31879849,239,151,88,878486463
33133801,319,231,88,916764313
32383969,466,337,129,893857483
31640569,297,191,106,871199587
34630201,322,233,89,962634961
32147329,324,219,105,886639351
30639121,465,336,129,840760847
34377529,418,278,140,954874645
34126201,373,258,115,947162361
30147049,326,202,124,825840835
33876481,342,238,104,939504555
31152601,282,192,90,856356101
32631169,360,241,119,901404223
33373489,353,249,104,924097949
31392601,426,287,139,863653937
34869529,344,223,121,969989675
30393409,386,279,107,833308153
32881081,298,193,105,909038441
31880041,364,254,110,878491959
30888841,332,225,107,848341899
32147641,287,212,75,886649629
30639361,291,199,92,840768155
30147121,353,242,111,825842983
33632041,293,197,96,932016701
33876649,269,189,80,939509559
34126369,288,202,86,947167395
31393489,423,277,146,863681159
32385361,319,230,89,893901011
33134089,326,211,115,916773553
33374329,388,270,118,924124409
31641121,275,204,71,871217491
34870249,329,231,98,970011413
31153081,276,187,89,856370285
34631689,314,214,100,962680321
34381489,242,170,72,954996561
31880209,250,168,82,878498553
32631601,328,223,105,901416307
30393889,287,189,98,833321287
32881489,312,222,90,909050903
32147761,411,286,125,886652605
30639529,441,303,138,840772691
30889681,248,167,81,848367261
30147721,347,249,98,825862885
33632449,426,292,134,932028263
33876721,334,222,112,939512079
34126849,273,202,71,947181549
33374401,328,226,102,924126305
34870609,339,245,94,970023053
31394329,338,223,115,863706383
31880521,362,251,111,878507691
32386561,330,207,123,893936651
30640969,346,251,95,840817181
31641241,227,144,83,871221049
32882809,377,250,127,909090497
33134641,252,172,80,916790053
31154041,333,236,97,856400049
32148169,257,184,73,886665733
30147769,270,188,82,825864223
34632049,276,191,85,962691727
34382209,291,188,103,955018035
30394009,309,216,93,833325235
33632881,391,269,122,932041469
32632489,411,291,120,901443667
33876889,420,300,120,939516861
33375169,273,183,90,924150625
34126969,378,272,106,947185761
30890161,288,197,91,848382625
34871281,264,181,83,970042835
31880809,248,169,79,878516685
31642129,358,256,102,871247113
31154449,293,195,98,856412349
32387209,424,273,151,893955473
32883769,408,290,118,909120977
30147961,315,212,103,825870193
31395361,335,228,107,863737243
30641641,260,178,82,840838043
33135481,328,212,116,916816105
32148481,256,172,84,886675201
33877369,308,225,83,939531939
33375241,354,249,105,924152557
30394921,388,278,110,833351785
34127881,440,307,133,947213055
34632529,389,280,109,962705077
31881049,380,259,121,878523471
34383049,297,203,94,955044717
31155049,266,187,79,856429713
32633449,405,301,104,901473865
33633049,390,273,117,932046887
32388409,258,175,83,893992331
30148441,334,240,94,825884227
30890281,397,275,122,848386291
34871761,237,163,74,970059029
31642249,363,250,113,871250527
30642361,377,270,107,840859469
32883841,243,174,69,909123107
33877489,377,254,123,939535203
31395841,279,187,92,863751205
33375409,327,225,102,924157315
34128529,325,230,95,947233593
31155601,268,202,66,856446351
31881721,297,205,92,878543493
32148601,252,163,89,886678561
30148609,321,218,103,825888721
33135769,392,288,104,916824571
30395929,347,227,120,833384053
31642489,347,245,102,871258519
32388721,252,180,72,894001683
34872121,298,209,89,970069469
32634961,473,321,152,901520383
34633321,282,199,83,962730415
34383409,285,192,93,955055001
30642481,240,164,76,840863339
33633121,276,191,85,932048813
32884441,396,272,124,909142139
30890521,284,185,99,848393173
33878401,501,334,167,939563679
33376249,258,187,71,924183103
34128649,340,223,117,947236677
31882489,311,219,92,878566455
30149281,444,327,117,825909289
31396369,247,168,79,863768149
32389009,361,248,113,894009921
33137161,368,244,124,916868617
31156729,384,258,126,856481151
34872769,306,214,92,970089065
30396529,336,226,110,833402815
30643369,281,192,89,840890135
32149321,348,242,106,886699787
31642801,377,242,135,871267441
33879049,276,178,98,939583821
32885329,266,163,103,909168347
34128889,424,285,139,947243343
30149641,293,193,100,825919819
32635129,321,228,93,901525795
33377401,266,187,79,924218281
30891121,324,224,100,848410879
34383889,289,203,86,955069617
34634209,282,180,102,962756449
33633961,279,198,81,932073839
31882561,431,283,148,878568993
32389249,380,254,126,894018405
31158121,427,290,137,856523549
33138121,367,227,140,916897639
31396801,452,319,133,863781091
34873561,359,238,121,970112879
30643729,302,203,99,840900875
30397201,417,282,135,833421847
32887201,308,196,112,909225333
32149609,332,230,102,886708283
33879169,281,195,86,939587319
34130329,255,169,86,947287369
31642921,293,206,87,871270987
30150961,270,199,71,825959899
33378409,369,224,145,924249103
31158241,266,177,89,856527257
32389729,342,220,122,894033033
33138529,387,268,119,916910647
30891529,383,262,121,848423259
30644401,520,367,153,840920027
31397209,371,268,103,863792575
32636809,346,237,109,901576621
34873609,338,225,113,970114415
31882729,505,353,152,878574525
33635449,365,231,134,932119301
34384249,296,202,94,955080243
34634329,420,304,116,962760193
34130401,377,276,101,947289217
33880921,406,276,130,939640683
30397369,293,200,93,833427343
32887801,286,203,83,909244677
32150161,299,199,100,886724993
31158289,379,272,107,856528955
32389849,348,247,101,894036675
30644881,225,151,74,840936491
33379081,385,278,107,924269533
31397689,371,236,135,863808151
30151129,419,298,121,825964459
31643329,323,206,117,871283233
34874449,239,167,72,970140953
33138961,352,250,102,916923127
30892129,347,232,115,848441091
32636881,338,230,108,901578475
31883161,267,191,76,878588367
32150329,356,257,99,886730177
32888641,308,206,102,909269475
33881401,504,346,158,939655041
34130881,289,202,87,947305351
32390089,425,297,128,894044031
33636241,288,192,96,932144009
31159081,352,255,97,856553031
34384561,305,191,114,955090611
34634569,453,314,139,962767633
33379369,305,223,82,924277921
31643641,371,242,129,871293733
30398041,288,190,98,833448577
31397809,295,202,93,863812105
34875121,340,245,95,970162817
30646081,387,279,108,840972143
30151249,438,298,140,825968635
32151289,283,184,99,886758383
32390401,321,220,101,894053469
33139801,402,279,123,916949173
34131001,313,209,104,947308939
33881569,370,259,111,939660891
30892681,205,149,56,848459805
32888881,254,175,79,909277341
31159129,336,238,98,856554375
31643761,384,297,87,871297285
33636409,243,168,75,932149515
32637481,427,298,129,901596289
31883329,329,230,99,878592921
30398089,313,227,86,833450119
34875289,346,250,96,970166921
34385401,415,275,140,955116249
34634881,281,195,86,962777479
33379441,378,261,117,924280009
31397881,361,234,127,863813881
32151529,349,242,107,886767005
32390521,268,203,65,894056781
30647401,265,192,73,841012083
33139969,335,239,96,916953613
30151921,324,219,105,825987679
32889721,430,291,139,909301737
33882361,376,260,116,939685401
31644649,242,148,94,871323511
31159321,287,201,86,856559763
34131169,435,317,118,947313919
33636481,427,294,133,932151381
30892969,276,183,93,848467731
32637721,479,354,125,901603369
31884241,262,159,103,878620701
32151841,278,182,96,886775687
34875481,272,173,99,970172759
30398209,347,235,112,833453473
32391529,258,164,94,894089075
33140689,336,218,118,916976113
32889889,456,316,140,909307167
31645609,379,244,135,871353043
33882601,355,259,96,939693021
31398361,322,210,112,863828539
33637081,289,206,83,932169621
33379921,253,181,72,924295411
34385521,302,210,92,955119555
34132009,339,232,107,947339329
34635241,292,199,93,962788813
30648769,450,308,142,841052751
31160161,366,260,106,856585299
30151969,270,189,81,825988825
32152201,310,209,101,886787723
30893689,393,269,124,848489361
31884409,393,273,120,878625711
32392249,366,266,100,894111209
31646161,308,214,94,871370929
32890201,302,204,98,909317853
33141049,412,297,115,916986109
33883081,359,255,104,939707383
30398449,275,190,85,833460445
30649081,295,202,93,841063107
32638321,263,175,88,901622395
31398481,366,241,125,863832163
34132729,541,366,175,947361799
34876081,440,305,135,970190801
31160329,374,254,120,856590441
33382801,252,196,56,924383779
32152801,393,281,112,886805453
30152809,387,288,99,826015411
33637249,320,224,96,932174769
34385929,317,229,88,955133037
34636249,408,287,121,962820967
32392609,456,313,143,894121727
31646281,355,243,112,871374187
32890489,334,233,101,909325827
31884841,304,210,94,878638293
30649441,274,192,82,841074021
30893881,311,209,102,848495541
31398721,309,213,96,863839843
31160809,311,203,108,856604619
30398881,321,224,97,833473687
34132921,285,195,90,947368015
33143041,283,183,100,917047387
32152969,324,219,105,886810235
33883921,372,239,133,939733333
32639161,309,215,94,901647883
33382969,270,189,81,924388495
32393089,314,214,100,894136877
30152929,235,156,79,826018963
32891161,369,244,125,909346149
30649921,270,194,76,841089357
34876249,323,233,90,970196369
31646521,311,227,84,871380727
31398889,310,216,94,863844967
33637321,367,256,111,932176737
31161601,301,213,88,856629081
34386361,308,197,111,955145865
34636561,318,220,98,962830189
30895321,360,259,101,848538993
31884889,310,210,100,878639571
33143401,417,285,132,917058307
30399049,365,265,100,833478739
30153601,257,175,82,826038925
33885769,286,195,91,939789703
30650209,333,238,95,841098171
32153041,343,230,113,886812731
32891401,264,183,81,909353457
32639329,316,229,87,901652683
32393281,388,255,133,894143531
31647289,347,235,112,871404193
34133089,339,225,114,947372617
33383569,400,300,100,924407125
31399369,286,198,88,863860579
31161649,397,261,136,856630107
34876321,323,232,91,970198247
33143569,400,265,135,917063941
30153841,294,200,94,826046437
34636729,338,229,109,962835031
30650281,393,246,147,841100073
30895369,370,254,116,848540235
33637969,306,218,88,932197197
31885681,345,225,120,878663931
33885961,451,329,122,939796069
34386769,272,175,97,955158901
32393761,309,199,110,894157073
30399769,328,228,100,833501269
31399729,282,182,100,863870677
31647361,338,216,122,871406635
32892169,433,314,119,909376677
32154049,332,233,99,886844141
34133761,279,199,80,947393641
33383809,326,204,122,924414079
32640001,263,175,88,901673503
31162321,317,223,94,856651293
30154321,240,179,61,826061707
33145009,404,281,123,917108521
34637089,344,242,102,962845633
30650449,304,193,111,841105365
33886609,285,210,75,939816745
31400401,343,233,110,863890669
30896401,352,250,102,848571339
32894089,499,326,173,909436167
34876489,485,363,122,970203473
31885729,368,241,127,878666013
33640441,329,219,110,932272215
33384289,314,224,90,924429115
31163161,255,171,84,856677267
30400609,353,230,123,833525773
32396569,282,197,85,894243581
34387201,287,198,89,955171849
31647529,398,275,123,871410937
30154609,283,201,82,826069525
34133929,380,263,117,947398951
30650761,310,216,94,841114773
32155489,363,254,109,886887455
34637761,328,230,98,962865787
33145249,338,224,114,917115709
32640721,332,230,102,901695907
31402081,353,225,128,863942131
33887401,319,212,107,939839671
31885921,326,227,99,878671947
32894929,384,266,118,909461559
34876801,286,189,97,970212983
31163521,291,183,108,856687473
33384409,297,204,93,924432799
30897241,307,220,87,848598537
30155449,268,173,95,826095605
30651121,291,206,85,841125063
30403489,295,199,96,833613457
33640489,310,212,98,932273913
32396641,298,204,94,894245297
31647841,215,140,75,871420705
31402249,389,271,118,863947285
34637929,383,263,120,962870887
34387609,278,204,74,955184657
34134601,361,267,94,947421097
31886401,343,248,95,878686149
33888649,372,258,114,939877921
33145681,374,263,111,917128561
31164169,456,326,130,856706703
32155561,411,288,123,886890305
34877809,463,318,145,970244123
33385129,321,226,95,924454351
32895241,331,214,117,909471381
32641561,463,322,141,901721125
30651721,302,203,99,841143447
30403801,305,213,92,833623825
30157681,279,180,99,826163747
31402561,308,210,98,863956429
30897409,355,246,109,848602881
31886929,336,239,97,878701491
31164361,353,253,100,856713351
33145729,316,211,105,917130241
33888961,313,231,82,939887845
31649521,287,190,97,871471801
33385249,440,321,119,924458359
34878601,230,156,74,970268291
34638601,465,316,149,962891143
32398129,290,195,95,894290711
33641161,327,209,118,932294553
34135921,356,250,106,947460727
32896081,243,173,70,909498285
34388041,304,207,97,955197551
32155729,317,218,99,886895417
32641681,338,234,104,901725001
31403521,321,224,97,863985355
30651889,306,204,102,841148145
31165009,439,318,121,856732743
33889129,377,272,105,939892561
31887241,266,187,79,878712531
30403969,338,217,121,833628217
30157969,307,206,101,826171907
33385801,378,256,122,924475259
32398969,225,147,78,894315717
30898081,393,264,129,848622897
34880281,427,295,132,970318157
34639609,280,178,102,962922841
34136449,427,283,144,947476933
31649641,250,173,77,871475089
33146521,346,251,95,917153415
32896249,188,131,57,909503043
31403569,375,270,105,863986939
33641449,249,183,66,932304153
34388449,335,252,83,955210181
32156161,371,259,112,886907597
31887769,334,226,108,878727585
33889249,246,165,81,939895831
31165801,386,277,109,856756737
32642521,401,287,114,901750315
30651961,378,278,100,841149993
34880689,392,267,125,970332161
34137121,328,212,116,947496961
33385921,385,263,122,924478367
31651489,352,248,104,871531009
30404929,292,203,89,833657125
30158041,235,160,75,826174301
30899521,292,183,109,848665725
34639921,289,198,91,962933521
32399329,290,209,81,894325767
31403761,286,177,109,863993257
32897041,310,224,86,909526761
34388881,379,259,120,955222595
33146569,265,189,76,917155293
33889969,215,152,63,939919069
33642529,450,286,164,932336367
31888249,330,224,106,878742227
31166881,301,215,86,856789207
34137289,433,275,158,947501905
34881001,250,170,80,970342515
31652161,334,222,112,871554525
32157001,364,241,123,886933979
33385969,380,256,124,924480311
31405369,316,214,102,864041799
32642761,392,275,117,901758061
32897209,354,254,100,909532023
30652729,388,271,117,841174935
34641049,281,196,85,962968045
30158641,417,296,121,826191557
30405169,373,254,119,833664295
30901369,406,275,131,848722299
34388929,347,240,107,955224251
32400769,347,257,90,894370047
33891769,370,254,116,939973291
31653001,303,202,101,871579437
31167649,304,211,93,856813297
34881361,340,247,93,970353309
34137769,438,279,159,947516545
30653401,276,182,94,841194909
33146761,323,221,102,917160819
32643529,367,257,110,901781469
32897929,338,251,87,909553245
33386329,405,295,110,924491257
31889089,262,184,78,878767637
33642841,361,239,122,932345841
34642441,285,209,76,963010921
32157409,369,240,129,886946237
31405441,355,235,120,864044379
30160321,277,198,79,826242977
30405649,357,244,113,833678455
33892009,366,253,113,939980845
31653049,346,225,121,871581099
30902089,219,151,68,848744223
32401009,264,190,74,894377973
34389049,314,226,88,955227575
34882129,354,237,117,970377387
34138129,301,201,100,947528569
30654289,278,191,87,841222161
32898121,305,209,96,909560475
32643769,329,236,93,901788471
33146929,337,240,97,917166247
33387001,372,252,120,924512111
31168201,366,247,119,856830145
34642561,418,304,114,963014017
31889281,316,220,96,878772905
33643009,230,159,71,932351139
32157721,415,305,110,886956313
32402329,289,203,86,894417555
33892321,220,161,59,939990991
31405921,334,244,90,864058437
30160369,345,234,111,826244375
31653169,258,177,81,871584513
30654649,242,177,65,841232749
34882681,375,251,124,970393485
34138441,294,209,85,947538859
30405769,352,251,101,833682007
30902281,354,245,109,848749611
31168369,303,214,89,856835029
33387169,352,252,100,924516965
34389769,391,271,120,955249301
33147241,373,268,105,917175487
34642609,258,180,78,963016327
32644609,405,268,137,901814499
32898601,379,254,125,909575175
32402449,290,209,81,894421887
33892681,238,158,80,940002217
30655921,349,242,107,841270657
34138561,383,286,97,947541901
34882801,437,304,133,970396395
31889881,277,202,75,878791853
31406281,298,212,86,864068715
30903889,251,166,85,848799417
33388009,360,264,96,924543023
31170409,253,164,89,856896733
32157889,225,152,73,886961083
30160561,342,226,116,826249781
33643369,311,224,87,932361537
31653841,433,302,131,871605399
30406681,419,287,132,833710513
33147409,257,188,69,917181709
32645761,324,216,108,901848927
34389889,357,240,117,955253873
32898721,326,228,98,909579417
34642969,289,218,71,963026431
32403001,312,215,97,894438975
33893281,359,241,118,940019317
34883041,370,265,105,970404249
30904441,346,252,94,848816127
31171681,343,233,110,856935553
33388441,293,182,111,924556043
30655969,319,215,104,841272127
31890049,311,210,101,878796425
31407049,327,229,98,864092763
34138729,287,187,100,947547589
32646961,362,260,102,901886451
30161881,270,188,82,826289819
32158081,348,228,120,886966435
33147601,333,232,101,917187085
30407329,312,215,97,833729839
34643449,319,217,102,963040765
31654849,368,276,92,871634703
33645361,240,164,76,932423091
32403169,412,280,132,894444555
32898889,358,250,108,909584457
30904729,365,249,116,848824347
31172761,511,353,158,856968067
34883209,325,219,106,970410189
33388489,320,208,112,924557357
33893521,327,227,100,940027153
34390561,296,209,87,955274009
32158249,454,328,126,886971283
30656089,422,296,126,841275655
33148081,329,212,117,917201629
32403361,204,143,61,894450801
34643641,409,297,112,963046615
32899441,278,192,86,909600879
31407289,296,205,91,864099927
31173601,418,294,124,856993553
31892401,348,242,106,878869031
30162169,289,201,88,826299981
30904969,374,281,93,848831523
32648401,370,246,124,901929867
34139449,364,242,122,947569435
30408289,362,240,122,833758399
31657201,270,190,80,871707249
34884649,407,302,105,970453719
33645889,323,220,103,932440011
33893689,418,294,124,940032649
34392121,319,218,101,955322603
32158561,341,238,103,886981237
33148201,325,229,96,917205109
33390361,289,197,92,924614557
34644481,385,256,129,963073213
32899561,422,293,129,909603867
31174249,375,261,114,857012939
32649289,351,250,101,901956585
30162409,347,238,109,826306443
30657769,368,236,132,841326385
31657369,324,229,95,871712391
32403841,387,269,118,894464427
31407601,259,174,85,864109323
30905401,338,223,115,848844765
31893289,342,221,121,878896793
30408841,266,185,81,833776393
34140481,364,250,114,947600935
32158729,288,209,79,886986085
33148441,341,224,117,917212183
34885369,276,173,103,970475457
33894121,415,269,146,940045645
34392409,317,215,102,955332233
32900401,290,203,87,909629149
31174369,408,310,98,857016377
30163009,397,285,112,826325421
33646489,414,279,135,932459073
34645081,286,186,100,963091695
31657609,255,178,77,871719735
32649481,404,266,138,901962405
33391129,322,226,96,924639085
30660841,324,220,104,841420375
32159689,310,216,94,887016139
33149761,329,234,95,917253595
32403961,400,274,126,894467553
30906409,314,221,93,848874497
31407769,371,243,128,864114705
30163561,312,223,89,826341303
31175041,363,252,111,857036855
31894249,363,242,121,878926661
32900809,485,362,123,909641353
30409369,389,251,138,833791009
34392961,289,206,83,955348901
31658041,358,266,92,871732677
32651089,359,231,128,902011699
33894361,359,252,107,940052413
34140961,326,242,84,947614915
34645129,345,226,119,963093141
34886569,282,202,80,970512933
32159929,323,213,110,887022997
33646729,445,305,140,932465871
30660961,318,234,84,841423609
30163681,327,224,103,826344783
31175449,408,268,140,857050313
33391201,341,234,107,924641143
32901961,271,180,91,909677635
34393921,263,165,98,955377947
32652001,373,265,108,902040265
31659721,293,211,82,871783839
33150121,258,161,97,917264383
30906649,365,262,103,848881709
31408441,286,187,99,864134229
32404129,346,219,127,894472785
30410641,311,204,107,833830669
31894921,384,273,111,878945813
34645249,376,275,101,963096531
30662209,362,249,113,841461349
33894529,408,279,129,940057291
30164401,229,165,64,826367313
34886881,328,230,98,970522695
31175761,295,207,88,857060567
34141249,354,251,103,947623993
32160529,418,316,102,887041941
33391801,379,266,113,924659407
32902249,283,182,101,909685333
33647161,249,184,65,932478633
32655169,342,246,96,902137261
34394089,300,224,76,955382567
31895329,417,277,140,878958077
34645489,441,316,125,963103671
30907489,466,308,158,848907773
30662641,211,137,74,841475305
33150961,362,247,115,917290369
31660129,409,288,121,871795071
32404369,409,294,115,894479973
31409281,278,189,89,864161121
30410689,391,262,129,833831899
34887001,328,230,98,970525923
30164521,379,266,113,826371009
32903329,408,266,142,909717469
32656009,254,185,69,902162827
31175929,258,166,92,857065547
33895129,287,186,101,940075903
34394329,455,323,132,955389437
33391849,330,235,95,924660373
32161081,359,246,113,887058297
34141489,399,280,119,947632057
30907969,267,180,87,848922581
31896169,418,282,136,878984081
33648841,427,287,140,932529315
30662881,308,198,110,841482703
34645969,373,267,106,963118191
33151969,426,279,147,917320783
32404681,296,190,106,894490245
34887889,253,172,81,970553919
30411361,392,261,131,833851651
31660561,298,189,109,871809291
30164689,253,184,69,826376205
31409401,275,186,89,864164331
32904649,416,305,111,909759355
32656969,302,214,88,902192341
33393361,174,111,63,924706811
34395001,288,201,87,955410653
31176121,294,194,100,857071001
30663649,245,170,75,841506067
31896481,353,246,107,878993483
34646929,348,237,111,963147161
33152569,371,240,131,917338675
32405521,271,188,83,894515571
33895969,356,234,122,940103097
32161201,428,293,135,887061375
30908089,280,181,99,848926085
34142161,340,241,99,947652577
33650401,316,223,93,932577621
32657041,342,248,94,902195125
32905009,311,205,106,909770281
31410289,220,152,68,864191829
33393889,313,218,95,924722213
34395601,354,258,96,955428577
30411529,342,229,113,833856655
34888081,406,280,126,970559511
30165529,325,225,100,826400643
31660609,314,204,110,871810773
31896769,346,256,90,879002069
33153481,269,193,76,917366413
31176601,306,204,102,857085077
30909169,326,222,104,848960921
30663889,384,276,108,841512955
32162281,360,235,125,887095617
32406889,372,260,112,894556569
34648441,363,249,114,963194033
32657641,433,285,148,902211733
32905441,370,269,101,909783043
33394201,275,172,103,924732335
33650569,278,197,81,932582127
33896881,393,263,130,940129431
31897609,339,240,99,879027677
31410481,273,191,82,864197949
34142809,384,262,122,947672683
33154249,322,239,83,917390257
30909649,271,204,67,848974505
31176889,381,273,108,857094917
30411721,364,237,127,833863033
30165601,412,292,120,826402785
34395841,419,299,120,955435639
34888561,330,220,110,970574307
32162761,287,199,88,887109483
31661401,373,257,116,871834773
32407489,273,189,84,894575145
32905681,366,261,105,909789805
32658049,359,250,109,902224789
30664201,287,186,101,841522549
33394561,282,190,92,924742625
34648489,353,239,114,963196217
31898281,309,220,89,879048017
33154321,308,211,97,917392549
30911161,348,260,88,849021317
31410649,329,228,101,864202773
33650689,388,272,116,932585763
33898201,383,262,121,940170825
34397281,305,205,100,955481053
32163121,216,155,61,887120577
30166249,203,140,63,826422843
32408329,428,289,139,894599997
34143169,324,216,108,947682553
30412321,298,188,110,833882671
31177129,271,179,92,857101415
33394729,276,176,100,924748211
32658361,356,249,107,902234491
32906161,349,244,105,909804985
31662289,338,239,99,871860993
34888729,356,247,109,970579167
30664321,352,242,110,841525945
30911329,285,199,86,849025955
33154969,257,165,92,917412101
31411129,230,161,69,864217477
31898689,264,176,88,879060065
34649449,312,212,100,963226175
32163961,379,244,135,887145141
30166369,369,248,121,826426047
33651361,401,291,110,932606661
34397329,337,246,91,955482343
33898729,425,310,115,940186965
33395041,303,186,117,924757583
32906281,411,270,141,909808549
32658529,312,207,105,902239417
30912121,375,253,122,849049217
32408401,258,172,86,894603507
30412489,314,211,103,833887387
33155329,261,172,89,917423507
31177801,341,242,99,857122463
34143601,434,305,129,947695657
31411969,346,244,102,864242881
31899289,382,269,113,879078887
30664489,318,229,89,841530745
30167281,247,159,88,826454877
31663081,455,296,159,871885653
32164441,273,183,90,887160891
34889521,370,255,115,970604007
33395209,266,177,89,924762761
32906449,210,140,70,909813985
34650841,327,223,104,963268247
32659201,209,141,68,902259541
34399129,368,274,94,955537435
33155641,295,226,69,917432963
33652369,261,177,84,932637675
31413601,357,242,115,864292039
30912169,327,235,92,849050561
31900201,355,249,106,879107373
30168769,388,271,117,826499799
32164609,291,200,91,887165655
30413209,330,243,87,833908279
33899161,319,214,105,940201143
32409049,375,282,93,894623415
31177969,348,233,115,857126591
34144009,336,239,97,947708311
30666001,239,162,77,841576615
31663321,336,229,107,871892763
33395881,475,323,152,924783923
32906521,377,273,104,909815731
31413769,349,231,118,864297103
30912841,443,329,114,849072355
34400209,357,242,115,955570441
30169801,263,182,81,826530333
31900369,336,240,96,879112281
34889761,235,148,87,970611459
32165449,278,202,76,887190753
33156481,329,233,96,917458937
32659321,450,308,142,902263081
34651009,401,271,130,963273125
33652609,260,180,80,932644737
32409241,326,228,98,894629001
30413401,336,215,121,833913727
33396409,435,314,121,924800315
31178809,321,217,104,857152985
33899329,406,273,133,940206363
30913009,362,233,129,849076231
30170401,355,243,112,826548999
31414681,284,193,91,864325909
32907361,424,282,142,909841567
30666049,406,280,126,841577857
31900849,353,240,113,879127089
34400881,317,208,109,955591441
31663921,287,198,89,871911321
34144441,299,213,86,947721979
33156649,344,235,109,917463899
34891081,348,252,96,970651617
32165641,267,185,82,887197113
32659369,345,243,102,902264629
32409409,341,237,104,894635421
30914641,328,213,115,849126201
30170449,245,176,69,826550517
33397249,370,264,106,924825527
32907961,329,235,94,909860383
31901041,418,285,133,879132705
34652041,427,291,136,963305717
30414409,398,272,126,833944999
33652921,298,191,107,932653733
34401361,298,196,102,955606033
33157609,271,200,71,917492717
31179289,487,344,143,857167709
31416529,218,151,67,864381041
30666241,289,198,91,841584055
32166961,323,226,97,887238453
34891609,372,242,130,970667085
33900169,306,221,85,940231465
31664329,488,351,137,871923303
32660041,345,247,98,902285965
34145521,316,224,92,947754439
30914809,365,254,111,849130785
32908129,349,240,109,909865335
31901521,332,227,105,879147255
33397729,265,174,91,924840533
30171241,251,168,83,826574665
34401481,277,188,89,955609369
33157849,458,310,148,917500049
33653041,342,253,89,932657681
32409841,328,240,88,894648693
32167321,271,208,63,887248419
30415849,348,243,105,833989333
34653049,392,268,124,963336263
34891921,258,158,100,970677555
31179409,380,278,102,857171549
32660401,301,222,79,902296747
30915361,235,160,75,849147549
31417129,367,266,101,864399269
30668401,247,174,73,841649269
32908801,283,193,90,909886005
31901641,356,230,126,879150309
31664929,240,162,78,871942117
33900409,298,205,93,940238521
33398089,404,274,130,924850895
32410681,327,242,85,894674079
33653281,310,219,91,932664437
34146121,300,211,89,947772751
33158329,321,208,113,917514923
30171289,312,207,105,826575673
34402201,338,233,105,955631509
34892281,265,187,78,970688445
30916321,402,276,126,849177027
32168809,337,239,98,887295051
31417201,321,218,103,864401321
30417529,359,239,120,834039361
31902361,317,217,100,879172227
32908849,345,231,114,909887475
34653481,357,246,111,963349109
31179481,323,231,92,857173817
33398689,306,205,101,924869477
32661721,342,233,109,902336791
30668569,205,135,70,841654225
30172081,250,164,86,826600135
31665841,293,187,106,871968679
33653449,408,287,121,932670305
32410849,204,140,64,894679281
33901081,302,217,85,940259041
34402561,291,201,90,955643233
30917209,350,253,97,849204333
31417681,272,186,86,864416513
33158689,299,220,79,917525519
34146961,284,191,93,947799941
32169001,427,303,124,887300217
31902529,350,236,114,879177465
34892761,322,226,96,970703721
32909209,421,289,132,909898305
33398929,317,229,88,924876677
30418249,253,172,81,834061267
30172249,329,233,96,826604665
31666321,308,216,92,871984207
33654601,339,238,101,932705645
31179961,330,218,112,857188235
34653649,307,206,101,963354479
30668929,357,252,105,841665691
32662849,362,254,108,902371039
32410921,275,190,85,894681435
34404001,356,247,109,955687219
31418041,377,260,117,864426635
32169649,329,236,93,887320197
31902721,369,260,109,879183267
34892881,231,152,79,970707231
32911729,273,191,82,909974493
33901249,313,223,90,940264273
30172489,430,301,129,826611499
33399241,315,221,94,924886499
30918241,290,203,87,849234975
33159001,297,204,93,917535359
34147369,294,212,82,947812103
31666489,502,333,169,871989607
30418441,286,183,103,834067825
33655561,271,175,96,932734997
34404841,268,194,74,955713997
31418209,255,176,79,864432077
32170009,221,154,67,887330919
31903561,312,209,103,879209043
31180921,442,299,143,857216639
30669361,326,218,108,841678441
34893121,311,215,96,970713843
32913409,259,181,78,910025985
34653721,292,217,75,963356843
32664241,237,150,87,902413891
33399601,351,233,118,924897377
32411521,302,191,111,894699315
33159961,332,224,108,917564567
30173641,210,130,80,826647193
30918409,328,218,110,849239793
31666849,337,232,105,871999825
33902689,383,266,117,940307317
31418521,353,245,108,864442685
32171281,286,204,82,887369529
31904209,310,206,104,879228343
34405729,356,252,104,955741933
30419761,331,231,100,834107227
33656281,335,262,73,932757395
34147681,316,219,97,947821073
34893961,345,250,95,970739871
33400369,392,282,110,924921113
31181089,282,209,73,857221641
30669409,289,194,95,841680193
33160201,529,365,164,917573051
30919081,370,252,118,849261405
32411569,327,238,89,894700581
32664409,393,297,96,902419393
32913721,253,183,70,910036131
31667161,348,230,118,872009539
34654201,312,212,100,963371603
30173809,312,199,113,826652089
31904329,372,280,92,879232231
31418641,302,214,88,864446387
32172841,317,224,93,887417293
30420721,275,191,84,834136549
34406089,316,205,111,955752139
33903241,380,279,101,940325203
33401761,322,214,108,924963521
30919849,310,228,82,849284001
33656641,344,240,104,932768201
34148641,321,224,97,947850809
32412241,364,249,115,894721053
31181809,304,203,101,857244225
34894129,382,246,136,970744479
31667689,346,231,115,872025169
31419529,352,255,97,864473003
30669601,324,216,108,841685993
31905001,371,272,99,879252481
30174841,263,182,81,826683283
30420961,335,230,105,834144229
33160849,351,232,119,917592737
34406569,374,273,101,955765759
32664529,386,262,124,902422471
32913889,397,275,122,910041465
32173201,283,185,98,887427655
30920089,318,230,88,849290835
33402121,272,190,82,924974531
34654489,368,250,118,963379523
32412769,267,194,73,894737427
34149361,269,190,79,947872679
31668001,223,161,62,872035513
31905721,221,143,78,879276001
30421129,346,246,100,834148657
33903361,348,252,96,940328875
31182649,201,141,60,857269473
33657241,408,311,97,932787077
31419649,347,236,111,864477053
30175009,396,275,121,826688239
34407409,274,179,95,955791955
32173681,342,242,100,887443927
30670369,395,265,130,841709095
33402961,300,195,105,925001063
34895281,281,202,79,970781525
33161641,352,244,108,917615495
32413201,315,224,91,894750213
32664601,269,193,76,902424793
32916409,344,232,112,910116909
34655329,309,214,95,963405623
31668361,268,172,96,872046175
30920401,322,221,101,849299805
31906249,402,294,108,879291241
31184161,398,285,113,857314887
34151209,345,238,107,947928797
33657649,299,210,89,932800187
30175681,353,241,112,826708411
32174041,274,194,80,887454199
30421969,450,305,145,834173269
34408441,275,185,90,955823677
33403129,291,194,97,925006025
33903769,379,242,137,940340815
31419721,367,257,110,864478685
32413921,249,169,80,894771285
30670441,438,327,111,841711765
31668529,365,247,118,872051491
31184449,425,296,129,857323191
34152721,350,240,110,947976283
34895449,368,253,115,970786199
33161881,341,214,127,917622707
30176449,362,221,141,826730995
34656001,344,244,100,963426491
32665081,248,157,91,902438929
33658081,438,310,128,932812187
32917201,355,250,105,910142301
30921769,488,332,156,849342703
32174689,298,213,85,887474155
31906729,299,188,111,879305911
30422281,492,325,167,834183445
34408609,358,248,110,955829065
33403609,351,254,97,925022081
32414089,353,256,97,894775719
31668961,263,183,80,872065549
31184521,260,179,81,857326065
31419889,286,197,89,864484001
33904609,384,259,125,940366543
34152841,327,220,107,947979919
30670609,415,281,134,841717321
30177361,314,211,103,826759237
30422641,518,374,144,834193471
33162361,275,201,74,917639753
34656241,324,211,113,963433871
33658129,374,265,109,932814569
34408921,323,223,100,955839229
32175049,302,204,98,887484433
30922369,301,191,110,849361147
32414281,285,196,89,894782085
32665201,326,218,108,902442613
34896649,388,264,124,970822595
31907089,327,223,104,879316123
32917609,314,201,113,910155039
31669369,308,204,104,872076655
31186801,345,237,108,857395107
33404401,395,285,110,925046231
30178201,283,197,86,826784239
34153681,282,207,75,948005071
30424321,292,205,87,834245797
33162721,370,254,116,917648991
31420489,263,180,83,864502655
30671041,233,156,77,841729243
33905281,382,261,121,940386955
32414449,379,262,117,894786675
34657561,255,167,88,963474947
31908241,307,198,109,879352021
34897249,378,266,112,970840577
31187521,231,149,82,857417667
31669969,390,286,104,872094157
32175361,271,163,108,887493511
33658489,415,278,137,932824619
30178849,311,218,93,826805353
30923209,307,218,89,849385897
34409281,247,179,68,955849573
30424489,421,295,126,834250741
32665441,263,178,85,902449369
32918881,333,244,89,910193105
34153921,328,223,105,948012121
33405241,282,191,91,925070849
33163561,308,219,89,917675401
32414761,341,229,112,894797391
31908529,219,143,76,879360523
31187881,408,270,138,857427405
34657681,319,228,91,963477965
31420561,342,238,104,864504911
31670641,268,199,69,872115217
30671089,268,197,71,841730479
30179209,336,242,94,826815229
30424969,265,189,76,834265687
33905449,364,262,102,940392619
34409929,302,200,102,955869325
34897321,367,251,116,970843343
34154689,454,299,155,948035887
32175889,309,208,101,887509669
30924601,470,306,164,849428623
33164041,277,170,107,917689603
31909609,418,296,122,879392329
33658921,264,170,94,932837981
32666089,291,175,116,902469919
32414881,401,280,121,894800787
32918929,359,236,123,910195895
31671361,314,215,99,872137711
31188361,246,172,74,857441853
33405481,380,278,102,925078667
30179521,219,143,76,826824463
34657921,241,168,73,963485537
30425809,438,296,142,834290239
30671761,335,223,112,841751827
31421329,275,183,92,864527417
34154929,284,200,84,948043039
34410289,345,244,101,955880467
33905761,288,201,87,940402747
31910449,325,227,98,879419137
33659161,483,344,139,932845499
34897921,366,245,121,970861109
33165001,373,248,125,917719207
31671481,270,187,83,872141335
30924769,285,208,77,849434293
32415049,405,292,113,894806121
32176321,272,204,68,887523525
33406489,363,223,140,925108589
30180361,279,194,85,826851193
32919889,329,218,111,910224071
32666761,326,225,101,902491657
34658089,344,229,115,963490715
31188721,368,250,118,857452485
34155241,417,284,133,948053383
31911721,330,223,107,879457549
33906601,227,141,86,940428943
30427009,412,286,126,834326463
34410889,345,257,88,955898497
30671881,330,238,92,841755325
33659761,295,194,101,932863775
31421881,351,220,131,864544481
33166009,465,325,140,917750455
31671649,273,186,87,872146675
33407161,394,266,128,925129137
30180529,345,235,110,826855681
30925801,294,193,101,849464119
34658761,373,242,131,963511349
32415961,331,227,104,894834669
34898641,369,239,130,970884539
32176369,356,257,99,887525055
33907441,386,262,124,940453543
34155409,341,231,110,948058447
31911961,238,163,75,879464395
30428449,331,233,98,834371373
34411129,356,237,119,955906363
32919961,319,214,105,910226189
32666929,229,159,70,902497129
31189321,302,209,93,857471455
31672369,278,201,77,872167297
33166561,309,227,82,917767147
30180649,278,194,84,826859401
30672121,336,223,113,841762387
33407641,259,178,81,925144209
33660841,376,255,121,932896259
31422169,254,174,80,864552953
30926449,395,280,115,849483721
34659601,325,220,105,963536885
31912561,328,221,107,879483625
33908449,319,233,86,940484155
30429121,371,246,125,834391659
34156201,314,232,82,948082351
34411441,289,194,95,955916119
31673569,277,198,79,872204935
32416129,321,208,113,894839217
32177329,357,263,94,887554539
34899001,363,239,124,970895447
30180889,351,250,101,826866409
32667049,338,240,98,902500273
32920969,370,255,115,910256663
31189489,384,266,118,857476573
33166681,361,237,124,917770303
30926569,270,184,86,849487801
30672769,310,213,97,841782541
34659769,307,216,91,963541673
31912729,342,232,110,879488149
30429169,203,141,62,834392733
31422241,314,217,97,864554927
33407761,273,185,88,925147485
33909121,259,176,83,940505677
33661321,336,232,104,932911739
31674001,388,279,109,872218339
34156249,303,205,98,948083407
34411561,355,241,114,955919521
32416561,274,194,80,894852801
32667121,306,219,87,902502517
30181201,288,200,88,826875343
32178169,298,201,97,887579085
30926641,361,276,85,849490735
31190161,382,275,107,857496157
30429361,329,228,101,834398469
31913569,348,227,121,879513853
34900009,315,224,91,970925963
32921569,313,224,89,910275695
34660441,310,217,93,963561665
34411801,360,256,104,955926703
31674169,424,307,117,872223655
30673969,388,268,120,841818313
33166729,331,220,111,917771773
34157209,323,214,109,948112393
31422841,322,217,105,864573653
32417569,391,264,127,894883645
33408169,334,231,103,925159215
33909289,425,311,114,940510273
33661609,401,312,89,932920349
30181561,356,245,111,826886617
30927121,242,179,63,849505033
32668561,321,233,88,902546389
31190569,338,237,101,857508951
31913809,353,250,103,879520987
30430129,297,204,93,834421221
34661041,301,190,111,963581567
32178241,447,312,135,887580651
34411969,291,202,89,955932135
34900849,277,189,88,970951649
34157881,250,167,83,948133783
32922121,273,201,72,910292213
33166921,364,264,100,917777401
32418289,365,258,107,894905317
30676801,279,173,106,841903945
30927241,314,213,101,849508573
31192009,342,227,115,857552823
30182161,286,175,111,826906369
31674241,265,186,79,872226115
30430201,331,235,96,834423579
31914481,277,190,87,879542005
31422889,353,263,90,864575201
32668729,325,219,106,902550541
33663361,300,206,94,932972971
33408601,443,323,120,925173027
33909409,313,230,83,940514461
34661881,304,206,98,963606951
34413121,317,231,86,955966635
33167569,359,247,112,917797591
32178889,421,284,137,887600529
31192561,202,146,56,857571021
30430681,345,228,117,834437709
32418961,269,184,85,894925531
30182329,311,218,93,826910623
34901329,378,258,120,970966961
32669281,300,201,99,902567959
32922481,268,178,90,910303007
34158121,487,319,168,948141259
33663529,277,192,85,932978299
30678001,343,230,113,841941889
30927409,477,341,136,849512707
31675561,413,269,144,872264753
33910081,368,253,115,940534333
31423081,336,225,111,864580589
31915321,413,281,132,879567103
34662721,393,257,136,963633339
34413241,400,273,127,955970085
30430801,389,289,100,834441489
31192849,321,209,112,857578941
30182569,300,187,113,826918609
33408649,376,261,115,925174989
32419921,343,242,101,894955735
32669449,448,303,145,902572237
33167929,350,251,99,917808745
32179729,338,234,104,887626257
34158601,237,163,74,948155983
33663841,255,169,86,932988835
30928081,324,217,107,849533371
30678601,368,247,121,841959547
34662769,378,263,115,963634641
34901521,317,217,100,970972997
33910969,261,194,67,940561507
32923249,417,293,124,910327421
34413289,247,169,78,955971555
30183409,296,209,87,826943383
31675681,357,260,97,872269043
31192921,377,243,134,857580651
32420329,411,295,116,894967399
31423729,311,213,98,864601049
31916761,369,265,104,879610633
32669641,401,281,120,902577493
30430849,334,227,107,834442809
33408769,300,224,76,925177875
33664129,391,288,103,932996911
34158721,313,216,97,948159355
30928489,438,289,149,849545929
34662889,313,229,84,963638607
33168601,312,217,95,917829763
30184009,341,240,101,826961857
34413409,301,197,104,955975845
33911089,371,269,102,940564795
32180521,352,242,110,887652099
31193689,337,222,115,857604039
32422321,326,242,84,895028237
30678841,284,200,84,841967239
32923489,298,193,105,910334687
32670289,285,203,82,902598217
34902841,344,237,107,971012531
31675921,322,217,105,872276279
31423921,306,191,115,864606191
31916809,442,300,142,879612769
30929809,299,199,100,849586231
33664201,300,194,106,932999455
34159441,278,199,79,948181465
30431209,227,158,69,834453939
30184681,401,283,118,826981395
33409009,370,262,108,925184793
34413961,423,287,136,955992915
31193761,269,185,84,857606223
32422681,271,164,107,895038443
33169249,317,225,92,917848873
34664281,321,231,90,963681477
32181241,291,206,85,887672757
33911161,375,267,108,940567621
30680161,326,219,107,842007031
33664681,351,257,94,933014491
34159969,324,210,114,948197755
32670409,297,209,88,902602147
30930649,375,237,138,849612127
33409489,270,179,91,925199349
32923801,325,239,86,910345457
30184729,300,200,100,826983369
31676521,353,241,112,872294231
31194529,341,251,90,857629185
34414249,275,208,67,956000901
31424401,353,238,115,864621311
34903009,314,229,85,971018915
31917649,339,228,111,879639667
32423449,368,249,119,895063355
30431641,404,283,121,834466551
32185609,290,196,94,887806069
34665289,447,316,131,963711543
33170089,335,233,102,917874847
33665041,296,206,90,933024559
32671321,292,214,78,902631505
34160449,372,265,107,948212257
33409609,342,225,117,925202811
31194769,390,254,136,857636919
33911641,265,179,86,940583023
30184849,369,254,115,826987071
30680281,379,249,130,842010007
30931009,433,299,134,849624163
34414801,292,190,102,956019399
32423689,400,270,130,895070249
32186449,262,176,86,887832067
32924329,288,192,96,910360661
31678201,357,252,105,872345123
31425529,328,227,101,864655469
30432361,290,202,88,834489069
31918321,428,303,125,879659353
34903129,342,222,120,971021723
34666321,421,297,124,963743813
33665809,391,272,119,933048571
31196281,343,234,109,857682903
32671801,336,244,92,902645263
33409681,495,370,125,925204947
30185401,319,205,114,827003343
34160641,272,198,74,948218911
33170881,370,256,114,917899021
32186641,396,278,118,887837833
30931321,296,213,83,849632845
30680329,300,201,99,842011765
34415929,351,231,120,956054583
33911809,330,234,96,940587853
32424169,392,267,125,895084733
33665881,293,193,100,933051055
31196929,240,164,76,857702877
34666921,574,391,183,963762725
31678369,335,232,103,872350541
33410161,337,231,106,925220421
34906561,301,224,77,971127351
32925169,386,279,107,910386219
30432529,343,225,118,834494379
31426201,333,217,116,864676685
34160809,327,228,99,948223453
32672161,401,282,119,902655523
30185929,304,210,94,827019051
31918489,352,253,99,879664333
30932449,415,278,137,849666505
33171289,358,252,106,917912383
34416001,292,211,81,956056437
32186809,334,244,90,887844169
30681361,362,235,127,842042533
33666481,351,235,116,933070117
33911929,286,201,85,940591495
31197121,268,194,74,857708997
30186241,315,222,93,827028633
34668481,242,163,79,963810209
33411121,381,254,127,925250169
34907401,251,168,83,971153343
34161121,302,212,90,948233761
32424289,397,274,123,895089143
30433201,386,265,121,834515517
31680721,376,259,117,872422475
31426609,322,215,107,864688515
32925649,285,185,100,910400931
30933841,303,194,109,849708241
33171601,304,200,104,917921473
32672329,498,343,155,902660377
31919161,317,206,111,879685111
34416601,365,250,115,956074227
33666649,246,173,73,933075019
30187249,244,164,80,827059285
33912001,380,266,114,940593265
33411289,354,239,115,925255905
34908241,224,143,81,971178795
30681961,371,270,101,842061933
34161409,535,383,152,948241555
32188129,424,304,120,887884309
31197721,318,207,111,857728533
30934201,198,129,69,849720025
32925769,345,254,91,910404591
34669321,293,199,94,963836169
33172801,252,178,74,917958325
31427089,358,255,103,864702627
30433489,278,204,74,834524079
32424361,400,278,122,895090961
31680889,327,218,109,872427859
30187609,325,223,102,827069377
34416841,332,226,106,956081295
33667201,400,268,132,933091765
31919281,295,188,107,879688567
32673481,212,146,66,902695723
33411361,356,242,114,925258005
34909681,356,253,103,971222607
34162489,340,258,82,948275713
33912601,346,229,117,940612213
30934801,397,267,130,849738355
30682009,354,237,117,842063367
31428049,191,112,79,864731719
30433561,306,204,102,834526605
33173641,363,254,109,917983315
32188249,281,192,89,887888293
34669489,348,244,104,963841167
31197889,417,290,127,857733219
30189889,395,271,124,827139337
32926009,365,242,123,910411485
34417849,355,244,111,956112957
32424841,400,290,110,895105265
33411841,310,211,99,925272435
31681129,528,369,159,872434339
33667321,306,214,92,933095137
34910521,370,245,125,971249133
30935209,478,327,151,849749317
32674489,308,193,115,902725969
31920841,345,236,109,879736419
30434161,255,171,84,834543273
31428601,268,182,86,864749203
34162801,344,219,125,948285091
33173809,352,249,103,917988565
32926441,258,181,77,910425711
34671121,287,201,86,963891171
30682129,193,128,65,842066661
33913489,252,169,83,940639333
34418161,421,303,118,956122251
32188969,318,207,111,887910103
30190441,308,206,102,827156257
33412129,359,255,104,925280619
31198729,312,210,102,857758263
30935809,251,168,83,849768469
30434881,219,156,63,834565623
34910761,384,267,117,971256087
32424961,393,279,114,895108547
31428961,328,220,108,864759403
31681609,302,239,63,872448679
33669049,428,297,131,933149365
33174121,271,199,72,917998117
32926609,306,207,99,910430895
32675281,386,272,114,902750443
31921009,382,249,133,879741339
34671961,269,175,94,963917673
34163089,253,179,74,948293617
34419001,342,221,121,956148921
33412801,278,197,81,925301367
33913681,359,253,106,940645717
30935881,311,224,87,849770261
30683041,305,208,97,842093619
30435001,269,178,91,834568719
30190609,337,237,100,827161471
32189329,338,230,108,887920627
31198801,420,310,110,857760231
31429129,373,244,129,864764401
32927449,304,204,100,910455861
33174409,383,254,129,918005929
33670249,427,285,142,933184499
34672009,254,167,87,963918885
32676361,203,140,63,902783529
34911241,392,271,121,971272263
32425849,328,230,98,895137089
31682281,320,220,100,872469151
31921129,363,245,118,879745083
34419289,301,207,94,956156451
34163161,462,313,149,948295621
30936361,238,171,67,849785141
33413209,384,264,120,925313865
31429441,367,263,104,864773509
30684529,403,250,153,842139465
30435721,361,263,98,834590641
33175081,267,180,87,918027823
33914281,336,229,107,940663033
30190729,407,269,138,827165041
32927689,264,194,70,910463541
34673521,258,165,93,963964437
31199449,393,279,114,857779485
32189809,359,235,124,887935381
33670729,345,235,110,933199625
31922809,296,197,99,879796617
30937561,322,220,102,849821399
32676841,357,246,111,902797545
34164601,280,193,87,948339045
34419841,267,189,78,956173581
33413521,358,251,107,925323591
34911361,237,148,89,971276349
31683409,304,209,95,872504107
32426041,450,320,130,895141793
31429561,368,240,128,864777127
33175249,369,261,108,918032647
33914521,316,219,97,940670821
33673249,293,214,79,933276931
30436729,350,243,107,834620863
30684889,303,207,96,842150913
34673809,383,269,114,963973797
31923049,356,256,100,879804027
30938161,315,209,106,849839297
32677129,295,207,88,902806299
34164769,362,260,102,948343281
30190969,312,218,94,827172931
32928001,300,211,89,910472613
31200409,346,238,108,857808879
32191009,310,227,83,887971243
31431121,319,222,97,864825679
34912369,318,217,101,971304985
33414361,415,284,131,925350003
31683481,393,289,104,872506243
34419961,291,190,101,956177277
32426209,325,210,115,895147073
33673609,387,288,99,933288001
34674049,340,233,107,963980517
32677201,462,308,154,902809167
33915001,372,256,116,940686271
30938329,323,238,85,849845411
33176089,369,260,109,918058633
34165009,322,221,101,948353127
30437521,326,206,120,834644413
30685201,328,233,95,842159619
31431481,284,191,93,864836029
32929129,326,241,85,910506321
31923361,288,209,79,879811983
33415321,220,148,72,925379583
34912609,355,238,117,971312713
30191449,424,286,138,827187073
31200649,352,239,113,857815935
32192449,249,172,77,888015897
33674041,385,264,121,933300865
34674529,368,263,105,963996273
30938569,360,241,119,849852101
32677849,295,195,100,902829159
34165321,245,160,85,948362811
31683961,265,164,101,872521903
32427529,389,281,108,895187867
34420369,383,255,128,956189889
32929201,436,295,141,910508079
31431649,377,256,121,864840733
33915121,317,226,91,940689499
31201321,552,392,160,857835837
33415729,283,190,93,925390647
33176329,315,214,101,918066187
30437761,335,231,104,834651823
30686041,317,203,114,842185739
30191809,390,261,129,827196769
31923721,340,240,100,879823383
30938881,326,223,103,849861113
33674209,338,244,94,933306055
34912921,378,266,112,971322283
32677969,276,202,74,902832273
34165609,301,205,96,948370731
32192521,359,242,117,888017559
31432081,327,211,116,864854995
34674649,416,290,126,963999279
32929681,274,179,95,910524279
31201921,221,151,70,857855271
33915169,379,254,125,940690957
31684129,313,225,88,872526467
30192241,318,233,85,827209873
33416569,358,242,116,925416927
32427649,291,187,104,895191455
30939001,309,210,99,849864395
34421641,243,163,80,956229781
33177601,255,183,72,918105655
33674281,244,165,79,933308209
30437929,303,219,84,834657727
34913041,330,235,95,971325637
30686569,296,181,115,842202257
32679721,311,210,101,902886477
31923889,619,412,207,879828255
31201969,453,308,145,857856309
33915841,285,205,80,940711387
32929849,302,205,97,910529385
34166689,402,280,122,948403269
31432969,429,277,152,864882607
33417049,350,243,107,925432233
32193001,240,165,75,888032541
30939169,295,198,97,849869885
34675369,346,250,96,964021941
33674929,419,300,119,933327535
30192649,412,288,124,827222323
33177649,370,260,110,918106873
31684921,269,179,90,872550453
34913449,389,263,126,971338741
32681041,390,277,113,902927319
32428369,308,215,93,895212293
30439081,332,222,110,834692779
31202641,276,197,79,857877177
30687001,353,229,124,842215349
32930041,289,193,96,910535487
34422049,390,266,124,956241433
33916009,360,247,113,940715613
30939241,443,320,123,849871877
31924201,304,198,106,879838431
33418849,339,237,102,925486863
31433161,369,254,115,864887509
30192961,406,288,118,827230987
33675121,381,236,145,933333373
33178681,273,171,102,918138495
34167361,345,242,103,948424563
32193289,362,253,109,888041457
32681329,456,311,145,902935695
34913761,311,204,107,971348581
34676041,272,172,100,964042077
31685089,346,242,104,872555331
31202761,357,266,91,857879919
32930881,287,195,92,910561467
33916969,498,345,153,940746855
32429041,395,273,122,895233017
30439249,257,170,87,834697183
30687049,422,289,133,842216975
31433761,308,216,92,864906571
30193249,388,259,129,827241625
33675601,391,300,91,933348925
30939409,361,249,112,849876767
34422529,266,188,78,956256079
32194801,252,164,88,888087285
33179329,301,200,101,918158391
31924489,223,148,75,879847023
32681401,341,227,114,902938341
31202929,346,235,111,857885895
33419929,364,255,109,925521243
32931049,386,267,119,910566741
34168681,300,202,98,948466633
34914601,367,263,104,971373883
33918649,391,273,118,940797969
31434841,251,164,87,864939511
31686169,310,210,100,872586927
30194161,369,245,124,827269099
34677001,443,342,101,964072347
32195641,286,202,84,888111117
33675769,435,300,135,933354235
33179689,265,182,83,918168441
34423201,349,248,101,956276869
30439441,455,319,136,834703111
32429161,359,247,112,895236905
32681569,343,242,101,902943135
30687409,316,227,89,842227019
30939841,384,280,104,849890249
31203169,364,246,118,857892963
33420241,279,188,91,925530393
32932201,356,239,117,910600719
31924729,281,189,92,879853933
31435009,391,267,124,864943861
34914721,343,233,110,971376751
33180841,274,202,72,918204939
33676441,283,193,90,933374983
32195689,312,217,95,888113175
34424041,482,346,136,956302867
34169041,251,165,86,948476179
30940729,386,255,131,849917759
32682049,261,175,86,902957235
33919489,220,155,65,940823465
31686649,284,199,85,872601981
30194641,299,219,80,827283883
30439609,352,244,108,834709159
33420769,415,287,128,925545231
34678729,381,265,116,964125677
30687889,299,208,91,842242049
32430001,393,288,105,895262999
32933161,330,231,99,910630335
31435441,352,246,106,864956329
31203649,256,180,76,857907507
32196361,318,224,94,888133995
31925209,364,255,109,879868261
30941929,328,218,110,849954749
34914769,508,334,174,971378185
34424161,439,292,147,956306635
33181009,284,193,91,918209763
33677401,463,319,144,933404641
32682409,448,307,141,902968281
33422281,353,253,100,925591149
33920881,273,185,88,940865939
31435489,361,248,113,864957901
32933881,353,236,117,910652415
30194761,338,240,98,827286937
34170049,252,172,80,948508501
31686769,348,246,102,872605857
30440041,358,247,111,834721423
32196721,397,274,123,888145243
30688561,304,214,90,842261579
30942361,299,212,87,849967895
32431561,365,254,111,895310063
34678921,308,213,95,964131209
34425049,369,272,97,956333077
31204009,301,203,98,857919261
31925329,344,236,108,879872335
33677641,412,289,123,933412153
34915129,367,263,104,971390137
32682841,274,184,90,902981733
33423121,308,215,93,925616763
33921049,429,298,131,940870901
31436161,285,182,103,864978505
32935081,340,238,102,910689775
33181849,340,219,121,918234195
30197521,222,166,56,827370139
32197369,316,206,110,888165139
30943201,383,282,101,849992681
31686841,289,205,84,872607657
30440089,256,159,97,834722731
34170529,309,230,79,948522661
34425889,343,242,101,956358967
30688849,320,206,114,842270081
34679089,357,256,101,964136327
33678289,400,277,123,933432547
32683009,333,237,96,902987367
32431849,457,323,134,895317929
33423769,280,172,108,925637687
32936569,407,276,131,910733851
33921721,332,236,96,940890989
31926049,330,213,117,879894817
31204681,279,194,85,857939025
30198529,267,170,97,827400877
34915609,347,238,109,971405083
32197489,249,165,84,888168751
31436521,305,193,112,864989107
31687321,340,233,107,872623455
33182209,366,254,112,918245589
30944449,275,179,96,850031573
34426681,239,157,82,956382601
33678409,358,239,119,933435673
34680241,400,275,125,964172297
30440209,493,358,135,834726211
31205329,246,178,68,857959491
34171201,287,187,100,948542557
33423961,280,196,84,925643267
32937409,391,280,111,910759309
30691369,338,237,101,842347265
32683681,387,258,129,903007965
30198841,304,202,102,827410813
32432689,336,242,94,895344287
31926889,339,212,127,879919843
31687441,325,227,98,872626245
33922729,350,255,95,940922543
34426849,385,265,120,956387857
34917121,303,204,99,971451961
30945121,259,177,82,850052197
32198041,380,262,118,888186109
31440049,387,274,113,865096061
31205521,277,193,84,857964729
34680601,394,270,124,964182407
33424441,370,263,107,925658285
30199009,270,181,89,827416141
32937529,352,237,115,910763659
33183721,468,325,143,918292821
32683921,282,191,91,903015849
34171729,312,216,96,948559087
30440881,294,192,102,834747445
33678481,312,204,108,933438289
30692041,255,188,67,842367955
31687849,392,278,114,872639187
34427401,315,210,105,956406271
31206529,392,280,112,857995185
32432929,297,220,77,895352025
32199001,299,201,98,888214111
31927729,325,220,105,879946015
34680769,376,263,113,964187237
33424969,366,255,111,925673507
32938201,283,187,96,910784525
32684521,242,167,75,903032565
33922849,324,220,104,940925903
30945769,354,251,103,850071277
30199129,304,222,82,827420011
34917241,350,259,91,971455453
31441369,357,272,85,865136387
34173169,482,335,147,948603277
31688161,391,268,123,872648535
33183889,346,236,110,918297885
33680161,274,192,82,933489589
30441049,308,203,105,834752215
31206841,277,186,91,858004977
34427929,345,229,116,956422009
32199169,360,254,106,888219697
30693121,499,357,142,842400679
32938441,372,271,101,910791737
32684569,347,246,101,903034035
30945961,349,263,86,850077235
33425401,393,259,134,925687637
32433241,394,275,119,895361511
34681081,364,269,95,964198079
34917409,292,211,81,971459899
34173721,364,263,101,948619975
31927849,346,229,117,879949657
31688281,248,162,86,872653011
30199369,426,301,125,827427277
33924361,364,237,127,940973033
31442161,254,163,91,865160903
31207009,306,215,91,858010617
34428529,386,282,104,956440159
32200681,373,255,118,888266509
30442129,223,154,69,834785377
32939449,320,228,92,910821401
33184321,266,184,82,918310767
30946129,460,328,132,850082095
33680329,445,307,138,933493561
30693769,377,266,111,842420539
32684689,294,203,91,903037809
33425449,397,279,118,925688903
34918129,267,186,81,971481061
31689529,282,207,75,872690853
34174009,283,205,78,948628567
32433601,308,207,101,895373225
31442569,375,260,115,865173223
31928089,384,278,106,879957043
34681201,256,187,69,964201013
31207129,392,275,117,858013629
34428601,347,230,117,956442817
32200849,353,237,116,888271765
30200689,345,239,106,827468239
32940289,367,250,117,910847501
33924409,326,204,122,940974389
31689841,328,227,101,872700231
33425569,284,191,93,925692983
32684929,344,231,113,903045183
34918801,344,245,99,971501833
30442441,313,199,114,834795265
34174561,312,227,85,948645733
30946441,388,283,105,850091683
30693889,360,248,112,842423785
33185161,266,191,75,918335895
33680761,386,254,132,933507841
31443169,384,270,114,865191607
34429441,287,197,90,956468527
31207369,348,259,89,858020787
32940601,212,153,59,910858253
32201569,276,185,91,888293443
31928401,394,269,125,879967411
32433769,250,174,76,895377857
30200809,330,229,101,827470753
32686081,300,203,97,903081005
30946609,320,225,95,850096321
34174681,380,278,102,948648973
34919089,377,261,116,971512573
34681249,261,174,87,964202597
30694969,456,317,139,842456977
33426121,293,194,99,925710227
31689961,296,214,82,872703651
31443409,435,301,134,865199705
33925369,278,199,79,941004665
30442561,331,244,87,834799123
33680929,320,231,89,933512947
33185881,328,226,102,918358539
32941969,344,231,113,910898903
34429609,356,229,127,956473237
30947569,320,208,112,850126069
30200881,408,288,120,827473201
30695569,344,224,120,842475181
32686921,288,185,103,903106775
31208521,350,244,106,858054981
34919329,309,202,107,971520229
34175521,324,213,111,948675097
32201929,374,260,114,888304801
32434921,328,221,107,895413071
31929361,329,230,99,879994963
33426961,451,327,124,925735517
31443721,239,166,73,865209767
34681369,393,268,125,964205963
31690201,261,169,92,872710653
30442609,350,245,105,834800311
34430089,358,238,120,956488393
30948241,298,194,104,850146031
30696241,265,182,83,842495365
33925609,280,165,115,941012477
30201481,373,259,114,827491291
33186001,350,239,111,918361881
33681001,286,193,93,933515269
32942281,280,182,98,910908821
34175569,384,264,120,948676411
34919641,232,161,71,971530279
32435089,366,256,110,895417817
33427129,370,262,108,925740239
31208809,295,200,95,858063837
32687041,276,189,87,903109985
32202241,354,240,114,888314227
31929769,330,249,81,880008127
31444009,291,189,102,865218413
30949249,381,257,124,850176301
30201529,361,256,105,827492515
30696961,347,230,117,842517487
34430449,291,172,119,956498971
32942449,266,186,80,910913621
30442969,340,232,108,834811309
34175689,340,235,105,948679459
31690801,256,181,75,872729151
32435761,354,232,122,895438073
31209049,262,177,85,858073821
34682041,233,145,88,964227485
33427489,387,283,104,925751075
33186721,316,211,105,918384981
33925921,367,253,114,941022347
33682009,311,218,93,933545155
30949969,412,287,125,850198291
30697081,362,252,110,842520751
34919761,419,297,122,971534161
31444249,259,184,75,865226243
31930081,288,198,90,880018141
32202361,270,174,96,888318193
32687449,323,215,108,903122105
34430881,399,262,137,956512783
32435929,407,278,129,895443155
30201889,357,243,114,827502877
31209889,403,283,120,858097749
32942641,303,218,85,910920275
33187249,466,311,155,918401289
33427921,442,318,124,925764449
30445489,323,219,104,834887815
30950329,416,289,127,850209109
31691041,370,262,108,872736249
34175761,266,194,72,948682623
30698089,287,185,102,842551519
34683601,376,254,122,964275143
32202529,364,253,111,888322963
31444681,320,217,103,865238129
33926089,330,232,98,941027381
33682489,210,139,71,933560305
31210489,323,233,90,858115917
32437729,267,194,73,895498451
34431601,296,201,95,956534857
33187849,416,295,121,918418005
33429841,270,169,101,925822859
34921321,424,292,132,971581867
31931041,314,200,114,880046299
32687881,337,229,108,903135425
30203881,397,283,114,827563743
30698809,402,270,132,842572861
32943241,335,230,105,910939181
34177369,367,271,96,948731601
30950641,360,268,92,850218547
32203609,368,238,130,888355381
30446161,356,253,103,834907921
31211041,298,204,94,858132117
31691521,339,226,113,872751249
32437969,359,242,117,895505669
31445929,267,164,103,865276523
34431889,484,339,145,956543515
33430321,253,176,77,925838165
34685281,290,197,93,964326803
33188689,426,289,137,918443133
33682849,341,231,110,933571525
33926209,409,292,117,941030879
31931881,319,226,93,880072039
30699001,320,225,95,842579191
30950809,419,300,119,850224259
32204281,419,288,131,888376687
34921441,302,200,102,971585191
34179049,335,238,97,948783219
31212001,295,212,83,858161737
30204721,258,186,72,827588907
32687929,371,262,109,903136817
32438281,370,266,104,895515065
32943409,425,285,140,910944251
30446761,286,198,88,834925939
31446241,328,224,104,865286597
31692481,447,326,121,872780067
33188761,319,211,108,918446133
31932049,355,249,106,880078399
30699481,367,256,111,842593225
33683449,393,266,127,933589249
34432729,395,285,110,956569519
30951649,293,199,94,850249315
33430609,308,206,102,925847555
32206129,448,323,125,888432427
31212169,351,230,121,858167359
34685641,282,190,92,964337917
32438401,285,197,88,895518935
33926281,417,278,139,941033081
34179289,305,200,105,948790641
30204841,416,309,107,827592087
31446361,332,223,109,865290413
30447169,307,204,103,834938143
34921489,325,229,96,971586583
33189241,305,216,89,918461427
32688049,279,185,94,903140291
31932289,269,186,83,880085173
30699769,295,211,84,842601733
32945161,358,259,99,910996757
33683521,401,269,132,933592039
32206561,410,255,155,888447079
31212241,402,282,120,858169285
31692649,327,215,112,872785551
32440129,390,275,115,895571339
30951769,307,215,92,850252987
34434121,380,255,125,956611369
33430681,442,315,127,925849301
34179889,377,265,112,948809415
31446769,356,257,99,865301903
30447649,315,222,93,834953095
31932601,364,235,129,880093705
30700321,287,201,86,842618943
34686121,269,189,80,964353649
30205009,319,232,87,827597121
33189361,393,265,128,918464337
33926929,304,216,88,941051129
32207281,304,208,96,888468601
33684529,385,259,126,933623821
32689729,292,195,97,903192227
34921681,443,308,135,971592409
31692889,467,316,151,872793333
32440321,339,222,117,895577189
32945929,224,158,66,911020085
31447081,307,212,95,865311893
30448321,323,227,96,834973351
31212721,324,223,101,858184699
34180441,276,199,77,948826021
31933609,384,272,112,880123503
30952321,326,205,121,850269139
32207449,355,247,108,888473299
33190921,270,182,88,918512571
30700441,314,218,96,842622165
33430849,332,219,113,925854761
34435129,316,224,92,956642881
33685129,268,176,92,933641653
30205081,275,195,80,827598975
31694041,356,244,112,872827323
32440801,334,221,113,895591829
34687321,295,199,96,964390225
33927721,267,173,94,941076233
31447441,270,180,90,865322999
30448681,322,227,95,834984255
31933969,259,185,74,880134255
34182409,262,175,87,948887479
32689801,228,150,78,903195485
34922161,277,192,85,971608915
32208961,289,196,93,888519393
32946481,354,237,117,911037227
30700609,365,251,114,842627325
31212889,415,280,135,858189715
33191209,324,216,108,918521517
33685681,448,292,156,933658097
30952489,345,235,110,850274563
31694401,318,226,92,872838099
32441161,367,265,102,895603067
31934809,385,264,121,880160661
33431161,410,264,146,925863851
31448281,347,231,116,865347827
30207409,342,244,98,827670467
34435249,357,238,119,956646205
32690401,374,250,124,903212963
32209249,373,282,91,888528195
34183321,344,247,97,948914371
30700849,288,184,104,842634243
30450169,325,236,89,835028751
34922281,284,194,90,971612659
33928801,331,221,110,941109269
34687489,245,163,82,964395397
33685801,330,240,90,933662561
31695049,298,198,100,872858187
32441329,467,335,132,895608407
31213009,325,249,76,858194089
32947009,553,349,204,911052365
31935121,251,159,92,880169589
31448449,435,292,143,865352915
30953161,335,239,96,850295637
33191281,355,261,94,918523215
32209321,283,196,87,888530715
32690809,349,256,93,903224537
33431329,310,208,102,925869365
30207769,313,220,93,827681579
34922521,384,264,120,971619049
33686209,419,299,120,933673937
34183801,350,245,105,948929425
34435801,237,168,69,956662963
31695241,346,239,107,872862939
30701161,334,224,110,842643999
30450289,240,152,88,835032131
31935289,308,195,113,880175253
31213729,354,245,109,858215437
32947489,206,155,51,911067449
33191449,329,225,104,918528585
33929281,221,143,78,941124203
34687801,287,204,83,964405165
32210089,450,319,131,888553383
30953521,309,222,87,850306593
32441809,311,220,91,895623521
32691121,292,199,93,903234731
31449289,372,256,116,865378829
33431521,445,313,132,925874897
33687721,301,217,84,933720861
31695721,407,271,136,872878635
34184641,366,261,105,948954991
30209041,325,237,88,827719577
31935481,447,341,106,880181055
32948521,332,234,98,911098977
30701449,332,228,104,842652653
33191761,383,269,114,918538761
31215361,349,234,115,858262807
34923001,235,174,61,971634007
30451801,289,215,74,835079217
32210809,335,228,107,888575321
32692081,393,260,133,903263697
34436641,366,252,114,956690071
31450801,398,274,124,865424799
30954361,314,216,98,850331337
31695841,234,159,75,872882751
33929809,342,225,117,941139671
33688321,340,248,92,933739221
32442649,439,302,137,895648769
34689001,303,195,108,964440337
34185001,393,265,128,948966049
31935649,418,294,124,880185777
33431689,263,170,93,925881539
32949121,319,214,105,911116713
31216609,478,303,175,858301249
33191881,350,246,104,918541731
30209089,295,191,104,827721257
34923169,315,210,105,971638345
32692249,297,210,87,903269463
30701689,413,282,131,842659523
31452121,379,250,129,865464387
34436929,376,259,117,956697961
31697089,386,257,129,872920303
30452641,388,271,117,835104447
32211649,396,281,115,888602273
33688489,388,261,127,933743733
34185649,321,206,115,948985903
30954961,281,191,90,850349643
31216921,361,237,124,858311095
32949361,325,224,101,911124417
32443441,376,247,129,895672517
33192769,450,307,143,918568353
33930121,329,223,106,941149265
33432121,356,260,96,925893179
34689841,339,241,98,964467037
34923529,281,186,95,971649307
31936129,256,173,83,880201399
30209209,271,178,93,827724371
34437841,288,202,86,956726587
31452241,399,300,99,865467579
32692969,316,214,102,903290679
33689041,340,230,110,933760857
30955129,293,207,86,850354563
30702169,285,193,92,842674613
30452689,394,278,116,835105791
31217089,335,237,98,858315841
31697521,383,269,114,872933833
32443681,461,304,157,895679843
33192889,342,241,101,918572895
32212009,320,224,96,888612425
33432169,258,178,80,925894937
34187521,276,198,78,949043059
34924009,471,322,149,971664475
32949841,252,172,80,911139255
31452481,307,199,108,865475535
34439281,402,274,128,956771825
33930241,357,253,104,941152487
32693641,397,285,112,903310833
30955801,319,232,87,850375679
31936249,303,210,93,880205587
33689209,304,216,88,933765591
34690441,403,280,123,964485883
30209761,383,260,123,827741489
31217281,383,255,128,858321499
30703009,334,215,119,842699369
30453481,340,226,114,835128957
31697569,341,239,102,872934967
34188169,297,219,78,949063705
32444689,532,373,159,895710471
33432361,353,235,118,925901471
34924129,255,175,80,971668867
33193441,262,181,81,918590115
32212321,302,205,97,888621725
31452649,373,241,132,865480455
34440001,361,258,103,956793875
30956041,290,199,91,850383221
32693929,307,197,110,903319839
33689881,367,262,105,933786705
31218049,289,197,92,858345865
32950129,254,171,83,911147733
31939681,289,188,101,880310911
30209929,368,258,110,827746541
33931801,337,238,99,941200823
32445001,330,217,113,895720821
34188529,287,199,88,949074919
33433009,264,186,78,925920683
34690609,422,295,127,964490809
30957481,285,191,94,850426433
34924849,353,248,105,971689765
30703201,328,234,94,842705129
32694001,328,217,111,903321717
34440121,254,167,87,956797949
32213281,271,184,87,888650789
30453721,313,214,99,835136595
31453249,317,224,93,865498911
31697929,309,194,115,872946181
33193561,392,244,148,918593175
31218289,453,309,144,858352597
32950201,365,255,110,911150043
33932329,337,237,100,941216103
32445121,314,211,103,895723743
33690001,298,206,92,933790083
30957649,403,274,129,850431383
30210289,403,278,125,827757047
32694169,283,201,82,903327213
34440961,312,205,107,956822255
34924969,333,228,105,971693563
32213329,275,189,86,888652187
31940329,392,272,120,880329565
31453321,234,173,61,865500915
34189009,360,259,101,949089469
30454201,400,283,117,835150965
33434209,318,227,91,925957721
30703369,318,213,105,842710001
34690681,234,162,72,964493593
33194281,387,242,145,918614817
31698241,324,224,100,872955259
31218721,343,237,106,858365455
33932761,390,264,126,941229789
32446009,352,240,112,895751589
32694601,290,209,81,903339771
31453969,301,208,93,865520325
34441369,382,254,128,956834303
34925041,453,311,142,971696353
30958729,375,269,106,850465135
32951209,332,247,85,911182269
33690409,323,214,109,933802521
30210601,263,182,81,827767511
32213689,307,196,111,888663107
34189849,244,169,75,949114789
33194449,309,232,77,918619557
31940521,399,295,104,880335271
30454729,508,348,160,835166733
31218769,348,241,107,858366823
33434689,352,245,107,925972379
30703681,297,193,104,842720219
33933001,436,314,122,941236299
32696329,383,258,125,903392615
32447209,336,228,108,895786875
31454161,366,261,105,865526181
34690849,352,250,102,964498267
31698361,453,322,131,872959021
34441801,346,238,108,956847515
34925689,423,302,121,971715535
32951641,371,255,116,911194491
32214361,387,269,118,888683459
30959881,332,231,101,850499217
31219729,356,242,114,858396601
33435361,313,217,96,925992641
30211801,311,203,108,827804195
33691249,386,276,110,933828561
30455401,434,287,147,835187133
33933169,420,287,133,941242041
32697169,466,351,115,903418205
31454809,243,164,79,865546143
31941289,416,284,132,880357897
33194569,314,234,80,918623571
34190041,297,215,82,949120111
32447809,254,189,65,895806525
34691161,345,256,89,964507855
30704521,240,168,72,842746619
32952529,311,213,98,911222121
31700041,343,230,113,873011243
34442521,320,230,90,956871335
31219801,326,242,84,858398881
32215129,395,282,113,888706883
33436201,369,271,98,926017907
34925881,309,203,106,971721781
32697961,438,327,111,903443009
30960841,372,253,119,850529481
31455649,229,143,86,865572453
30455569,293,195,98,835192923
33933481,289,192,97,941252031
32447881,259,176,83,895808901
30212401,337,234,103,827821643
33692569,309,213,96,933869559
33194641,309,222,87,918625725
34691281,235,172,63,964511425
32952649,321,215,106,911225439
31942129,383,275,108,880384207
31220281,291,208,83,858413809
34442689,412,295,117,956875757
30704689,351,240,111,842751185
34190209,312,223,89,949125517
32215369,353,254,99,888714545
33436369,299,195,104,926023481
31700209,494,372,122,873015599
31455841,356,254,102,865578087
32698009,352,243,109,903444011
30961081,310,230,80,850536393
30455881,327,217,110,835201851
32953321,360,251,109,911247213
33195241,300,224,76,918645367
31220641,252,168,84,858423871
34926361,401,279,122,971736559
30213289,427,310,117,827848717
30704809,271,194,77,842754713
33933769,258,187,71,941260371
32448649,332,226,106,895831671
32215681,210,140,70,888724409
34691689,447,305,142,964523569
34442809,386,277,109,956879441
31456441,243,152,91,865595937
33436489,278,184,94,926026991
32698129,346,234,112,903448355
33692689,411,263,148,933872277
31942681,246,170,76,880400611
31700881,406,271,135,873036269
34191361,286,189,97,949161565
31221961,258,189,69,858464443
32953489,480,341,139,911252037
33196489,409,286,123,918682525
30961681,228,154,74,850554795
30705049,289,211,78,842762033
32216641,355,244,111,888753575
30456241,317,201,116,835212665
31456849,423,320,103,865607493
33438049,332,229,103,926074517
30215089,315,206,109,827902501
34692001,305,219,86,964532983
33934441,330,247,83,941281311
34927369,241,151,90,971766631
32449561,333,226,107,895860501
34443049,417,315,102,956887073
32699881,325,216,109,903502895
31942969,349,236,113,880408903
31222129,340,249,91,858469585
30961729,366,263,103,850556223
30705361,372,255,117,842771129
33693529,284,187,97,933898317
32953729,468,323,145,911258697
31702129,351,262,89,873074585
34191721,362,271,91,949172881
30215161,339,230,109,827905699
31457329,393,270,123,865623087
33438241,372,248,124,926080769
34693969,348,245,103,964593617
33197641,420,283,137,918717553
32216689,360,260,100,888755519
30456721,327,212,115,835226507
33935521,264,179,85,941314557
34443361,308,212,96,956896919
30961921,255,161,94,850561959
30705889,354,237,117,842786783
31222249,353,248,105,858472741
32450329,316,202,114,895884389
34927561,362,262,100,971772511
32700361,364,258,106,903517473
31457449,376,274,102,865626927
32954401,320,236,84,911280153
30215329,282,202,80,827910163
31702729,304,198,106,873092819
31943209,294,219,75,880416661
33439849,243,165,78,926129803
33695041,315,208,107,933945021
32216881,392,294,98,888760319
33936121,331,227,104,941332857
30706321,461,312,149,842800969
33197761,224,141,83,918721249
31223161,296,190,106,858500935
34192201,340,235,105,949186927
34694041,312,221,91,964595957
34444369,301,195,106,956926637
30457249,264,182,82,835242653
30963529,289,204,85,850609851
30215641,375,264,111,827919121
31458169,347,234,113,865649277
31703281,318,213,105,873108671
32450881,392,266,126,895900055
32217049,342,242,100,888765069
31943641,320,217,103,880430851
30707881,293,199,94,842847331
34927729,350,254,96,971777689
32700529,268,174,94,903522153
31223641,292,209,83,858515629
32954881,373,254,119,911293743
33937129,342,242,100,941363709
33440401,353,265,88,926146795
33695881,432,323,109,933970929
30216169,363,276,87,827934877
31704241,401,284,117,873138311
33199009,443,295,148,918760045
31459201,243,156,87,865679693
32451169,288,188,100,895908179
30457561,352,250,102,835252355
34192369,380,256,124,949191709
34447009,293,196,97,957007349
34694689,343,248,95,964615613
30963601,304,215,89,850612539
31944889,405,273,132,880469509
32218201,305,227,78,888800931
30708241,283,186,97,842859391
31223761,471,331,140,858518617
30216481,265,182,83,827945653
31704961,307,222,85,873161117
31459849,419,288,131,865698863
32701369,317,218,99,903549051
32451409,323,229,94,895916501
32955001,320,205,115,911297937
34928161,284,196,88,971791627
34192489,333,236,97,949195603
34447921,303,193,110,957036599
33199321,261,180,81,918769873
33937201,224,143,81,941366733
34695649,320,216,104,964644845
33440521,259,174,85,926149717
33696121,321,226,95,933977745
31945201,304,210,94,880477885
30458521,296,193,103,835280867
30708721,283,183,100,842873221
30963769,310,230,80,850618143
30216601,334,225,109,827948935
31460809,346,240,106,865728647
32218489,427,294,133,888809127
32451721,262,188,74,895925555
34929241,333,236,97,971825635
34193209,304,204,100,949218325
33199489,332,221,111,918774085
31224481,382,249,133,858540403
34448521,300,200,100,957054389
34695721,275,187,88,964646633
31705081,299,202,97,873164465
32955409,390,254,136,911310579
31945369,270,188,82,880482985
32703001,321,214,107,903597609
30710401,296,229,67,842925109
33938689,346,230,116,941411025
30216649,297,193,104,827950291
33442081,331,219,112,926197477
30458569,340,237,103,835282349
33696889,296,223,73,934001331
31461049,312,218,94,865736387
32451889,391,267,124,895930499
30964249,340,233,107,850632879
33199849,397,279,118,918784783
34448929,359,250,109,957066803
32955889,330,223,107,911325351
31945561,359,247,112,880489387
32219401,412,269,143,888835899
34193569,402,262,140,949229065
30710689,252,159,93,842934211
31224649,298,167,131,858546667
34929721,253,172,81,971840377
33938881,245,167,78,941417943
30217441,323,217,106,827974285
31706329,433,311,122,873201869
31461361,302,218,84,865745975
33696961,244,175,69,934003605
34697161,266,166,100,964690889
32703049,283,203,80,903598791
30458689,420,278,142,835285781
33442441,359,239,120,926207923
33200449,316,223,93,918804007
32452081,312,216,96,895936547
32956009,274,182,92,911329185
34449241,269,175,94,957076985
31946209,301,211,90,880508323
30964369,374,272,102,850636275
30710929,315,226,89,842940331
30217489,330,218,112,827975389
34194409,369,268,101,949254505
31461481,385,252,133,865749347
31706929,303,206,97,873219833
33698281,351,245,106,934044879
32220169,348,233,115,888860589
32703241,345,229,116,903604461
31225681,285,199,86,858576343
33939049,304,206,98,941423367
34930009,281,201,80,971849041
32956249,361,262,99,911335743
33202201,428,308,120,918857049
31946881,379,248,131,880528333
34697329,441,313,128,964695545
30218161,279,200,79,827995543
34449529,267,173,94,957085871
30711361,366,248,118,842953201
30459241,378,270,108,835304039
33443209,353,256,97,926232067
30965281,281,194,87,850664877
32452681,326,229,97,895954763
34195081,442,302,140,949274893
33698569,357,245,112,934052745
33939481,285,174,111,941437137
31462729,267,192,75,865787063
31707649,362,255,107,873240923
30218329,231,149,82,828000295
31947889,378,250,128,880558435
32220241,213,146,67,888863025
32956921,372,254,118,911356137
31225849,357,269,88,858582531
30711409,226,160,66,842955001
32703409,301,212,89,903610143
33443281,293,201,92,926234515
33202681,359,252,107,918872045
34450081,344,239,105,957102083
34931569,394,271,123,971895683
30965761,351,247,104,850678461
30459601,287,205,82,835314461
34700089,384,249,135,964780547
34195729,307,205,102,949295347
31948681,365,260,105,880584325
31226521,324,231,93,858603093
30712441,340,226,114,842985775
32452921,296,213,83,895961801
32957401,251,154,97,911371593
31463161,386,269,117,865800701
33443881,226,139,87,926252059
33941209,377,266,111,941488911
33202969,388,280,108,918880319
30218689,307,211,96,828011203
34450369,358,264,94,957110411
33699241,274,196,78,934073481
31708441,359,257,102,873265649
32220841,402,270,132,888880559
30966049,233,151,82,850686555
32703721,434,286,148,903620121
34932361,321,225,96,971919971
30713041,316,221,95,843004459
31948921,252,175,77,880591147
30460081,236,157,79,835328985
32957521,312,204,108,911374845
31463329,339,230,109,865806611
30219289,315,221,94,828028693
34195849,266,182,84,949298767
33443929,310,206,104,926254045
34700401,234,160,74,964791155
33203041,272,181,91,918883079
31228369,309,208,101,858659181
30966601,380,249,131,850703709
32453401,409,283,126,895976375
32703889,261,176,85,903625305
33942049,417,278,139,941513865
31708609,290,185,105,873271103
30714601,301,199,102,843051471
34934089,273,183,90,971973947
33699409,388,255,133,934078335
34451089,323,227,96,957134063
31949521,355,241,114,880610131
32221081,370,236,134,888888299
31464001,374,247,127,865826279
30219529,438,318,120,828036169
32957569,298,193,105,911376243
30460369,299,213,86,835337109
33444289,377,248,129,926265499
30966769,354,248,106,850708707
33203641,266,183,83,918902081
32704249,523,378,145,903636069
34196521,293,194,99,949319081
31228801,355,270,85,858672975
34700569,426,306,120,964795421
31951201,390,273,117,880660783
30715129,226,153,73,843067665
34934209,356,253,103,971977799
32453521,255,192,63,895981235
31464409,373,263,110,865837751
31709281,356,272,84,873291797
30221041,364,244,120,828081937
33942409,459,312,147,941524595
34451281,342,237,105,957139739
30966889,417,276,141,850712613
33699961,265,182,83,934096269
32221249,345,231,114,888893465
30461209,241,162,79,835363455
32959249,329,226,103,911429097
33444721,319,205,114,926279743
33204049,379,248,131,918913781
32705401,238,166,72,903671079
31229041,411,271,140,858680151
34196761,401,279,122,949326491
31951441,300,204,96,880668847
31465561,297,182,115,865873349
34934281,463,325,138,971979581
30221209,427,305,122,828088675
30716281,350,241,109,843102555
34700929,313,203,110,964807229
32455081,330,243,87,896028335
32959369,279,198,81,911432385
31709449,378,282,96,873297383
30462049,388,260,128,835387869
33700921,341,230,111,934125579
33445129,281,191,90,926291071
33942889,328,232,96,941539673
30967561,375,257,118,850733355
31465849,340,246,94,865881137
31951921,222,157,65,880685077
31229641,304,216,88,858698253
32223409,257,173,84,888959993
34452049,346,230,116,957162155
34197601,341,245,96,949351361
34934929,413,285,128,971999939
33204481,332,232,100,918926309
30221689,334,228,106,828102439
30716641,359,246,113,843112905
32705689,327,234,93,903679401
30462769,282,193,89,835411065
32959609,294,204,90,911439465
34701241,345,212,133,964817369
33445609,407,275,132,926304961
31952449,311,215,96,880700441
32455201,270,191,79,896032193
31710361,314,217,97,873325659
31466089,434,313,121,865889465
34199281,251,186,65,949404271
30718249,256,164,92,843162263
30222721,212,144,68,828134359
34935721,361,233,128,972023903
33702001,354,242,112,934158227
30968449,316,211,105,850760683
33943081,427,291,136,941545631
31230049,340,231,109,858709977
32224201,242,168,74,888984287
30462889,513,348,165,835414611
34452289,260,177,83,957170171
33205321,354,244,110,918952895
34701409,370,261,109,964822157
32706241,333,215,118,903696345
33445969,370,264,106,926315835
31952761,347,229,118,880709315
32960089,347,253,94,911453103
30718921,248,179,69,843182759
30223201,350,244,106,828147679
34200289,364,269,95,949434955
31466401,303,204,99,865899365
34935961,392,257,135,972030923
31710529,321,224,97,873329775
30462961,282,191,91,835417401
32456761,278,198,80,896078849
30970081,263,168,95,850808437
31231561,372,259,113,858757245
34702081,351,227,124,964843325
33702481,338,257,81,934172913
34452721,344,243,101,957183209
31952881,227,160,67,880712717
30719761,341,227,114,843208571
33943681,311,221,90,941565527
32225041,298,197,101,889010051
32960209,363,258,105,911456757
30223321,395,278,117,828151345
31466689,371,274,97,865908287
33206161,350,250,100,918978527
34200769,249,161,88,949450219
34936129,362,246,116,972036191
32706361,353,245,108,903700755
33446641,392,269,123,926336565
31231729,224,147,77,858762045
30463129,350,239,111,835422243
30719809,360,235,125,843210281
32456929,445,301,144,896083871
33702601,343,247,96,934176279
31712041,277,188,89,873375561
32961121,386,271,115,911485815
30224209,341,234,107,828178609
34452961,362,243,119,957190043
30971089,357,262,95,850839469
33944401,280,183,97,941587817
34702201,338,235,103,964846349
31953289,303,191,112,880724531
34201969,317,217,100,949486045
31468201,397,276,121,865954529
32225929,341,224,117,889037249
31232401,355,240,115,858782583
33206209,239,176,63,918979877
32706601,268,182,86,903708111
33703009,385,263,122,934188729
30225721,391,273,118,828224557
34936729,308,223,85,972054941
33447289,413,288,125,926356533
32961769,367,262,105,911505057
30972769,299,222,77,850891015
34453561,338,244,94,957209177
30719929,343,235,108,843213563
33944569,436,324,112,941592461
30463561,477,359,118,835434729
34203121,392,269,123,949522285
32457121,325,237,88,896089883
31712521,232,157,75,873390105
31468369,306,204,102,865959143
31232569,269,174,95,858787257
31953721,410,281,129,880737449
34703089,386,262,124,964873703
32228281,367,239,128,889108433
33705361,314,228,86,934260993
30974329,303,199,104,850938661
32962561,333,237,96,911528639
30226081,371,245,126,828235879
30720601,395,291,104,843233687
33945529,412,282,130,941620463
33206401,340,231,109,918986051
34453729,350,239,111,957214451
32706769,372,261,111,903712911
34203241,355,250,105,949525579
33447649,284,196,88,926367885
31469041,328,247,81,865979291
34937401,312,199,113,972075623
30463801,302,204,98,835442067
31232881,285,207,78,858796653
31712809,368,258,110,873398147
32457289,334,243,91,896095535
30976969,392,266,126,851018987
31954729,235,172,63,880769249
33706009,308,216,92,934280745
30227929,383,250,133,828291637
32962801,240,172,68,911536385
33945601,312,201,111,941622695
30721849,411,310,101,843271463
34453801,337,225,112,957216737
32229961,242,169,73,889159955
34704049,345,249,96,964903205
34203409,453,316,137,949530163
31469209,379,262,117,865985045
31233049,359,252,107,858801711
33208009,404,262,142,919035731
32707369,335,225,110,903731415
31954969,457,324,133,880775405
30228241,337,231,106,828300833
33706129,515,373,142,934284585
30464281,372,228,144,835456737
33448081,398,320,78,926381607
32963641,352,253,99,911561681
34937809,313,199,114,972088427
30722521,360,247,113,843292325
30977041,411,288,123,851021153
33946609,432,314,118,941653913
31714201,359,229,130,873441659
32458609,371,254,117,896135165
34203649,300,211,89,949538455
34704121,277,195,82,964905833
31469761,249,171,78,866001221
31233409,318,218,100,858812409
34455409,327,215,112,957264737
32230129,287,191,96,889165031
30228361,282,200,82,828304085
33706369,363,255,108,934292025
31955281,261,179,82,880785761
30723001,284,185,99,843307793
33208249,432,297,135,919042439
32708041,329,227,102,903751163
32964121,336,213,123,911576813
30466081,383,265,118,835511553
34204081,382,267,115,949551499
33948049,387,279,108,941698595
34704289,332,218,114,964910897
30977521,211,146,65,851035895
33448249,400,260,140,926387133
31470721,363,231,132,866030333
31233721,315,228,87,858822825
34938121,295,215,80,972097409
31714321,294,196,98,873445445
32458969,324,211,113,896146667
30228529,327,228,99,828309131
34455961,338,241,97,957282473
33707689,347,231,116,934331409
32230801,255,173,82,889184915
30723169,286,198,88,843312239
31955641,341,226,115,880796105
34204249,443,305,138,949558159
34705729,255,187,68,964955225
30979369,310,222,88,851091983
31234009,335,229,106,858831075
33448321,291,201,90,926389395
31470889,299,208,91,866035943
30228769,310,199,111,828316931
30467161,342,228,114,835544065
34938481,385,266,119,972108137
32965081,443,322,121,911606537
33210409,318,216,102,919107401
32709769,279,184,95,903805247
34456129,297,200,97,957286691
31714369,306,216,90,873446627
33707809,369,255,114,934335717
33948769,290,198,92,941721497
32459569,269,176,93,896164499
31234561,279,189,90,858847425
34705969,294,185,109,964962215
30723841,235,160,75,843332429
34204801,225,161,64,949575111
30229201,220,162,58,828330545
31472449,342,231,111,866082559
32230969,335,226,109,889189709
30979489,396,275,121,851095121
34939321,379,257,122,972134687
31956241,370,240,130,880814555
31714489,336,232,104,873450359
33708049,321,221,100,934343103
32965321,254,174,80,911613047
30467329,381,260,121,835549501
33448489,462,317,145,926394207
34456249,285,202,83,957290843
32709889,292,207,85,903808373
33210769,370,262,108,919118021
33949441,276,184,92,941740979
31234849,413,280,133,858855621
32459641,368,250,118,896166011
34205089,344,241,103,949583115
31473241,347,243,104,866107357
30979561,425,281,144,851097305
31715569,368,252,116,873482177
30723961,296,199,97,843336005
34940089,452,324,128,972157565
30229249,358,256,102,828331523
34706281,333,240,93,964971767
32965921,325,236,89,911632271
33708361,380,257,123,934352679
32231929,400,274,126,889218425
31956961,230,154,76,880837379
34456489,437,308,129,957297335
33949801,365,264,101,941752097
31235521,393,275,118,858876621
30469609,303,207,96,835619455
31474129,323,209,114,866132935
30980161,334,228,106,851116427
33449089,332,232,100,926413155
32710129,272,189,83,903815111
34205641,358,250,108,949600641
33211249,372,247,125,919134305
31715881,332,228,104,873492173
32966761,273,194,79,911658023
32460121,311,203,108,896181941
34940161,296,206,90,972160877
31957129,306,202,104,880841873
33708481,232,161,71,934356189
31235689,368,254,114,858881883
30724201,351,223,128,843343625
30229609,303,220,83,828341999
34456801,247,169,78,957309077
33951121,231,165,66,941792831
34706641,274,192,82,964982945
32232001,324,234,90,889221395
30980881,310,208,102,851137787
31474249,329,237,92,866137401
34206001,411,281,130,949611279
30469849,293,210,83,835625707
31717249,308,217,91,873534543
32966809,297,204,93,911659475
31957801,342,235,107,880862501
33449161,336,231,105,926415975
32710441,293,209,84,903824699
33211441,278,178,100,919139777
31237441,269,182,87,858935147
33709201,384,266,118,934377567
34940329,370,261,109,972165815
30230089,368,257,111,828357329
32461489,403,274,129,896222903
33951409,408,285,123,941801159
30724801,415,256,159,843361799
31474489,375,264,111,866144757
30981409,476,315,161,851153411
34457809,309,196,113,957340567
32966929,349,239,110,911662511
31958089,298,220,78,880871681
32232481,309,220,89,889237109
34707121,291,205,86,964997795
31717729,322,217,105,873549045
30470161,386,278,108,835635619
31238929,302,210,92,858979865
30230281,401,262,139,828362921
33709321,377,234,143,934381305
34206169,448,297,151,949616013
34940641,359,259,100,972175763
33211921,322,237,85,919154513
31474801,233,166,67,866155125
32710801,343,259,84,903835859
33449929,337,239,98,926439081
30981721,251,174,77,851163305
33951481,325,218,107,941803193
34458169,331,229,102,957350551
32461801,280,211,69,896233859
31959001,308,212,96,880898849
30726529,340,236,104,843413747
32967169,320,224,96,911670671
31239721,422,295,127,859003961
33710041,308,192,116,934404739
32232649,285,198,87,889241681
34206481,289,189,100,949626603
31717849,405,295,110,873553899
34940761,314,227,87,972179465
30470449,285,195,90,835643687
31474969,288,202,86,866159577
30982009,392,269,123,851171507
30230449,426,298,128,828368147
34707481,331,230,101,965008649
33450841,319,215,104,926466771
31959649,408,290,118,880918367
33212089,309,212,97,919159433
32710969,349,237,112,903841049
32967769,359,248,111,911688603
33952249,374,258,116,941827559
33710329,318,228,90,934413271
30727561,338,231,107,843444755
31718689,339,236,103,873577695
32462761,294,218,76,896263769
32232769,473,324,149,889244651
31475089,442,322,120,866163207
34940809,418,309,109,972181199
31239961,222,151,71,859011533
34458481,285,196,89,957361213
30982561,309,211,98,851188529
34207321,369,244,125,949651305
33451849,455,334,121,926497437
34708129,343,241,102,965028233
30470689,400,280,120,835650959
30232729,460,336,124,828437489
33711049,298,206,92,934435411
31959841,300,206,94,880923659
31475929,326,215,111,866188857
33212449,332,226,106,919170905
30982681,316,228,88,851191511
32967841,343,236,107,911690769
34459441,303,203,100,957390583
34940929,239,152,87,972184601
32711401,424,292,132,903853757
32233009,304,203,101,889252505
31719361,311,212,99,873598971
33452161,252,168,84,926507145
34207609,441,319,122,949660011
33952801,277,190,87,941844695
30727729,356,254,102,843450137
34708489,531,342,189,965039111
32462929,236,160,76,896268605
31240129,367,269,98,859015577
30472369,384,282,102,835701749
31960321,260,171,89,880939037
33711241,241,162,79,934440871
30233641,223,147,76,828466499
31476169,276,194,82,866196345
34459489,321,219,102,957391729
34941481,312,231,81,972200813
33452449,320,214,106,926516013
34208281,559,362,197,949680963
30982849,324,220,104,851197157
32233441,337,218,119,889264727
33213049,254,175,79,919188149
34709809,261,181,80,965081351
31719409,379,265,114,873600417
31241281,303,209,94,859051235
32968849,224,151,73,911721921
32711641,240,171,69,903861095
30728041,380,296,84,843459899
33953089,249,181,68,941854055
33711841,287,204,83,934459909
32463481,309,217,92,896285333
31477321,347,220,127,866230401
34459849,356,239,117,957402313
30473041,277,187,90,835722323
30984361,248,165,83,851243269
30233809,290,197,93,828471311
31960441,296,221,75,880942211
34941649,346,221,125,972205481
34209001,345,240,105,949704375
33453001,323,231,92,926532639
34709929,358,252,106,965084507
32233609,329,230,99,889270757
32969689,246,156,90,911746589
31719769,273,171,102,873610399
32712481,329,219,110,903886241
33213289,353,256,97,919196705
33712009,321,229,92,934464463
31241401,282,198,84,859054787
30728569,236,158,78,843475361
34461961,358,271,87,957466435
30234649,272,170,102,828496259
30984409,291,204,87,851244517
31960609,353,241,112,880948223
32463601,327,209,118,896288435
33953329,276,183,93,941860511
31478521,332,235,97,866267883
32235169,355,247,108,889318667
30474049,395,267,128,835753247
33453289,326,218,108,926540151
31720609,384,274,110,873636631
34710001,301,216,85,965087021
34209289,282,189,93,949713369
32712961,356,250,106,903902675
34941769,338,246,92,972209171
32970169,349,234,115,911761547
33712249,303,201,102,934471357
33213769,365,254,111,919211231
30234961,262,188,74,828505043
34462201,266,175,91,957473947
31962121,237,158,79,880994433
31241641,337,229,108,859061399
30729001,294,208,86,843488651
31479001,285,205,80,866282763
32236129,390,280,110,889347539
31722049,340,237,103,873680137
30985081,418,297,121,851265037
33454009,320,225,95,926562459
34710649,286,208,78,965107499
32464009,365,249,116,896300849
30475321,394,283,111,835791521
34209361,364,254,110,949714971
33954001,361,253,108,941880761
33712561,275,198,77,934481347
30235921,212,151,61,828534977
32713249,365,240,125,903911561
31962169,450,307,143,880995591
34462369,469,334,135,957478819
32970841,352,248,104,911781365
34944121,284,198,86,972281099
31479289,337,234,103,866290995
31722601,298,200,98,873697369
33215449,318,215,103,919263347
32236801,302,201,101,889367585
33454849,379,268,111,926588009
31241809,251,171,80,859067957
34711009,343,229,114,965117489
30985609,343,234,109,851281765
30729409,329,230,99,843501845
33712729,378,264,114,934485913
31962289,380,274,106,880999341
32713489,334,223,111,903918257
30475369,343,246,97,835793549
34210369,384,279,105,949745319
32464609,466,332,134,896318681
34462969,402,287,115,957498307
33954769,318,219,99,941903399
30236929,359,224,135,828565001
31479961,390,275,115,866311935
31722721,334,237,97,873700555
32236969,366,252,114,889372343
34944289,372,261,111,972285683
30985921,311,208,103,851291605
33454969,499,327,172,926591147
34711489,343,240,103,965132967
32971129,296,213,83,911791007
33714529,316,233,83,934542025
33216289,481,348,133,919287269
31962361,343,242,101,881001789
31242961,334,236,98,859103213
30729841,335,231,104,843514673
30238441,311,212,99,828610295
31480129,327,228,99,866316879
34211809,371,252,119,949788525
30477169,411,288,123,835848269
34464361,405,295,110,957540937
32713921,312,208,104,903931301
32464681,472,329,143,896321501
30986089,366,238,128,851295763
32237041,329,221,108,889374803
31723609,290,186,104,873727375
34944841,286,196,90,972304389
34711681,301,211,90,965138283
33954841,444,328,116,941905355
33716281,304,213,91,934594663
31963801,260,176,84,881045283
33455689,339,248,91,926613647
31480201,251,176,75,866318679
32971201,396,268,128,911793203
30729889,258,177,81,843515789
31243249,359,238,121,859112297
33216409,369,252,117,919291571
34212361,313,227,86,949805961
32715601,315,211,104,903983759
30986209,361,257,104,851299537
31723801,396,277,119,873733939
30239281,298,212,86,828635483
32237209,318,211,107,889380731
34464721,349,257,92,957551437
30477409,330,220,110,835855657
34945201,315,219,96,972314973
34711849,267,185,82,965143581
32465161,294,201,93,896336009
33955321,384,255,129,941920703
31480369,431,275,156,866323155
30730561,256,175,81,843537533
33716929,316,207,109,934614535
30987289,337,233,104,851331919
31964521,249,169,80,881066853
31724569,368,244,124,873757879
30239689,338,221,117,828648089
32237809,336,231,105,889398557
33455809,306,207,99,926617355
32971369,359,257,102,911798057
31243321,346,231,115,859113923
34945681,243,181,62,972330489
34466161,250,164,86,957596605
34712329,392,293,99,965157717
34212481,273,186,87,949809147
33216481,334,224,110,919293971
32715841,331,235,96,903990773
33955849,306,202,104,941937749
31480681,301,195,106,866333313
30477721,282,191,91,835864969
30987769,384,271,113,851346985
32465449,302,206,96,896344319
31724809,432,296,136,873763873
30731089,263,179,84,843552323
30240121,413,292,121,828660275
32238049,456,316,140,889405271
34466881,309,220,89,957619015
33717601,302,218,84,934635283
31964809,418,280,138,881075007
34945849,288,208,80,972335973
31480849,280,201,79,866337981
34212889,292,186,106,949822479
34713001,294,214,80,965178873
33956281,314,222,92,941951453
33456361,274,177,97,926634787
32971681,343,242,101,911807489
31243921,359,250,109,859132385
30987961,369,251,118,851352685
33216649,269,193,76,919299179
32716681,349,246,103,904015631
31725241,408,287,121,873777589
30478081,346,253,93,835874707
32238361,286,193,93,889415177
30240169,313,207,106,828661625
30731521,355,249,106,843565475
31965361,311,216,95,881092821
31481521,287,193,94,866358921
32465689,261,190,71,896351779
34213561,403,276,127,949842845
33956521,261,175,86,941958389
30990409,382,267,115,851426887
34946689,394,293,101,972360669
34467049,348,245,103,957624007
33456529,407,286,121,926639827
33717769,418,309,109,934640515
31726801,319,241,78,873824981
32238529,400,286,114,889419869
30240289,297,200,97,828667019
31245001,304,207,97,859164833
34713529,456,296,160,965194311
32972689,330,222,108,911837813
30478561,321,208,113,835890151
31482889,330,235,95,866400003
31965529,345,218,127,881096931
32719201,329,223,106,904092279
33217969,361,254,107,919340663
30731689,300,210,90,843571109
30990961,234,150,84,851445361
33957169,317,219,98,941978861
34947481,421,310,111,972384939
34214161,374,278,96,949860527
32466121,295,200,95,896364547
30240961,287,192,95,828687581
32239369,335,230,105,889447073
34714369,360,255,105,965220267
33456649,382,276,106,926643247
32972881,493,348,145,911842661
31483369,307,217,90,866416005
34467841,253,172,81,957647413
31727329,349,227,122,873841007
31245169,344,242,102,859169801
33717889,304,214,90,934643971
31965649,279,182,97,881100543
30991249,324,224,100,851453029
32720041,336,224,112,904118211
33957529,356,264,92,941988881
30478729,402,290,112,835894873
34214569,497,350,147,949872593
30241009,360,265,95,828689033
32239729,231,169,62,889457425
33218089,350,231,119,919343783
30732409,437,298,139,843592109
33456721,241,168,73,926646445
34948321,370,253,117,972410505
32973361,249,168,81,911860163
31484161,281,201,80,866439303
34715041,337,234,103,965240943
32466169,388,275,113,896365975
31728649,352,259,93,873880755
31965721,344,230,114,881102751
30481609,316,220,96,835982257
30241681,360,257,103,828709289
32240881,269,192,77,889491375
31245601,271,185,86,859182827
34215721,289,203,86,949909095
34468081,353,253,100,957654415
33717961,335,225,110,934646401
30991321,281,174,107,851454661
30732529,406,285,121,843594977
32720209,420,277,143,904122651
33957961,334,248,86,942002823
32975161,428,307,121,911914749
31484209,354,272,82,866440557
34715209,341,236,105,965246253
33218161,255,177,78,919346393
33456889,306,204,102,926651989
31728769,388,265,123,873884205
30482209,356,251,105,836000389
30242689,200,133,67,828738791
31965889,375,257,118,881109387
32241409,356,260,96,889508403
32466289,347,233,114,896369425
34948489,305,200,105,972415869
30732601,223,146,77,843598313
31245769,256,174,82,859187879
31484569,298,199,99,866451159
32975209,347,239,108,911916111
34216561,348,231,117,949935147
30991921,351,246,105,851472943
34469521,221,150,71,957699409
34715881,355,239,116,965266865
33718969,305,209,96,934678091
30482281,319,241,78,836003107
32720521,298,196,102,904133505
33218761,286,191,95,919363817
30242809,301,209,92,828742187
32241721,389,275,114,889517805
33958009,339,230,109,942004095
30732769,318,232,86,843603365
31966369,314,215,99,881123385
31729681,333,248,85,873911967
33457201,360,259,101,926660857
31485001,248,166,82,866464647
30992089,251,187,64,851478925
34949041,308,215,93,972432999
32467681,265,175,90,896412077
34470409,294,217,77,957725905
34717369,384,273,111,965312945
30482761,299,206,93,836017073
30243049,319,238,81,828749873
31246009,296,195,101,859194917
32975329,337,234,103,911920233
32243089,413,291,122,889559271
34216729,337,235,102,949940199
30733201,305,211,94,843616421
31967569,367,254,113,881159577
33958369,261,160,101,942013995
33719809,491,346,145,934703273
32720689,309,224,85,904138839
33219601,357,247,110,919390499
30992161,294,205,89,851480599
31730521,329,222,107,873937449
30483289,470,341,129,836033249
34470529,356,261,95,957729799
34718041,355,232,123,965333531
31485049,321,239,82,866465931
32243569,378,247,131,889574247
30244369,255,175,80,828790019
33458041,267,187,80,926687317
32468809,360,244,116,896446493
34949329,405,272,133,972441039
30733609,407,265,142,843628991
31970689,248,165,83,881254257
31246441,392,270,122,859207721
33958801,391,285,106,942027707
32975881,296,212,84,911936835
33219841,286,203,83,919396997
30993481,259,194,65,851520331
30483769,274,194,80,836047913
31731361,310,210,100,873963297
34216849,375,273,102,949943085
31485721,262,184,78,866486643
32244361,445,322,123,889597437
33721969,316,218,98,934769153
32721529,338,244,94,904163511
34718401,248,168,80,965344679
34471369,333,229,104,957755089
31970929,279,195,84,881261739
30244729,296,202,94,828802571
33959689,231,151,80,942055349
30733921,314,212,102,843638627
33458209,309,222,87,926691925
33220321,257,171,86,919411781
31246609,370,262,108,859213235
30483889,476,339,137,836051177
32469361,340,227,113,896464247
30993649,394,286,108,851525293
34949881,324,223,101,972460239
31731961,293,199,94,873981141
31485889,307,211,96,866492403
32976169,423,303,120,911945259
34719001,363,259,104,965363633
34216921,340,221,119,949945059
32245201,248,163,85,889623693
31971409,393,273,120,881276835
30245401,345,244,101,828821825
32722489,400,274,126,904192587
33960481,365,268,97,942079409
33723601,380,244,136,934818755
30484561,304,202,102,836070731
33220609,325,215,110,919420523
30994321,330,242,88,851545909
34473289,536,357,179,957814435
30734089,328,223,105,843642935
31247449,267,181,86,859238933
32976409,317,232,85,911953653
31486009,355,261,94,866495685
31732201,360,250,110,873988083
33458401,311,188,123,926697571
32471161,388,284,104,896518679
32245249,252,180,72,889624935
30246169,437,296,141,828844565
31971769,348,236,112,881287317
34950001,263,190,73,972463797
33960721,212,152,60,942087611
33221161,308,214,94,919437443
30994849,511,348,163,851561839
34217569,335,234,101,949966119
34719241,424,295,129,965370845
30484609,270,192,78,836072129
31248001,270,192,78,859256051
32976721,326,223,103,911962971
32722561,267,169,98,904194741
33723649,235,165,70,934820489
32245441,287,202,85,889633083
30246241,321,224,97,828846809
31972609,366,243,123,881313147
30735121,399,264,135,843674603
31733041,292,217,75,874013913
34474129,445,293,152,957840767
31490089,427,310,117,866619889
32471401,308,212,96,896525555
30995161,405,282,123,851571289
33458569,222,157,65,926703169
30484969,305,209,96,836083769
33961321,287,207,80,942105575
33222121,306,209,97,919465685
34720009,250,167,83,965394485
32723329,339,235,104,904218339
32246209,380,282,98,889655289
34950049,273,180,93,972465327
30247249,374,265,109,828876767
31973281,313,217,96,881334081
34217761,421,308,113,949971939
31248121,303,212,91,859259235
30735721,303,215,88,843692879
32976841,345,239,106,911965749
30995281,374,250,124,851575015
30485449,342,258,84,836099147
33724849,371,237,134,934857557
31733881,280,183,97,874040493
33961729,406,298,108,942117737
31490281,316,208,108,866626477
34720561,424,288,136,965410517
33222289,371,262,109,919469999
34474729,257,180,77,957859613
32472001,273,187,86,896544047
32246281,284,193,91,889658433
32724001,294,197,97,904239237
30247561,337,224,113,828886619
33458881,281,185,96,926712433
31248361,256,178,78,859266543
30735961,326,240,86,843700703
30995449,373,258,115,851579419
30485569,288,205,83,836102495
31973881,295,195,100,881352045
34951249,495,341,154,972501411
33963001,349,258,91,942156863
34218529,343,241,102,949994451
32977729,335,220,115,911994045
34720729,468,323,145,965416025
33223129,409,288,121,919497251
32246449,295,194,101,889663041
32724049,349,246,103,904240789
33725449,395,280,115,934876091
31734361,350,237,113,874055157
31249681,201,141,60,859307079
31491289,317,209,108,866656033
30247681,378,258,120,828890777
32472049,217,142,75,896545547
30995521,478,319,159,851582035
30736729,233,154,79,843724019
34475569,426,324,102,957885929
30485809,367,239,128,836109191
31974121,387,257,130,881359437
33459001,299,213,86,926716189
32246761,322,236,86,889672701
34721521,338,237,101,965440069
33223681,353,241,112,919515299
32977849,288,185,103,911997387
34219201,230,169,61,950015685
31492801,289,194,95,866701271
31734649,267,183,84,874063641
34952089,324,224,100,972526981
33963049,315,206,109,942158495
30996841,445,319,126,851621767
30486121,279,209,70,836118971
32724889,329,226,103,904265821
30737281,213,149,64,843739973
31974289,286,195,91,881364933
33726289,286,199,87,934900913
32472169,377,261,116,896549237
30247849,233,160,73,828895241
32246881,430,317,113,889676157
33223969,250,162,88,919524361
32977921,306,217,89,911999475
34477249,276,197,79,957937147
34220761,242,173,69,950063181
34721689,456,322,134,965445121
33459409,316,207,109,926727955
31734721,300,202,98,874065561
30997849,192,131,61,851652889
30486649,312,205,107,836135321
30737401,403,289,114,843743147
31974601,343,231,112,881374527
31493569,359,251,108,866724359
32725081,272,194,78,904271689
33964009,300,217,83,942188417
34954441,374,259,115,972598699
32247049,447,287,160,889680489
32473249,368,240,128,896581715
33224689,254,181,73,919545625
32978089,333,232,101,912004257
30248089,331,209,122,828901805
34220929,386,267,119,950068479
31734889,384,269,115,874070385
34721761,341,231,110,965448049
33726361,471,340,131,934903253
30998041,364,248,116,851659357
30487081,259,177,82,836149301
31974721,241,149,92,881377545
34477489,396,282,114,957943747
33460081,333,239,94,926749123
32725921,381,256,125,904297075
30737449,302,216,86,843744629
32473561,387,257,130,896591759
31493641,274,186,88,866726291
32978401,249,160,89,912013455
31735201,307,208,99,874080321
33224881,270,179,91,919551493
32247289,374,270,104,889688097
34221049,292,218,74,950072613
30248521,313,208,105,828915515
34722361,374,256,118,965464927
30487321,409,279,130,836156285
30998809,347,219,128,851682193
33964681,436,304,132,942207971
34954921,309,200,109,972614941
32726521,321,234,87,904315537
31974769,360,252,108,881378745
33726529,244,168,76,934909817
32473849,348,238,110,896601599
30738241,289,217,72,843770027
31494241,279,180,99,866745023
31735369,321,211,110,874086009
32978689,304,214,90,912022287
33226561,343,245,98,919602541
32248441,300,201,99,889723413
33460849,348,233,115,926772817
30487801,312,222,90,836170733
34221601,311,214,97,950089713
34478929,297,206,91,957988881
34722769,318,218,100,965477635
30998881,401,276,125,851684665
32727361,409,306,103,904342279
31976281,319,225,94,881425569
30738481,269,181,88,843776831
31495801,323,231,92,866793451
33964849,318,220,98,942213389
31735489,310,223,87,874089399
32473921,418,287,131,896603201
32979361,366,257,109,912043143
34956121,268,190,78,972652207
30487921,277,193,84,836174147
33226729,362,241,121,919607611
33461089,445,288,157,926780203
32248561,276,192,84,889726569
34222801,380,266,114,950126409
34723201,301,200,101,965490811
33727801,330,226,104,934949117
32728369,386,273,113,904372783
34479169,291,212,79,957996603
30739129,327,227,100,843796535
31976569,310,226,84,881434269
31495921,308,219,89,866796847
32474089,367,265,102,896609009
30489169,388,286,102,836211719
32979601,322,236,86,912050007
32248969,324,218,106,889739235
33463249,367,262,105,926845815
31736401,301,198,103,874117929
34223281,235,146,89,950140647
33964921,402,253,149,942215459
34723921,332,220,112,965514457
33227041,291,194,97,919617895
34956289,381,252,129,972656605
32728441,373,261,112,904375069
30740761,399,289,110,843848033
34479769,312,222,90,958014477
31496161,358,239,119,866804059
31976641,343,248,95,881436087
33728209,372,258,114,934960973
30489649,333,242,91,836225837
32474569,348,232,116,896623643
32980081,298,204,94,912065319
31738081,341,236,105,874168785
33463369,262,167,95,926850045
33965689,424,300,124,942239027
34724449,358,235,123,965531725
32729089,397,290,107,904394395
30740929,340,233,107,843852011
34958449,293,196,97,972722419
34224121,367,261,106,950166915
31496329,341,229,112,866809555
34480489,339,226,113,958036189
31977409,353,239,114,881460723
30489841,279,180,99,836232389
32475361,343,246,97,896647037
33227209,361,262,99,919622267
32980921,293,203,90,912091053
31738249,521,374,147,874173147
33463609,351,242,109,926856909
33965929,556,383,173,942246431
33729049,413,274,139,934986563
34725049,388,260,128,965548627
30741169,331,242,89,843859727
32729881,345,249,96,904418743
31496809,360,241,119,866823805
34958569,347,248,99,972725857
34480609,354,247,107,958040101
31978321,337,226,111,881486757
34224241,412,298,114,950170239
30490321,279,200,79,836246831
32475601,341,245,96,896655473
32981041,307,207,100,912094239
33464209,303,209,94,926875551
31739569,286,195,91,874214013
33966529,303,211,92,942265337
30741649,306,194,112,843874457
33227329,367,252,115,919625801
34725121,409,274,135,965550595
31497001,340,228,112,866830111
32730121,294,208,86,904425961
34481281,369,248,121,958059895
34958809,300,208,92,972733177
30490441,240,164,76,836250323
34225489,268,202,66,950208797
32476921,327,239,88,896694821
31979089,339,212,127,881510757
33729361,362,258,104,934996043
32981089,274,185,89,912095475
31739761,295,197,98,874219491
33465049,314,207,107,926901183
33966601,371,256,115,942267467
30744001,297,218,79,843944909
31497601,261,185,76,866848447
30490489,294,193,101,836251967
34725289,306,209,97,965555995
34481329,242,164,78,958061947
34959409,298,179,119,972751735
32730289,389,272,117,904431337
31979161,380,252,128,881513343
34227769,378,268,110,950277695
32477041,334,238,96,896698559
32981281,288,186,102,912100791
31741249,311,220,91,874264455
33228889,311,215,96,919672953
33465121,376,272,104,926903373
33967201,339,223,116,942285647
30744289,317,218,99,843952709
31498009,283,204,79,866861725
33729481,284,201,83,934999661
30491161,390,283,107,836271971
34725961,355,236,119,965577211
34482361,253,171,82,958094167
31979929,289,206,83,881535369
32730961,324,233,91,904450735
34960129,345,232,113,972774889
34228489,311,213,98,950300015
32477281,302,196,106,896705249
32981881,291,191,100,912119559
31742089,362,274,88,874290507
33465889,382,266,116,926927181
30745009,245,163,82,843975071
33968041,318,228,90,942311399
31498849,382,267,115,866886583
30491281,405,287,118,836275247
33229249,256,161,95,919684209
31980001,309,203,106,881537925
34726969,377,271,106,965607307
32477761,335,243,92,896719559
34960489,427,303,124,972785821
34482529,284,188,96,958098817
34228609,344,233,111,950303591
32982289,354,249,105,912132375
31742209,297,201,96,874294173
33729721,271,192,79,935006909
32731561,355,250,105,904469731
30746689,411,271,140,844025747
33466561,370,256,114,926947473
33968449,341,243,98,942323801
31499161,317,222,95,866896477
30492361,360,229,131,836308175
31981321,294,211,83,881578575
32477881,328,219,109,896722571
34727809,362,258,104,965633365
33229561,299,190,109,919695483
34961089,325,220,105,972804019
34228849,393,275,118,950310761
31742449,379,258,121,874301541
32983129,207,140,67,912156771
30747889,430,297,133,844061807
34483681,300,191,109,958134307
33730321,258,162,96,935025455
32731609,273,176,97,904471231
33467449,292,191,101,926974035
31499329,294,209,85,866901325
33968761,301,205,96,942334331
30492529,367,237,130,836313679
31981849,323,217,106,881594037
32479561,329,210,119,896775257
34728481,443,311,132,965654341
34230289,359,246,113,950355469
31742881,286,203,83,874314921
33230401,262,182,80,919720767
32983441,297,198,99,912167173
34484641,280,193,87,958162975
34961761,336,233,103,972825185
30748489,369,273,96,844080591
33730369,422,297,125,935026589
33467641,308,197,111,926979999
32731801,299,205,94,904477357
30492961,352,244,108,836326519
33968881,378,264,114,942337757
32479609,385,263,122,896777087
31982521,260,173,87,881615103
34728961,229,154,75,965668867
31743601,401,287,114,874336617
34230529,317,206,111,950363593
33230569,310,218,92,919725423
32985481,414,263,151,912228739
30748561,283,201,82,844082793
34484809,348,246,102,958168525
34962649,431,308,123,972852317
33730561,352,246,106,935033093
33468649,342,227,115,927010791
30493129,432,314,118,836331775
33969049,346,231,115,942342269
32731969,299,209,90,904482481
31983121,283,177,106,881633217
32480449,253,184,69,896802365
31743769,422,281,141,874341747
34729489,309,219,90,965684515
33230689,393,270,123,919728579
32985649,393,265,128,912234367
34231201,264,175,89,950383333
34485049,298,205,93,958176157
34962769,345,240,105,972856349
33731881,324,196,128,935073275
30493201,371,278,93,836333917
33468961,311,222,89,927020973
33970969,404,269,135,942402473
32732281,347,253,94,904491877
31984969,258,174,84,881691935
32480641,310,229,81,896807201
31744441,225,155,70,874364577
34730089,350,247,103,965702749
33230761,366,249,117,919730871
32986081,406,285,121,912247819
34231849,341,232,109,950402449
34486201,312,241,71,958213171
33732001,351,255,96,935076551
30494041,370,265,105,836359063
34962841,262,172,90,972858737
33469081,255,154,101,927023853
32732569,284,199,85,904500061
33971401,335,220,115,942415661
31985809,320,241,79,881716481
32481121,382,264,118,896823203
31744969,221,151,70,874379147
34730329,309,220,89,965710153
32986321,398,254,144,912255391
33231241,246,156,90,919745277
34231969,475,347,128,950406691
30494809,306,214,92,836382373
33732241,227,154,73,935084279
34486321,425,277,148,958216135
34963321,363,249,114,972872609
33470809,258,174,84,927078285
32733121,284,194,90,904517755
33975169,422,288,134,942530315
31985881,380,263,117,881718407
32481409,254,172,82,896830721
31745641,367,262,105,874398641
32986969,410,283,127,912275275
33231409,366,234,132,919750839
30494881,321,205,116,836384395
34731001,472,325,147,965732113
34232521,507,359,148,950423845
33732841,313,226,87,935103161
34486369,257,177,80,958218007
34963609,358,252,106,972881621
33470929,401,271,130,927082581
32734921,340,237,103,904573423
31986049,262,185,77,881722829
33975481,327,217,110,942539819
32481649,291,197,94,896838851
31746289,370,246,124,874418351
30495481,360,245,115,836402071
32987809,391,278,113,912301621
33231769,348,237,111,919761975
34731649,331,235,96,965751349
34233481,441,305,136,950453081
33733009,391,302,89,935108609
34486561,313,215,98,958224637
33471001,314,212,102,927084453
34965121,408,283,125,972927995
32735161,399,286,113,904580359
31986529,346,220,126,881737973
32482129,286,199,87,896853273
33976849,526,371,155,942581351
31746961,230,165,65,874439151
30495529,330,210,120,836403355
32988001,399,289,110,912307105
33232081,215,141,74,919770765
34731841,258,169,89,965757229
34235329,417,302,115,950509829
33733561,220,146,74,935124353
34487209,315,203,112,958243855
33471169,316,214,102,927089175
32735929,408,302,106,904604617
34965289,382,264,118,972933521
31988041,379,270,109,881783969
32482249,368,241,127,896857197
31747129,408,282,126,874444527
33977329,242,172,70,942596687
30495721,291,193,98,836409571
32988169,398,281,117,912311683
33232609,325,231,94,919787385
34732441,349,232,117,965775415
34236001,342,234,108,950531669
33733681,310,223,87,935127131
33471649,301,198,103,927102903
34487881,334,237,97,958264543
31988161,275,185,90,881787071
32736481,351,244,107,904620811
34965361,401,275,126,972935237
32483089,273,194,79,896882693
31748161,338,220,118,874475643
33977521,336,258,78,942602117
30495889,423,299,124,836414185
32988841,287,200,87,912331729
33234121,395,279,116,919833687
34733449,289,192,97,965808455
34236049,272,175,97,950533601
33733849,355,250,105,935132483
31988881,315,211,104,881809295
33471769,360,248,112,927106089
32737321,224,155,69,904646887
34488169,362,236,126,958273189
31748329,354,245,109,874480383
32483761,361,244,117,896903087
34965841,326,224,102,972950633
30496201,358,261,97,836424523
33978001,290,208,82,942617543
32989609,296,201,95,912356605
33234601,351,233,118,919848261
34733521,230,152,78,965811071
33734089,326,209,117,935140145
34236721,303,211,92,950553563
31989049,279,180,99,881814311
32738281,297,209,88,904675345
33472009,377,266,111,927115761
31749001,356,259,97,874501707
32484649,333,242,91,896931473
34488721,298,212,86,958289743
30496369,380,267,113,836429809
34966849,230,153,77,972981105
33979009,226,158,68,942647189
32990449,434,309,125,912381319
33234961,363,244,119,919858755
31989169,318,224,94,881817971
34733689,267,189,78,965815685
33734401,372,247,125,935150111
34237681,193,127,66,950582981
31749481,256,161,95,874516731
32738521,310,214,96,904682473
33472849,278,184,94,927141029
30496489,231,159,72,836433373
32484769,391,262,129,896934503
34489561,325,225,100,958314937
34967689,267,195,72,973006685
33979129,379,273,106,942651389
32991841,296,199,97,912425287
33235129,369,246,123,919864677
31989889,414,284,130,881839103
30497209,367,255,112,836456089
33735529,306,207,99,935184707
32739121,376,259,117,904701649
34237849,355,248,107,950588447
34734289,433,300,133,965833385
32485441,320,213,107,896954603
33473161,395,269,126,927151349
34490089,336,231,105,958330621
34968361,336,228,108,973027655
33979969,297,221,76,942677543
32992009,313,220,93,912429883
33235729,311,220,91,919882527
31990081,289,204,85,881844821
30497569,305,210,95,836466337
32739961,305,185,120,904726909
33736201,375,264,111,935204621
32485681,374,255,119,896961875
33473281,361,239,122,927154709
34238761,386,285,101,950615813
34734529,381,269,112,965840225
34491241,254,170,84,958366231
33980209,363,250,113,942685205
34968649,295,212,83,973036349
32992681,377,253,124,912450001
33236569,305,229,76,919907619
30498001,317,208,109,836481061
31990561,314,221,93,881860285
32740009,250,166,84,904727917
33736369,465,330,135,935210033
32486161,411,271,140,896975867
33473449,269,179,90,927159725
34238929,366,264,102,950620913
34735849,323,220,103,965880983
34491361,360,235,125,958369627
33980809,322,224,98,942702713
34969201,335,230,105,973054165
32993809,269,191,78,912484613
33236641,257,179,78,919909737
30499849,267,183,84,836536341
31992601,351,257,94,881923273
32740369,393,261,132,904739407
32487361,315,215,100,897013205
33736921,376,244,132,935226911
33474121,338,235,103,927179009
34239769,287,191,96,950646137
34736209,393,255,138,965892971
34491409,410,283,127,958370995
33981361,452,309,143,942719999
34969369,348,235,113,973059031
32993881,369,259,110,912486965
33236809,278,185,93,919916097
31993081,384,272,112,881937175
32740969,322,218,104,904757677
32488009,333,224,109,897032171
33737089,367,254,113,935232749
33474841,365,254,111,927200909
34240081,435,307,128,950656733
34736521,329,222,107,965901833
34492369,277,180,97,958400437
33981721,338,241,97,942730547
32994361,263,189,74,912500615
34970401,366,258,108,973090993
33237121,315,220,95,919925871
31993249,400,278,122,881942083
32741209,414,296,118,904764679
32488369,252,188,64,897043271
33475129,278,186,92,927210173
33739729,225,143,82,935313611
34240249,313,211,102,950661677
34737049,478,335,143,965917553
34492441,246,168,78,958402291
33982321,283,195,88,942750173
32995321,349,240,109,912529793
33237241,309,216,93,919928751
31993369,330,224,106,881945701
34971049,277,176,101,973110421
32741641,256,172,84,904778459
32489641,343,243,100,897083723
33475369,369,262,107,927217067
33740809,324,251,73,935346689
34241041,323,217,106,950685509
34737481,204,142,62,965931599
34492921,320,212,108,958417861
33984169,403,294,109,942807023
32996569,432,303,129,912568799
31993441,370,269,101,881948089
33237649,327,219,108,919941621
34971241,458,329,129,973115629
32742481,302,201,101,904803443
32490049,337,223,114,897095861
33476041,257,170,87,927238535
33742801,352,234,118,935408027
34241881,293,203,90,950711421
34737649,438,320,118,965936063
34493281,360,255,105,958428541
31994929,375,265,110,881992915
32997841,476,326,150,912607841
33984721,269,183,86,942823529
33237961,263,177,86,919951491
34971721,251,169,82,973132537
32742889,351,239,112,904816265
32490529,444,310,134,897109859
33476809,395,283,112,927262097
33743161,528,356,172,935418701
34242601,363,234,129,950734137
34737721,320,209,111,965938343
31995289,347,229,118,882003901
32998081,288,197,91,912615149
34493929,344,237,107,958448161
33984889,364,236,128,942828089
33238081,436,299,137,919954851
32743561,408,273,135,904836425
32490721,347,225,122,897116003
34971889,347,234,113,973136887
33477481,502,358,144,927282143
33743641,248,147,101,935433647
34242721,383,261,122,950737263
34738369,376,246,130,965958539
31996609,334,241,93,882045181
32998249,369,276,93,912620045
33238921,311,196,115,919980045
34494121,305,209,96,958454095
33985009,318,220,98,942832397
32743729,318,215,103,904841639
32491489,324,203,121,897139193
34973401,348,242,106,973183159
33477649,371,247,124,927287039
33743761,341,250,91,935436773
31997569,349,246,103,882074455
34242961,382,254,128,950744595
34738489,372,240,132,965962085
32998681,297,198,99,912633143
33238969,329,235,94,919981797
33985249,266,174,92,942839453
34494721,449,292,157,958471759
32744209,257,179,78,904855469
32491561,339,239,100,897141353
34973569,305,211,94,973187527
33478201,258,167,91,927303805
33744769,373,267,106,935467967
31998121,302,221,81,882091069
34243801,335,204,131,950770719
32999401,295,210,85,912656201
34739161,395,258,137,965982467
33239929,390,267,123,920009949
33986401,313,211,102,942875747
34494769,281,177,104,958473889
32745049,403,284,119,904881209
32492041,328,229,99,897156503
34974409,430,307,123,973214281
33478561,266,190,76,927315037
33745321,245,150,95,935487311
31998481,360,232,128,882101803
34244449,404,286,118,950790051
32999569,290,196,94,912660857
34739209,383,277,106,965983637
33240001,365,269,96,920012109
33987241,355,257,98,942900197
32745241,311,201,110,904887719
34495129,325,222,103,958485099
32493049,346,245,101,897186869
33479161,234,153,81,927332905
34975081,414,287,127,973234237
33745489,288,194,94,935492099
31998649,387,266,121,882106843
34245481,424,293,131,950822253
33240601,259,185,74,920031345
34739329,330,231,99,965987293
32745841,381,279,102,904906055
33987361,267,182,85,942904121
32494849,369,249,120,897243011
34495969,328,219,109,958511415
33479209,276,177,99,927333823
34975201,331,229,102,973237687
33745609,342,239,103,935495963
31999081,276,182,94,882119707
34245649,275,188,87,950826813
33240841,568,394,174,920038821
32746561,270,183,87,904928471
32495521,310,207,103,897263813
33987601,321,232,89,942912065
34739569,317,219,98,965995033
34497961,308,205,103,958573017
33480001,254,181,73,927359131
33746161,298,210,88,935512001
31999801,315,219,96,882141703
34975441,284,204,80,973245353
33241009,301,212,89,920044629
34246801,285,208,77,950862155
32746729,321,222,99,904933277
32495569,361,247,114,897265319
33987769,309,227,82,942916445
34740169,351,222,129,966014053
34498249,303,214,89,958581801
33480241,340,255,85,927366277
31999921,392,288,104,882145363
33746689,403,280,123,935526989
34977121,291,208,83,973296707
33241321,299,198,101,920053689
34247641,311,224,87,950887273
32746849,347,228,119,904936517
32496241,357,237,120,897285149
33988441,310,214,96,942935945
34740241,399,260,139,966015967
34498801,289,197,92,958598835
33480409,386,262,124,927371191
33747001,334,225,109,935536691
34977289,382,261,121,973301927
33242161,374,259,115,920079207
32747569,335,230,105,904958981
32496361,399,272,127,897288815
34248601,391,270,121,950917033
33988921,301,198,103,942952293
34741009,433,311,122,966039019
34498921,303,214,89,958601985
33481081,415,283,132,927392431
33747121,226,160,66,935540045
34977769,422,292,130,973316831
33242329,423,274,149,920084235
32747761,312,210,102,904964063
32496601,308,210,98,897296291
34249321,340,243,97,950939083
33989089,372,254,118,942956559
34741249,247,174,73,966047137
34498969,477,334,143,958603959
33481729,375,262,113,927411943
33747169,356,237,119,935541311
34979449,481,334,147,973368747
33242449,314,242,72,920087973
32497609,306,204,102,897326531
32748769,399,280,119,904996151
33989209,289,216,73,942960231
34741561,291,199,92,966057109
34499089,293,194,99,958607985
33483361,340,236,104,927461941
33747361,333,223,110,935547995
33244201,253,178,75,920143097
34980961,348,255,93,973415709
32498041,317,220,97,897339259
32749081,320,216,104,905005109
33989881,362,240,122,942981343
34741849,325,228,97,966065251
34499161,323,227,96,958609863
33484081,307,214,93,927484591
33747529,472,311,161,935552933
33244681,335,220,115,920156855
34981081,427,300,127,973418913
32498209,315,226,89,897343921
32749441,337,225,112,905015711
33990889,269,188,81,943012183
34741921,462,332,130,966067273
33484201,261,177,84,927487735
34499929,422,318,104,958632963
33747841,287,208,79,935562305
33245689,277,198,79,920187347
32499289,229,156,73,897376939
34982089,400,267,133,973450005
33990961,431,294,137,943013821
34742689,285,208,77,966091159
33485281,340,236,104,927520789
33748201,341,246,95,935572789
33245809,365,243,122,920190857
32499601,289,205,84,897387121
34982329,352,243,109,973458297
33992449,342,216,126,943060317
33486289,367,251,116,927551275
34743361,272,192,80,966111139
33748681,426,309,117,935587693
33246049,407,253,154,920197841
32499721,357,252,105,897390865
34982641,307,217,90,973468077
33993649,376,249,127,943097187
33486769,352,234,118,927566239
34743601,260,169,91,966118459
33749041,350,239,111,935598871
33246361,310,207,103,920208239
34983001,389,259,130,973479069
33994801,327,219,108,943133607
33487561,316,213,103,927590041
34744081,259,168,91,966133381
33246481,391,261,130,920211887
34983601,337,219,118,973497147
33994921,270,171,99,943136841
33487969,416,295,121,927602239
34744201,463,315,148,966136801
33246721,333,243,90,920218745
34984321,290,196,94,973518429
33994969,359,260,99,943138287
33488281,326,223,103,927612451
34745449,334,250,84,966176111
33248569,390,274,116,920275625
34984441,327,229,98,973522851
33995641,349,226,123,943158213
33488449,297,209,88,927617779
34745881,350,236,114,966188903
33249409,350,251,99,920300999
34984489,285,187,98,973524255
33995761,388,285,103,943161459
33488569,391,251,140,927620773
34746601,409,282,127,966211067
33249721,290,207,83,920311499
33996601,249,172,77,943187697
34985449,410,287,123,973553229
33489241,456,317,139,927640981
34746889,362,240,122,966219005
33996649,277,186,91,943188783
34987009,383,255,128,973602273
33489649,343,251,92,927654247
34746961,446,318,128,966220823
33997321,286,193,93,943209825
33489961,366,256,110,927663853
34987969,252,179,73,973631217
34747441,257,180,77,966237917
33997489,387,264,123,943214925
33490321,343,231,112,927674521
34988641,355,241,114,973651365
34747729,309,215,94,966246011
33997681,396,266,130,943220325
33490801,323,213,110,927689521
34988689,356,236,120,973653615
34748281,286,194,92,966261951
33491641,366,253,113,927714457
33997849,439,305,134,943225047
34989529,368,252,116,973678401
34748401,309,207,102,966266361
33491761,341,231,110,927718543
33998161,371,246,125,943234965
34989649,373,263,110,973682913
34749409,446,334,112,966296451
33491929,279,203,76,927723583
33999169,375,271,104,943265855
34990489,309,206,103,973708053
33493321,334,236,98,927766507
33999289,297,193,104,943269671
34991041,307,214,93,973725567
33495001,299,201,98,927817999
34991161,389,270,119,973729221
33495169,438,296,142,927822913
34992049,346,226,120,973755693
33495961,388,274,114,927846519
34992169,297,191,106,973759185
33496849,271,160,111,927875841
34993081,408,299,109,973787709
34993729,315,216,99,973808717
34994761,474,344,130,973839071
34996201,282,188,94,973884573
34996441,308,224,84,973891413
34997041,313,211,102,973910733
34997929,375,261,114,973937283
34999561,293,210,83,973987567
34999969,340,249,91,973999261
